$ LBLRTM_TEST
    1    1    1    0    0    0    0    0    0    1    1    0    0    0    0    0
    10.000  2000.000     4.000               0.040    36.000     0.000     0.001     1.000     0.000
    2    2  -58    1    1    8    1 0  1     0.000   100.000  1005.000     0.000    20.000
     0.010  1000.000   180.000
  1000.000   980.000   960.000   940.000   920.000   900.000   880.000   860.000
   840.000   820.000   800.000   780.000   760.000   740.000   720.000   700.000
   680.000   660.000   640.000   620.000   600.000   580.000   560.000   540.000
   520.000   500.000   480.000   460.000   440.000   420.000   400.000   380.000
   360.000   340.000   320.000   300.000   280.000   260.000   240.000   220.000
   200.000   180.000   160.000   140.000   120.000   100.000    80.000    60.000
    40.000    20.000    10.000     5.000     3.000     1.000     0.500     0.300
     0.100     0.050
$
    0    0    0    0    1    0    0    0    0    1   35    0    0    0    0    0
    10.000  2000.000     4.000               0.040    36.000     0.000     0.001     1.000     0.000
     0.000     0.000                    
ODdeflt_                                                  57
     0.250    12.000  1998.000    1    0    0    0.0000                  31    0
0.91141204
$
    0    0    0    0    1    0    0    0    0    1   35    0    0    0    0    0
    10.000  2000.000     4.000               0.040    36.000     0.000     0.001     1.000     0.000
     0.000     0.000                    
ODdeflt_                                                  57
     0.250    12.000  1998.000    1    0    0    0.0000                  32    0
0.59053314
$
    0    0    0    0    1    0    0    0    0    1   35    0    0    0    0    0
    10.000  2000.000     4.000               0.040    36.000     0.000     0.001     1.000     0.000
     0.000     0.000                    
ODdeflt_                                                  57
     0.250    12.000  1998.000    1    0    0    0.0000                  33    0
0.21234054
$
    0    0    0    0    1    0    0    0    0    1   36    0    0    0    0    0
    10.000  2000.000     4.000               0.040    36.000     0.000     0.001     1.000     0.000
   300.000     1.000                    
ODdeflt_                                                  57
     0.250    12.000  1998.000    1    0    0    0.0000                  61    0
0.91141204
$
    0    0    0    0    1    0    0    0    0    1   36    0    0    0    0    0
    10.000  2000.000     4.000               0.040    36.000     0.000     0.001     1.000     0.000
   300.000     1.000                    
ODdeflt_                                                  57
     0.250    12.000  1998.000    1    0    0    0.0000                  62    0
0.59053314
$
    0    0    0    0    1    0    0    0    0    1   36    0    0    0    0    0
    10.000  2000.000     4.000               0.040    36.000     0.000     0.001     1.000     0.000
   300.000     1.000                    
ODdeflt_                                                  57
     0.250    12.000  1998.000    1    0    0    0.0000                  63    0
0.21234054
%%
