     250 0.00023
     260 0.000398
     270 0.000655
     280 0.00102
     290 0.00153
     300 0.0022
     310 0.00307
     320 0.00418
     330 0.00555
     340 0.00722
     350 0.00921
     370 0.0142
     400 0.0244
     450 0.0485
     500 0.0793
     550 0.113
     555 0.116
     600 0.146
     650 0.175
   654.6 0.177  
     700 0.199
     750 0.217
     800 0.229
     900 0.238
    1000 0.232
    1050 0.225
    1100 0.217
    1150 0.207
    1200 0.197
    1300 0.176
    1400 0.156
    1500 0.137
    1540 0.13
    1600 0.12
    1700 0.105
    1800 0.092
    1900 0.0805
    2000 0.0705
    2100 0.0617
    2200 0.0538
    2300 0.0471
    2400 0.0418
    2500 0.0367
