%  340.0000 2000.0000    1.0000      1601
 0.0246106  340.0000
 0.0246229  401.0000
 0.0246352  402.0000
 0.0246476  403.0000
 0.0246601  404.0000
 0.0246726  405.0000
 0.0246852  406.0000
 0.0246978  407.0000
 0.0247104  408.0000
 0.0247232  409.0000
 0.0247359  410.0000
 0.0247488  411.0000
 0.0247616  412.0000
 0.0247746  413.0000
 0.0247876  414.0000
 0.0248006  415.0000
 0.0248137  416.0000
 0.0248269  417.0000
 0.0248401  418.0000
 0.0248534  419.0000
 0.0248667  420.0000
 0.0248801  421.0000
 0.0248936  422.0000
 0.0249071  423.0000
 0.0249207  424.0000
 0.0249343  425.0000
 0.0249480  426.0000
 0.0249617  427.0000
 0.0249755  428.0000
 0.0249894  429.0000
 0.0250033  430.0000
 0.0250173  431.0000
 0.0250314  432.0000
 0.0250455  433.0000
 0.0250597  434.0000
 0.0250739  435.0000
 0.0250882  436.0000
 0.0251026  437.0000
 0.0251170  438.0000
 0.0251315  439.0000
 0.0251460  440.0000
 0.0251606  441.0000
 0.0251753  442.0000
 0.0251901  443.0000
 0.0252049  444.0000
 0.0252198  445.0000
 0.0252347  446.0000
 0.0252497  447.0000
 0.0252648  448.0000
 0.0252799  449.0000
 0.0252951  450.0000
 0.0253104  451.0000
 0.0253258  452.0000
 0.0253412  453.0000
 0.0253567  454.0000
 0.0253722  455.0000
 0.0253879  456.0000
 0.0254035  457.0000
 0.0254193  458.0000
 0.0254351  459.0000
 0.0254510  460.0000
 0.0254670  461.0000
 0.0254831  462.0000
 0.0254992  463.0000
 0.0255154  464.0000
 0.0255316  465.0000
 0.0255480  466.0000
 0.0255644  467.0000
 0.0255809  468.0000
 0.0255974  469.0000
 0.0256141  470.0000
 0.0256308  471.0000
 0.0256476  472.0000
 0.0256644  473.0000
 0.0256814  474.0000
 0.0256984  475.0000
 0.0257155  476.0000
 0.0257326  477.0000
 0.0257499  478.0000
 0.0257672  479.0000
 0.0257846  480.0000
 0.0258021  481.0000
 0.0258196  482.0000
 0.0258373  483.0000
 0.0258550  484.0000
 0.0258728  485.0000
 0.0258907  486.0000
 0.0259086  487.0000
 0.0259267  488.0000
 0.0259448  489.0000
 0.0259630  490.0000
 0.0259813  491.0000
 0.0259996  492.0000
 0.0260181  493.0000
 0.0260366  494.0000
 0.0260552  495.0000
 0.0260739  496.0000
 0.0260927  497.0000
 0.0261116  498.0000
 0.0261305  499.0000
 0.0261496  500.0000
 0.0261687  501.0000
 0.0261879  502.0000
 0.0262072  503.0000
 0.0262266  504.0000
 0.0262460  505.0000
 0.0262656  506.0000
 0.0262852  507.0000
 0.0263049  508.0000
 0.0263247  509.0000
 0.0263446  510.0000
 0.0263646  511.0000
 0.0263847  512.0000
 0.0264049  513.0000
 0.0264251  514.0000
 0.0264455  515.0000
 0.0264659  516.0000
 0.0264864  517.0000
 0.0265070  518.0000
 0.0265277  519.0000
 0.0265485  520.0000
 0.0265694  521.0000
 0.0265904  522.0000
 0.0266114  523.0000
 0.0266326  524.0000
 0.0266538  525.0000
 0.0266752  526.0000
 0.0266966  527.0000
 0.0267181  528.0000
 0.0267397  529.0000
 0.0267614  530.0000
 0.0267832  531.0000
 0.0268051  532.0000
 0.0268271  533.0000
 0.0268491  534.0000
 0.0268713  535.0000
 0.0268935  536.0000
 0.0269159  537.0000
 0.0269383  538.0000
 0.0269608  539.0000
 0.0269834  540.0000
 0.0270061  541.0000
 0.0270289  542.0000
 0.0270518  543.0000
 0.0270748  544.0000
 0.0270978  545.0000
 0.0271210  546.0000
 0.0271442  547.0000
 0.0271676  548.0000
 0.0271910  549.0000
 0.0272145  550.0000
 0.0272381  551.0000
 0.0272618  552.0000
 0.0272856  553.0000
 0.0273095  554.0000
 0.0273334  555.0000
 0.0273575  556.0000
 0.0273816  557.0000
 0.0274058  558.0000
 0.0274301  559.0000
 0.0274545  560.0000
 0.0274789  561.0000
 0.0275035  562.0000
 0.0275281  563.0000
 0.0275528  564.0000
 0.0275776  565.0000
 0.0276025  566.0000
 0.0276275  567.0000
 0.0276525  568.0000
 0.0276776  569.0000
 0.0277028  570.0000
 0.0277280  571.0000
 0.0277534  572.0000
 0.0277788  573.0000
 0.0278042  574.0000
 0.0278298  575.0000
 0.0278554  576.0000
 0.0278811  577.0000
 0.0279068  578.0000
 0.0279326  579.0000
 0.0279585  580.0000
 0.0279844  581.0000
 0.0280104  582.0000
 0.0280364  583.0000
 0.0280625  584.0000
 0.0280887  585.0000
 0.0281149  586.0000
 0.0281411  587.0000
 0.0281674  588.0000
 0.0281938  589.0000
 0.0282201  590.0000
 0.0282466  591.0000
 0.0282730  592.0000
 0.0282995  593.0000
 0.0283260  594.0000
 0.0283526  595.0000
 0.0283791  596.0000
 0.0284057  597.0000
 0.0284323  598.0000
 0.0284590  599.0000
 0.0284856  600.0000
 0.0285122  601.0000
 0.0285389  602.0000
 0.0285655  603.0000
 0.0285921  604.0000
 0.0286188  605.0000
 0.0286454  606.0000
 0.0286720  607.0000
 0.0286985  608.0000
 0.0287251  609.0000
 0.0287516  610.0000
 0.0287781  611.0000
 0.0288045  612.0000
 0.0288309  613.0000
 0.0288572  614.0000
 0.0288835  615.0000
 0.0289097  616.0000
 0.0289358  617.0000
 0.0289619  618.0000
 0.0289878  619.0000
 0.0290137  620.0000
 0.0290395  621.0000
 0.0290651  622.0000
 0.0290907  623.0000
 0.0291161  624.0000
 0.0291414  625.0000
 0.0291665  626.0000
 0.0291915  627.0000
 0.0292164  628.0000
 0.0292411  629.0000
 0.0292656  630.0000
 0.0292899  631.0000
 0.0293140  632.0000
 0.0293379  633.0000
 0.0293616  634.0000
 0.0293851  635.0000
 0.0294083  636.0000
 0.0294313  637.0000
 0.0294540  638.0000
 0.0294765  639.0000
 0.0294986  640.0000
 0.0295205  641.0000
 0.0295420  642.0000
 0.0295632  643.0000
 0.0295841  644.0000
 0.0296046  645.0000
 0.0296247  646.0000
 0.0296445  647.0000
 0.0296638  648.0000
 0.0296828  649.0000
 0.0297012  650.0000
 0.0297193  651.0000
 0.0297368  652.0000
 0.0297539  653.0000
 0.0297704  654.0000
 0.0297865  655.0000
 0.0298019  656.0000
 0.0298168  657.0000
 0.0298311  658.0000
 0.0298448  659.0000
 0.0298579  660.0000
 0.0298703  661.0000
 0.0298821  662.0000
 0.0298931  663.0000
 0.0299034  664.0000
 0.0299129  665.0000
 0.0299217  666.0000
 0.0299297  667.0000
 0.0299368  668.0000
 0.0299431  669.0000
 0.0299485  670.0000
 0.0299530  671.0000
 0.0299565  672.0000
 0.0299591  673.0000
 0.0299606  674.0000
 0.0299612  675.0000
 0.0299606  676.0000
 0.0299590  677.0000
 0.0299562  678.0000
 0.0299523  679.0000
 0.0299472  680.0000
 0.0299408  681.0000
 0.0299332  682.0000
 0.0299242  683.0000
 0.0299139  684.0000
 0.0299023  685.0000
 0.0298892  686.0000
 0.0298747  687.0000
 0.0298586  688.0000
 0.0298411  689.0000
 0.0298220  690.0000
 0.0298012  691.0000
 0.0297788  692.0000
 0.0297547  693.0000
 0.0297289  694.0000
 0.0297012  695.0000
 0.0296718  696.0000
 0.0296405  697.0000
 0.0296072  698.0000
 0.0295721  699.0000
 0.0295349  700.0000
 0.0294957  701.0000
 0.0294543  702.0000
 0.0294109  703.0000
 0.0293653  704.0000
 0.0293175  705.0000
 0.0292674  706.0000
 0.0292149  707.0000
 0.0291602  708.0000
 0.0291030  709.0000
 0.0290434  710.0000
 0.0289814  711.0000
 0.0289168  712.0000
 0.0288496  713.0000
 0.0287798  714.0000
 0.0287074  715.0000
 0.0286323  716.0000
 0.0285545  717.0000
 0.0284739  718.0000
 0.0283905  719.0000
 0.0283043  720.0000
 0.0282153  721.0000
 0.0281233  722.0000
 0.0280284  723.0000
 0.0279306  724.0000
 0.0278298  725.0000
 0.0277260  726.0000
 0.0276191  727.0000
 0.0275093  728.0000
 0.0273963  729.0000
 0.0272803  730.0000
 0.0271612  731.0000
 0.0270390  732.0000
 0.0269137  733.0000
 0.0267853  734.0000
 0.0266538  735.0000
 0.0265192  736.0000
 0.0263815  737.0000
 0.0262407  738.0000
 0.0260969  739.0000
 0.0259500  740.0000
 0.0258000  741.0000
 0.0256471  742.0000
 0.0254911  743.0000
 0.0253322  744.0000
 0.0251704  745.0000
 0.0250057  746.0000
 0.0248382  747.0000
 0.0246680  748.0000
 0.0244949  749.0000
 0.0243193  750.0000
 0.0241410  751.0000
 0.0239601  752.0000
 0.0237768  753.0000
 0.0235911  754.0000
 0.0234030  755.0000
 0.0232128  756.0000
 0.0230203  757.0000
 0.0228258  758.0000
 0.0226293  759.0000
 0.0224310  760.0000
 0.0222308  761.0000
 0.0220290  762.0000
 0.0218256  763.0000
 0.0216207  764.0000
 0.0214145  765.0000
 0.0212071  766.0000
 0.0209985  767.0000
 0.0207889  768.0000
 0.0205785  769.0000
 0.0203673  770.0000
 0.0201554  771.0000
 0.0199431  772.0000
 0.0197303  773.0000
 0.0195173  774.0000
 0.0193042  775.0000
 0.0190911  776.0000
 0.0188781  777.0000
 0.0186654  778.0000
 0.0184530  779.0000
 0.0182412  780.0000
 0.0180300  781.0000
 0.0178195  782.0000
 0.0176100  783.0000
 0.0174014  784.0000
 0.0171939  785.0000
 0.0169877  786.0000
 0.0167829  787.0000
 0.0165795  788.0000
 0.0163776  789.0000
 0.0161775  790.0000
 0.0159791  791.0000
 0.0157826  792.0000
 0.0155881  793.0000
 0.0153957  794.0000
 0.0152054  795.0000
 0.0150174  796.0000
 0.0148316  797.0000
 0.0146483  798.0000
 0.0144675  799.0000
 0.0142892  800.0000
 0.0141135  801.0000
 0.0139405  802.0000
 0.0137702  803.0000
 0.0136027  804.0000
 0.0134380  805.0000
 0.0132762  806.0000
 0.0131173  807.0000
 0.0129614  808.0000
 0.0128084  809.0000
 0.0126585  810.0000
 0.0125116  811.0000
 0.0123677  812.0000
 0.0122269  813.0000
 0.0120892  814.0000
 0.0119546  815.0000
 0.0118231  816.0000
 0.0116947  817.0000
 0.0115694  818.0000
 0.0114472  819.0000
 0.0113281  820.0000
 0.0112121  821.0000
 0.0110992  822.0000
 0.0109893  823.0000
 0.0108825  824.0000
 0.0107787  825.0000
 0.0106779  826.0000
 0.0105800  827.0000
 0.0104851  828.0000
 0.0103932  829.0000
 0.0103041  830.0000
 0.0102179  831.0000
 0.0101345  832.0000
 0.0100540  833.0000
 0.0099761  834.0000
 0.0099010  835.0000
 0.0098286  836.0000
 0.0097589  837.0000
 0.0096917  838.0000
 0.0096271  839.0000
 0.0095650  840.0000
 0.0095054  841.0000
 0.0094483  842.0000
 0.0093935  843.0000
 0.0093411  844.0000
 0.0092910  845.0000
 0.0092432  846.0000
 0.0091975  847.0000
 0.0091541  848.0000
 0.0091128  849.0000
 0.0090736  850.0000
 0.0090364  851.0000
 0.0090012  852.0000
 0.0089680  853.0000
 0.0089367  854.0000
 0.0089072  855.0000
 0.0088796  856.0000
 0.0088537  857.0000
 0.0088296  858.0000
 0.0088072  859.0000
 0.0087865  860.0000
 0.0087674  861.0000
 0.0087498  862.0000
 0.0087338  863.0000
 0.0087192  864.0000
 0.0087062  865.0000
 0.0086945  866.0000
 0.0086842  867.0000
 0.0086753  868.0000
 0.0086676  869.0000
 0.0086613  870.0000
 0.0086562  871.0000
 0.0086522  872.0000
 0.0086495  873.0000
 0.0086478  874.0000
 0.0086473  875.0000
 0.0086478  876.0000
 0.0086494  877.0000
 0.0086519  878.0000
 0.0086555  879.0000
 0.0086600  880.0000
 0.0086653  881.0000
 0.0086716  882.0000
 0.0086788  883.0000
 0.0086867  884.0000
 0.0086955  885.0000
 0.0087050  886.0000
 0.0087154  887.0000
 0.0087264  888.0000
 0.0087381  889.0000
 0.0087505  890.0000
 0.0087636  891.0000
 0.0087773  892.0000
 0.0087916  893.0000
 0.0088065  894.0000
 0.0088220  895.0000
 0.0088380  896.0000
 0.0088546  897.0000
 0.0088716  898.0000
 0.0088892  899.0000
 0.0089072  900.0000
 0.0089257  901.0000
 0.0089446  902.0000
 0.0089640  903.0000
 0.0089837  904.0000
 0.0090038  905.0000
 0.0090243  906.0000
 0.0090452  907.0000
 0.0090664  908.0000
 0.0090880  909.0000
 0.0091098  910.0000
 0.0091320  911.0000
 0.0091544  912.0000
 0.0091771  913.0000
 0.0092001  914.0000
 0.0092233  915.0000
 0.0092468  916.0000
 0.0092705  917.0000
 0.0092944  918.0000
 0.0093185  919.0000
 0.0093429  920.0000
 0.0093674  921.0000
 0.0093920  922.0000
 0.0094169  923.0000
 0.0094419  924.0000
 0.0094670  925.0000
 0.0094923  926.0000
 0.0095178  927.0000
 0.0095433  928.0000
 0.0095690  929.0000
 0.0095947  930.0000
 0.0096206  931.0000
 0.0096466  932.0000
 0.0096726  933.0000
 0.0096987  934.0000
 0.0097249  935.0000
 0.0097512  936.0000
 0.0097775  937.0000
 0.0098039  938.0000
 0.0098304  939.0000
 0.0098568  940.0000
 0.0098833  941.0000
 0.0099099  942.0000
 0.0099365  943.0000
 0.0099631  944.0000
 0.0099897  945.0000
 0.0100163  946.0000
 0.0100429  947.0000
 0.0100696  948.0000
 0.0100962  949.0000
 0.0101229  950.0000
 0.0101495  951.0000
 0.0101761  952.0000
 0.0102027  953.0000
 0.0102293  954.0000
 0.0102559  955.0000
 0.0102824  956.0000
 0.0103089  957.0000
 0.0103354  958.0000
 0.0103619  959.0000
 0.0103883  960.0000
 0.0104147  961.0000
 0.0104410  962.0000
 0.0104673  963.0000
 0.0104936  964.0000
 0.0105198  965.0000
 0.0105459  966.0000
 0.0105720  967.0000
 0.0105980  968.0000
 0.0106240  969.0000
 0.0106500  970.0000
 0.0106758  971.0000
 0.0107016  972.0000
 0.0107274  973.0000
 0.0107531  974.0000
 0.0107787  975.0000
 0.0108042  976.0000
 0.0108297  977.0000
 0.0108551  978.0000
 0.0108804  979.0000
 0.0109057  980.0000
 0.0109309  981.0000
 0.0109560  982.0000
 0.0109810  983.0000
 0.0110059  984.0000
 0.0110308  985.0000
 0.0110556  986.0000
 0.0110803  987.0000
 0.0111049  988.0000
 0.0111295  989.0000
 0.0111540  990.0000
 0.0111783  991.0000
 0.0112026  992.0000
 0.0112269  993.0000
 0.0112510  994.0000
 0.0112750  995.0000
 0.0112990  996.0000
 0.0113228  997.0000
 0.0113466  998.0000
 0.0113703  999.0000
 0.0113939 1000.0000
 0.0114174 1001.0000
 0.0114409 1002.0000
 0.0114642 1003.0000
 0.0114874 1004.0000
 0.0115106 1005.0000
 0.0115337 1006.0000
 0.0115566 1007.0000
 0.0115795 1008.0000
 0.0116023 1009.0000
 0.0116250 1010.0000
 0.0116476 1011.0000
 0.0116701 1012.0000
 0.0116926 1013.0000
 0.0117149 1014.0000
 0.0117372 1015.0000
 0.0117593 1016.0000
 0.0117814 1017.0000
 0.0118034 1018.0000
 0.0118252 1019.0000
 0.0118470 1020.0000
 0.0118687 1021.0000
 0.0118903 1022.0000
 0.0119118 1023.0000
 0.0119333 1024.0000
 0.0119546 1025.0000
 0.0119758 1026.0000
 0.0119970 1027.0000
 0.0120181 1028.0000
 0.0120390 1029.0000
 0.0120599 1030.0000
 0.0120807 1031.0000
 0.0121014 1032.0000
 0.0121220 1033.0000
 0.0121425 1034.0000
 0.0121630 1035.0000
 0.0121833 1036.0000
 0.0122036 1037.0000
 0.0122237 1038.0000
 0.0122438 1039.0000
 0.0122638 1040.0000
 0.0122837 1041.0000
 0.0123035 1042.0000
 0.0123232 1043.0000
 0.0123429 1044.0000
 0.0123624 1045.0000
 0.0123819 1046.0000
 0.0124013 1047.0000
 0.0124206 1048.0000
 0.0124398 1049.0000
 0.0124589 1050.0000
 0.0124779 1051.0000
 0.0124969 1052.0000
 0.0125157 1053.0000
 0.0125345 1054.0000
 0.0125532 1055.0000
 0.0125718 1056.0000
 0.0125904 1057.0000
 0.0126088 1058.0000
 0.0126272 1059.0000
 0.0126455 1060.0000
 0.0126637 1061.0000
 0.0126818 1062.0000
 0.0126998 1063.0000
 0.0127178 1064.0000
 0.0127356 1065.0000
 0.0127534 1066.0000
 0.0127712 1067.0000
 0.0127888 1068.0000
 0.0128064 1069.0000
 0.0128238 1070.0000
 0.0128412 1071.0000
 0.0128586 1072.0000
 0.0128758 1073.0000
 0.0128930 1074.0000
 0.0129101 1075.0000
 0.0129271 1076.0000
 0.0129440 1077.0000
 0.0129609 1078.0000
 0.0129777 1079.0000
 0.0129944 1080.0000
 0.0130110 1081.0000
 0.0130276 1082.0000
 0.0130440 1083.0000
 0.0130605 1084.0000
 0.0130768 1085.0000
 0.0130931 1086.0000
 0.0131092 1087.0000
 0.0131254 1088.0000
 0.0131414 1089.0000
 0.0131574 1090.0000
 0.0131733 1091.0000
 0.0131891 1092.0000
 0.0132049 1093.0000
 0.0132206 1094.0000
 0.0132362 1095.0000
 0.0132518 1096.0000
 0.0132672 1097.0000
 0.0132827 1098.0000
 0.0132980 1099.0000
 0.0133133 1100.0000
 0.0133285 1101.0000
 0.0133436 1102.0000
 0.0133587 1103.0000
 0.0133737 1104.0000
 0.0133887 1105.0000
 0.0134036 1106.0000
 0.0134184 1107.0000
 0.0134331 1108.0000
 0.0134478 1109.0000
 0.0134624 1110.0000
 0.0134770 1111.0000
 0.0134915 1112.0000
 0.0135059 1113.0000
 0.0135202 1114.0000
 0.0135345 1115.0000
 0.0135488 1116.0000
 0.0135629 1117.0000
 0.0135771 1118.0000
 0.0135911 1119.0000
 0.0136051 1120.0000
 0.0136190 1121.0000
 0.0136329 1122.0000
 0.0136467 1123.0000
 0.0136605 1124.0000
 0.0136741 1125.0000
 0.0136878 1126.0000
 0.0137013 1127.0000
 0.0137148 1128.0000
 0.0137283 1129.0000
 0.0137417 1130.0000
 0.0137550 1131.0000
 0.0137683 1132.0000
 0.0137815 1133.0000
 0.0137947 1134.0000
 0.0138078 1135.0000
 0.0138209 1136.0000
 0.0138339 1137.0000
 0.0138468 1138.0000
 0.0138597 1139.0000
 0.0138725 1140.0000
 0.0138853 1141.0000
 0.0138980 1142.0000
 0.0139107 1143.0000
 0.0139233 1144.0000
 0.0139359 1145.0000
 0.0139484 1146.0000
 0.0139608 1147.0000
 0.0139732 1148.0000
 0.0139856 1149.0000
 0.0139979 1150.0000
 0.0140101 1151.0000
 0.0140223 1152.0000
 0.0140344 1153.0000
 0.0140465 1154.0000
 0.0140586 1155.0000
 0.0140706 1156.0000
 0.0140825 1157.0000
 0.0140944 1158.0000
 0.0141062 1159.0000
 0.0141180 1160.0000
 0.0141298 1161.0000
 0.0141415 1162.0000
 0.0141531 1163.0000
 0.0141647 1164.0000
 0.0141763 1165.0000
 0.0141878 1166.0000
 0.0141992 1167.0000
 0.0142106 1168.0000
 0.0142220 1169.0000
 0.0142333 1170.0000
 0.0142446 1171.0000
 0.0142558 1172.0000
 0.0142670 1173.0000
 0.0142781 1174.0000
 0.0142892 1175.0000
 0.0143002 1176.0000
 0.0143112 1177.0000
 0.0143222 1178.0000
 0.0143331 1179.0000
 0.0143439 1180.0000
 0.0143548 1181.0000
 0.0143655 1182.0000
 0.0143763 1183.0000
 0.0143870 1184.0000
 0.0143976 1185.0000
 0.0144082 1186.0000
 0.0144188 1187.0000
 0.0144293 1188.0000
 0.0144398 1189.0000
 0.0144502 1190.0000
 0.0144606 1191.0000
 0.0144709 1192.0000
 0.0144812 1193.0000
 0.0144915 1194.0000
 0.0145017 1195.0000
 0.0145119 1196.0000
 0.0145221 1197.0000
 0.0145322 1198.0000
 0.0145422 1199.0000
 0.0145523 1200.0000
 0.0145623 1201.0000
 0.0145722 1202.0000
 0.0145821 1203.0000
 0.0145920 1204.0000
 0.0146018 1205.0000
 0.0146116 1206.0000
 0.0146214 1207.0000
 0.0146311 1208.0000
 0.0146408 1209.0000
 0.0146504 1210.0000
 0.0146600 1211.0000
 0.0146696 1212.0000
 0.0146791 1213.0000
 0.0146886 1214.0000
 0.0146981 1215.0000
 0.0147075 1216.0000
 0.0147169 1217.0000
 0.0147262 1218.0000
 0.0147355 1219.0000
 0.0147448 1220.0000
 0.0147541 1221.0000
 0.0147633 1222.0000
 0.0147725 1223.0000
 0.0147816 1224.0000
 0.0147907 1225.0000
 0.0147998 1226.0000
 0.0148088 1227.0000
 0.0148178 1228.0000
 0.0148268 1229.0000
 0.0148357 1230.0000
 0.0148446 1231.0000
 0.0148535 1232.0000
 0.0148623 1233.0000
 0.0148711 1234.0000
 0.0148799 1235.0000
 0.0148886 1236.0000
 0.0148973 1237.0000
 0.0149060 1238.0000
 0.0149146 1239.0000
 0.0149232 1240.0000
 0.0149318 1241.0000
 0.0149403 1242.0000
 0.0149488 1243.0000
 0.0149573 1244.0000
 0.0149658 1245.0000
 0.0149742 1246.0000
 0.0149826 1247.0000
 0.0149909 1248.0000
 0.0149992 1249.0000
 0.0150075 1250.0000
 0.0150158 1251.0000
 0.0150240 1252.0000
 0.0150322 1253.0000
 0.0150404 1254.0000
 0.0150485 1255.0000
 0.0150567 1256.0000
 0.0150647 1257.0000
 0.0150728 1258.0000
 0.0150808 1259.0000
 0.0150888 1260.0000
 0.0150968 1261.0000
 0.0151047 1262.0000
 0.0151126 1263.0000
 0.0151205 1264.0000
 0.0151284 1265.0000
 0.0151362 1266.0000
 0.0151440 1267.0000
 0.0151518 1268.0000
 0.0151595 1269.0000
 0.0151672 1270.0000
 0.0151749 1271.0000
 0.0151826 1272.0000
 0.0151902 1273.0000
 0.0151978 1274.0000
 0.0152054 1275.0000
 0.0152130 1276.0000
 0.0152205 1277.0000
 0.0152280 1278.0000
 0.0152355 1279.0000
 0.0152429 1280.0000
 0.0152503 1281.0000
 0.0152577 1282.0000
 0.0152651 1283.0000
 0.0152724 1284.0000
 0.0152798 1285.0000
 0.0152870 1286.0000
 0.0152943 1287.0000
 0.0153016 1288.0000
 0.0153088 1289.0000
 0.0153160 1290.0000
 0.0153231 1291.0000
 0.0153303 1292.0000
 0.0153374 1293.0000
 0.0153445 1294.0000
 0.0153516 1295.0000
 0.0153586 1296.0000
 0.0153656 1297.0000
 0.0153726 1298.0000
 0.0153796 1299.0000
 0.0153866 1300.0000
 0.0153935 1301.0000
 0.0154004 1302.0000
 0.0154073 1303.0000
 0.0154141 1304.0000
 0.0154210 1305.0000
 0.0154278 1306.0000
 0.0154346 1307.0000
 0.0154413 1308.0000
 0.0154481 1309.0000
 0.0154548 1310.0000
 0.0154615 1311.0000
 0.0154682 1312.0000
 0.0154748 1313.0000
 0.0154815 1314.0000
 0.0154881 1315.0000
 0.0154947 1316.0000
 0.0155012 1317.0000
 0.0155078 1318.0000
 0.0155143 1319.0000
 0.0155208 1320.0000
 0.0155273 1321.0000
 0.0155337 1322.0000
 0.0155402 1323.0000
 0.0155466 1324.0000
 0.0155530 1325.0000
 0.0155594 1326.0000
 0.0155657 1327.0000
 0.0155720 1328.0000
 0.0155783 1329.0000
 0.0155846 1330.0000
 0.0155909 1331.0000
 0.0155972 1332.0000
 0.0156034 1333.0000
 0.0156096 1334.0000
 0.0156158 1335.0000
 0.0156220 1336.0000
 0.0156281 1337.0000
 0.0156342 1338.0000
 0.0156403 1339.0000
 0.0156464 1340.0000
 0.0156525 1341.0000
 0.0156586 1342.0000
 0.0156646 1343.0000
 0.0156706 1344.0000
 0.0156766 1345.0000
 0.0156826 1346.0000
 0.0156885 1347.0000
 0.0156945 1348.0000
 0.0157004 1349.0000
 0.0157063 1350.0000
 0.0157122 1351.0000
 0.0157180 1352.0000
 0.0157239 1353.0000
 0.0157297 1354.0000
 0.0157355 1355.0000
 0.0157413 1356.0000
 0.0157471 1357.0000
 0.0157528 1358.0000
 0.0157585 1359.0000
 0.0157643 1360.0000
 0.0157700 1361.0000
 0.0157756 1362.0000
 0.0157813 1363.0000
 0.0157869 1364.0000
 0.0157926 1365.0000
 0.0157982 1366.0000
 0.0158038 1367.0000
 0.0158094 1368.0000
 0.0158149 1369.0000
 0.0158205 1370.0000
 0.0158260 1371.0000
 0.0158315 1372.0000
 0.0158370 1373.0000
 0.0158425 1374.0000
 0.0158479 1375.0000
 0.0158534 1376.0000
 0.0158588 1377.0000
 0.0158642 1378.0000
 0.0158696 1379.0000
 0.0158750 1380.0000
 0.0158803 1381.0000
 0.0158857 1382.0000
 0.0158910 1383.0000
 0.0158963 1384.0000
 0.0159016 1385.0000
 0.0159069 1386.0000
 0.0159121 1387.0000
 0.0159174 1388.0000
 0.0159226 1389.0000
 0.0159278 1390.0000
 0.0159330 1391.0000
 0.0159382 1392.0000
 0.0159434 1393.0000
 0.0159485 1394.0000
 0.0159537 1395.0000
 0.0159588 1396.0000
 0.0159639 1397.0000
 0.0159690 1398.0000
 0.0159741 1399.0000
 0.0159791 1400.0000
 0.0159842 1401.0000
 0.0159892 1402.0000
 0.0159942 1403.0000
 0.0159992 1404.0000
 0.0160042 1405.0000
 0.0160092 1406.0000
 0.0160141 1407.0000
 0.0160191 1408.0000
 0.0160240 1409.0000
 0.0160289 1410.0000
 0.0160338 1411.0000
 0.0160387 1412.0000
 0.0160436 1413.0000
 0.0160485 1414.0000
 0.0160533 1415.0000
 0.0160581 1416.0000
 0.0160629 1417.0000
 0.0160677 1418.0000
 0.0160725 1419.0000
 0.0160773 1420.0000
 0.0160821 1421.0000
 0.0160868 1422.0000
 0.0160915 1423.0000
 0.0160963 1424.0000
 0.0161010 1425.0000
 0.0161057 1426.0000
 0.0161104 1427.0000
 0.0161150 1428.0000
 0.0161197 1429.0000
 0.0161243 1430.0000
 0.0161289 1431.0000
 0.0161336 1432.0000
 0.0161382 1433.0000
 0.0161427 1434.0000
 0.0161473 1435.0000
 0.0161519 1436.0000
 0.0161564 1437.0000
 0.0161610 1438.0000
 0.0161655 1439.0000
 0.0161700 1440.0000
 0.0161745 1441.0000
 0.0161790 1442.0000
 0.0161835 1443.0000
 0.0161879 1444.0000
 0.0161924 1445.0000
 0.0161968 1446.0000
 0.0162012 1447.0000
 0.0162056 1448.0000
 0.0162100 1449.0000
 0.0162144 1450.0000
 0.0162188 1451.0000
 0.0162232 1452.0000
 0.0162275 1453.0000
 0.0162318 1454.0000
 0.0162362 1455.0000
 0.0162405 1456.0000
 0.0162448 1457.0000
 0.0162491 1458.0000
 0.0162534 1459.0000
 0.0162576 1460.0000
 0.0162619 1461.0000
 0.0162661 1462.0000
 0.0162704 1463.0000
 0.0162746 1464.0000
 0.0162788 1465.0000
 0.0162830 1466.0000
 0.0162872 1467.0000
 0.0162914 1468.0000
 0.0162955 1469.0000
 0.0162997 1470.0000
 0.0163038 1471.0000
 0.0163080 1472.0000
 0.0163121 1473.0000
 0.0163162 1474.0000
 0.0163203 1475.0000
 0.0163244 1476.0000
 0.0163284 1477.0000
 0.0163325 1478.0000
 0.0163366 1479.0000
 0.0163406 1480.0000
 0.0163446 1481.0000
 0.0163487 1482.0000
 0.0163527 1483.0000
 0.0163567 1484.0000
 0.0163607 1485.0000
 0.0163646 1486.0000
 0.0163686 1487.0000
 0.0163726 1488.0000
 0.0163765 1489.0000
 0.0163804 1490.0000
 0.0163844 1491.0000
 0.0163883 1492.0000
 0.0163922 1493.0000
 0.0163961 1494.0000
 0.0164000 1495.0000
 0.0164039 1496.0000
 0.0164077 1497.0000
 0.0164116 1498.0000
 0.0164154 1499.0000
 0.0164193 1500.0000
 0.0164231 1501.0000
 0.0164269 1502.0000
 0.0164307 1503.0000
 0.0164345 1504.0000
 0.0164383 1505.0000
 0.0164421 1506.0000
 0.0164458 1507.0000
 0.0164496 1508.0000
 0.0164533 1509.0000
 0.0164571 1510.0000
 0.0164608 1511.0000
 0.0164645 1512.0000
 0.0164682 1513.0000
 0.0164719 1514.0000
 0.0164756 1515.0000
 0.0164793 1516.0000
 0.0164830 1517.0000
 0.0164866 1518.0000
 0.0164903 1519.0000
 0.0164939 1520.0000
 0.0164976 1521.0000
 0.0165012 1522.0000
 0.0165048 1523.0000
 0.0165084 1524.0000
 0.0165120 1525.0000
 0.0165156 1526.0000
 0.0165192 1527.0000
 0.0165227 1528.0000
 0.0165263 1529.0000
 0.0165299 1530.0000
 0.0165334 1531.0000
 0.0165369 1532.0000
 0.0165405 1533.0000
 0.0165440 1534.0000
 0.0165475 1535.0000
 0.0165510 1536.0000
 0.0165545 1537.0000
 0.0165580 1538.0000
 0.0165614 1539.0000
 0.0165649 1540.0000
 0.0165684 1541.0000
 0.0165718 1542.0000
 0.0165752 1543.0000
 0.0165787 1544.0000
 0.0165821 1545.0000
 0.0165855 1546.0000
 0.0165889 1547.0000
 0.0165923 1548.0000
 0.0165957 1549.0000
 0.0165991 1550.0000
 0.0166025 1551.0000
 0.0166058 1552.0000
 0.0166092 1553.0000
 0.0166125 1554.0000
 0.0166159 1555.0000
 0.0166192 1556.0000
 0.0166225 1557.0000
 0.0166258 1558.0000
 0.0166291 1559.0000
 0.0166324 1560.0000
 0.0166357 1561.0000
 0.0166390 1562.0000
 0.0166423 1563.0000
 0.0166455 1564.0000
 0.0166488 1565.0000
 0.0166521 1566.0000
 0.0166553 1567.0000
 0.0166585 1568.0000
 0.0166618 1569.0000
 0.0166650 1570.0000
 0.0166682 1571.0000
 0.0166714 1572.0000
 0.0166746 1573.0000
 0.0166778 1574.0000
 0.0166810 1575.0000
 0.0166841 1576.0000
 0.0166873 1577.0000
 0.0166905 1578.0000
 0.0166936 1579.0000
 0.0166968 1580.0000
 0.0166999 1581.0000
 0.0167030 1582.0000
 0.0167062 1583.0000
 0.0167093 1584.0000
 0.0167124 1585.0000
 0.0167155 1586.0000
 0.0167186 1587.0000
 0.0167217 1588.0000
 0.0167247 1589.0000
 0.0167278 1590.0000
 0.0167309 1591.0000
 0.0167339 1592.0000
 0.0167370 1593.0000
 0.0167400 1594.0000
 0.0167431 1595.0000
 0.0167461 1596.0000
 0.0167491 1597.0000
 0.0167521 1598.0000
 0.0167551 1599.0000
 0.0167581 1600.0000
 0.0167611 1601.0000
 0.0167641 1602.0000
 0.0167671 1603.0000
 0.0167701 1604.0000
 0.0167730 1605.0000
 0.0167760 1606.0000
 0.0167789 1607.0000
 0.0167819 1608.0000
 0.0167848 1609.0000
 0.0167878 1610.0000
 0.0167907 1611.0000
 0.0167936 1612.0000
 0.0167965 1613.0000
 0.0167994 1614.0000
 0.0168023 1615.0000
 0.0168052 1616.0000
 0.0168081 1617.0000
 0.0168110 1618.0000
 0.0168138 1619.0000
 0.0168167 1620.0000
 0.0168196 1621.0000
 0.0168224 1622.0000
 0.0168253 1623.0000
 0.0168281 1624.0000
 0.0168309 1625.0000
 0.0168338 1626.0000
 0.0168366 1627.0000
 0.0168394 1628.0000
 0.0168422 1629.0000
 0.0168450 1630.0000
 0.0168478 1631.0000
 0.0168506 1632.0000
 0.0168534 1633.0000
 0.0168562 1634.0000
 0.0168589 1635.0000
 0.0168617 1636.0000
 0.0168644 1637.0000
 0.0168672 1638.0000
 0.0168699 1639.0000
 0.0168727 1640.0000
 0.0168754 1641.0000
 0.0168781 1642.0000
 0.0168809 1643.0000
 0.0168836 1644.0000
 0.0168863 1645.0000
 0.0168890 1646.0000
 0.0168917 1647.0000
 0.0168944 1648.0000
 0.0168971 1649.0000
 0.0168998 1650.0000
 0.0169024 1651.0000
 0.0169051 1652.0000
 0.0169078 1653.0000
 0.0169104 1654.0000
 0.0169131 1655.0000
 0.0169157 1656.0000
 0.0169184 1657.0000
 0.0169210 1658.0000
 0.0169236 1659.0000
 0.0169262 1660.0000
 0.0169288 1661.0000
 0.0169315 1662.0000
 0.0169341 1663.0000
 0.0169367 1664.0000
 0.0169393 1665.0000
 0.0169418 1666.0000
 0.0169444 1667.0000
 0.0169470 1668.0000
 0.0169496 1669.0000
 0.0169521 1670.0000
 0.0169547 1671.0000
 0.0169573 1672.0000
 0.0169598 1673.0000
 0.0169624 1674.0000
 0.0169649 1675.0000
 0.0169674 1676.0000
 0.0169700 1677.0000
 0.0169725 1678.0000
 0.0169750 1679.0000
 0.0169775 1680.0000
 0.0169800 1681.0000
 0.0169825 1682.0000
 0.0169850 1683.0000
 0.0169875 1684.0000
 0.0169900 1685.0000
 0.0169925 1686.0000
 0.0169949 1687.0000
 0.0169974 1688.0000
 0.0169999 1689.0000
 0.0170023 1690.0000
 0.0170048 1691.0000
 0.0170072 1692.0000
 0.0170097 1693.0000
 0.0170121 1694.0000
 0.0170145 1695.0000
 0.0170170 1696.0000
 0.0170194 1697.0000
 0.0170218 1698.0000
 0.0170242 1699.0000
 0.0170266 1700.0000
 0.0170290 1701.0000
 0.0170314 1702.0000
 0.0170338 1703.0000
 0.0170362 1704.0000
 0.0170386 1705.0000
 0.0170410 1706.0000
 0.0170434 1707.0000
 0.0170457 1708.0000
 0.0170481 1709.0000
 0.0170504 1710.0000
 0.0170528 1711.0000
 0.0170551 1712.0000
 0.0170575 1713.0000
 0.0170598 1714.0000
 0.0170622 1715.0000
 0.0170645 1716.0000
 0.0170668 1717.0000
 0.0170691 1718.0000
 0.0170714 1719.0000
 0.0170738 1720.0000
 0.0170761 1721.0000
 0.0170784 1722.0000
 0.0170807 1723.0000
 0.0170830 1724.0000
 0.0170852 1725.0000
 0.0170875 1726.0000
 0.0170898 1727.0000
 0.0170921 1728.0000
 0.0170943 1729.0000
 0.0170966 1730.0000
 0.0170989 1731.0000
 0.0171011 1732.0000
 0.0171034 1733.0000
 0.0171056 1734.0000
 0.0171079 1735.0000
 0.0171101 1736.0000
 0.0171123 1737.0000
 0.0171146 1738.0000
 0.0171168 1739.0000
 0.0171190 1740.0000
 0.0171212 1741.0000
 0.0171234 1742.0000
 0.0171256 1743.0000
 0.0171278 1744.0000
 0.0171300 1745.0000
 0.0171322 1746.0000
 0.0171344 1747.0000
 0.0171366 1748.0000
 0.0171388 1749.0000
 0.0171409 1750.0000
 0.0171431 1751.0000
 0.0171453 1752.0000
 0.0171474 1753.0000
 0.0171496 1754.0000
 0.0171517 1755.0000
 0.0171539 1756.0000
 0.0171560 1757.0000
 0.0171582 1758.0000
 0.0171603 1759.0000
 0.0171624 1760.0000
 0.0171646 1761.0000
 0.0171667 1762.0000
 0.0171688 1763.0000
 0.0171709 1764.0000
 0.0171730 1765.0000
 0.0171752 1766.0000
 0.0171773 1767.0000
 0.0171794 1768.0000
 0.0171815 1769.0000
 0.0171835 1770.0000
 0.0171856 1771.0000
 0.0171877 1772.0000
 0.0171898 1773.0000
 0.0171919 1774.0000
 0.0171939 1775.0000
 0.0171960 1776.0000
 0.0171981 1777.0000
 0.0172001 1778.0000
 0.0172022 1779.0000
 0.0172042 1780.0000
 0.0172063 1781.0000
 0.0172083 1782.0000
 0.0172104 1783.0000
 0.0172124 1784.0000
 0.0172144 1785.0000
 0.0172164 1786.0000
 0.0172185 1787.0000
 0.0172205 1788.0000
 0.0172225 1789.0000
 0.0172245 1790.0000
 0.0172265 1791.0000
 0.0172285 1792.0000
 0.0172305 1793.0000
 0.0172325 1794.0000
 0.0172345 1795.0000
 0.0172365 1796.0000
 0.0172385 1797.0000
 0.0172405 1798.0000
 0.0172424 1799.0000
 0.0172444 1800.0000
 0.0172464 1801.0000
 0.0172484 1802.0000
 0.0172503 1803.0000
 0.0172523 1804.0000
 0.0172542 1805.0000
 0.0172562 1806.0000
 0.0172581 1807.0000
 0.0172601 1808.0000
 0.0172620 1809.0000
 0.0172640 1810.0000
 0.0172659 1811.0000
 0.0172678 1812.0000
 0.0172697 1813.0000
 0.0172717 1814.0000
 0.0172736 1815.0000
 0.0172755 1816.0000
 0.0172774 1817.0000
 0.0172793 1818.0000
 0.0172812 1819.0000
 0.0172831 1820.0000
 0.0172850 1821.0000
 0.0172869 1822.0000
 0.0172888 1823.0000
 0.0172907 1824.0000
 0.0172926 1825.0000
 0.0172945 1826.0000
 0.0172963 1827.0000
 0.0172982 1828.0000
 0.0173001 1829.0000
 0.0173019 1830.0000
 0.0173038 1831.0000
 0.0173057 1832.0000
 0.0173075 1833.0000
 0.0173094 1834.0000
 0.0173112 1835.0000
 0.0173131 1836.0000
 0.0173149 1837.0000
 0.0173167 1838.0000
 0.0173186 1839.0000
 0.0173204 1840.0000
 0.0173222 1841.0000
 0.0173241 1842.0000
 0.0173259 1843.0000
 0.0173277 1844.0000
 0.0173295 1845.0000
 0.0173313 1846.0000
 0.0173331 1847.0000
 0.0173349 1848.0000
 0.0173367 1849.0000
 0.0173385 1850.0000
 0.0173403 1851.0000
 0.0173421 1852.0000
 0.0173439 1853.0000
 0.0173457 1854.0000
 0.0173475 1855.0000
 0.0173493 1856.0000
 0.0173510 1857.0000
 0.0173528 1858.0000
 0.0173546 1859.0000
 0.0173564 1860.0000
 0.0173581 1861.0000
 0.0173599 1862.0000
 0.0173616 1863.0000
 0.0173634 1864.0000
 0.0173651 1865.0000
 0.0173669 1866.0000
 0.0173686 1867.0000
 0.0173704 1868.0000
 0.0173721 1869.0000
 0.0173738 1870.0000
 0.0173756 1871.0000
 0.0173773 1872.0000
 0.0173790 1873.0000
 0.0173808 1874.0000
 0.0173825 1875.0000
 0.0173842 1876.0000
 0.0173859 1877.0000
 0.0173876 1878.0000
 0.0173893 1879.0000
 0.0173910 1880.0000
 0.0173927 1881.0000
 0.0173944 1882.0000
 0.0173961 1883.0000
 0.0173978 1884.0000
 0.0173995 1885.0000
 0.0174012 1886.0000
 0.0174029 1887.0000
 0.0174046 1888.0000
 0.0174062 1889.0000
 0.0174079 1890.0000
 0.0174096 1891.0000
 0.0174113 1892.0000
 0.0174129 1893.0000
 0.0174146 1894.0000
 0.0174162 1895.0000
 0.0174179 1896.0000
 0.0174196 1897.0000
 0.0174212 1898.0000
 0.0174229 1899.0000
 0.0174245 1900.0000
 0.0174261 1901.0000
 0.0174278 1902.0000
 0.0174294 1903.0000
 0.0174311 1904.0000
 0.0174327 1905.0000
 0.0174343 1906.0000
 0.0174359 1907.0000
 0.0174376 1908.0000
 0.0174392 1909.0000
 0.0174408 1910.0000
 0.0174424 1911.0000
 0.0174440 1912.0000
 0.0174456 1913.0000
 0.0174473 1914.0000
 0.0174489 1915.0000
 0.0174505 1916.0000
 0.0174521 1917.0000
 0.0174537 1918.0000
 0.0174552 1919.0000
 0.0174568 1920.0000
 0.0174584 1921.0000
 0.0174600 1922.0000
 0.0174616 1923.0000
 0.0174632 1924.0000
 0.0174647 1925.0000
 0.0174663 1926.0000
 0.0174679 1927.0000
 0.0174695 1928.0000
 0.0174710 1929.0000
 0.0174726 1930.0000
 0.0174742 1931.0000
 0.0174757 1932.0000
 0.0174773 1933.0000
 0.0174788 1934.0000
 0.0174804 1935.0000
 0.0174819 1936.0000
 0.0174835 1937.0000
 0.0174850 1938.0000
 0.0174865 1939.0000
 0.0174881 1940.0000
 0.0174896 1941.0000
 0.0174912 1942.0000
 0.0174927 1943.0000
 0.0174942 1944.0000
 0.0174957 1945.0000
 0.0174973 1946.0000
 0.0174988 1947.0000
 0.0175003 1948.0000
 0.0175018 1949.0000
 0.0175033 1950.0000
 0.0175048 1951.0000
 0.0175063 1952.0000
 0.0175078 1953.0000
 0.0175093 1954.0000
 0.0175108 1955.0000
 0.0175123 1956.0000
 0.0175138 1957.0000
 0.0175153 1958.0000
 0.0175168 1959.0000
 0.0175183 1960.0000
 0.0175198 1961.0000
 0.0175213 1962.0000
 0.0175227 1963.0000
 0.0175242 1964.0000
 0.0175257 1965.0000
 0.0175272 1966.0000
 0.0175286 1967.0000
 0.0175301 1968.0000
 0.0175316 1969.0000
 0.0175330 1970.0000
 0.0175345 1971.0000
 0.0175360 1972.0000
 0.0175374 1973.0000
 0.0175389 1974.0000
 0.0175403 1975.0000
 0.0175418 1976.0000
 0.0175432 1977.0000
 0.0175447 1978.0000
 0.0175461 1979.0000
 0.0175475 1980.0000
 0.0175490 1981.0000
 0.0175504 1982.0000
 0.0175518 1983.0000
 0.0175533 1984.0000
 0.0175547 1985.0000
 0.0175561 1986.0000
 0.0175575 1987.0000
 0.0175590 1988.0000
 0.0175604 1989.0000
 0.0175618 1990.0000
 0.0175632 1991.0000
 0.0175646 1992.0000
 0.0175660 1993.0000
 0.0175674 1994.0000
 0.0175688 1995.0000
 0.0175702 1996.0000
 0.0175716 1997.0000
 0.0175730 1998.0000
 0.0175744 1999.0000
 0.0175758 2000.0000
