% 340.0000 2000.0000    1.0000      1601
 0.9753894  340.0000
 0.9753771  401.0000
 0.9753648  402.0000
 0.9753523  403.0000
 0.9753399  404.0000
 0.9753274  405.0000
 0.9753149  406.0000
 0.9753022  407.0000
 0.9752896  408.0000
 0.9752768  409.0000
 0.9752641  410.0000
 0.9752513  411.0000
 0.9752384  412.0000
 0.9752254  413.0000
 0.9752124  414.0000
 0.9751993  415.0000
 0.9751862  416.0000
 0.9751731  417.0000
 0.9751599  418.0000
 0.9751466  419.0000
 0.9751332  420.0000
 0.9751198  421.0000
 0.9751064  422.0000
 0.9750929  423.0000
 0.9750793  424.0000
 0.9750657  425.0000
 0.9750520  426.0000
 0.9750383  427.0000
 0.9750245  428.0000
 0.9750106  429.0000
 0.9749967  430.0000
 0.9749827  431.0000
 0.9749686  432.0000
 0.9749545  433.0000
 0.9749404  434.0000
 0.9749261  435.0000
 0.9749118  436.0000
 0.9748974  437.0000
 0.9748830  438.0000
 0.9748685  439.0000
 0.9748540  440.0000
 0.9748393  441.0000
 0.9748247  442.0000
 0.9748099  443.0000
 0.9747951  444.0000
 0.9747803  445.0000
 0.9747653  446.0000
 0.9747503  447.0000
 0.9747352  448.0000
 0.9747201  449.0000
 0.9747049  450.0000
 0.9746896  451.0000
 0.9746742  452.0000
 0.9746588  453.0000
 0.9746433  454.0000
 0.9746278  455.0000
 0.9746122  456.0000
 0.9745964  457.0000
 0.9745807  458.0000
 0.9745649  459.0000
 0.9745489  460.0000
 0.9745330  461.0000
 0.9745169  462.0000
 0.9745008  463.0000
 0.9744846  464.0000
 0.9744684  465.0000
 0.9744520  466.0000
 0.9744356  467.0000
 0.9744191  468.0000
 0.9744025  469.0000
 0.9743859  470.0000
 0.9743692  471.0000
 0.9743524  472.0000
 0.9743356  473.0000
 0.9743186  474.0000
 0.9743016  475.0000
 0.9742845  476.0000
 0.9742674  477.0000
 0.9742501  478.0000
 0.9742328  479.0000
 0.9742154  480.0000
 0.9741979  481.0000
 0.9741803  482.0000
 0.9741627  483.0000
 0.9741450  484.0000
 0.9741272  485.0000
 0.9741094  486.0000
 0.9740914  487.0000
 0.9740734  488.0000
 0.9740552  489.0000
 0.9740370  490.0000
 0.9740188  491.0000
 0.9740004  492.0000
 0.9739819  493.0000
 0.9739634  494.0000
 0.9739448  495.0000
 0.9739261  496.0000
 0.9739073  497.0000
 0.9738885  498.0000
 0.9738695  499.0000
 0.9738504  500.0000
 0.9738313  501.0000
 0.9738121  502.0000
 0.9737929  503.0000
 0.9737735  504.0000
 0.9737540  505.0000
 0.9737344  506.0000
 0.9737148  507.0000
 0.9736951  508.0000
 0.9736753  509.0000
 0.9736553  510.0000
 0.9736354  511.0000
 0.9736153  512.0000
 0.9735951  513.0000
 0.9735749  514.0000
 0.9735546  515.0000
 0.9735341  516.0000
 0.9735136  517.0000
 0.9734930  518.0000
 0.9734722  519.0000
 0.9734515  520.0000
 0.9734306  521.0000
 0.9734097  522.0000
 0.9733886  523.0000
 0.9733674  524.0000
 0.9733462  525.0000
 0.9733248  526.0000
 0.9733034  527.0000
 0.9732819  528.0000
 0.9732603  529.0000
 0.9732386  530.0000
 0.9732168  531.0000
 0.9731949  532.0000
 0.9731730  533.0000
 0.9731508  534.0000
 0.9731287  535.0000
 0.9731065  536.0000
 0.9730842  537.0000
 0.9730617  538.0000
 0.9730392  539.0000
 0.9730166  540.0000
 0.9729939  541.0000
 0.9729711  542.0000
 0.9729482  543.0000
 0.9729252  544.0000
 0.9729022  545.0000
 0.9728790  546.0000
 0.9728557  547.0000
 0.9728324  548.0000
 0.9728090  549.0000
 0.9727855  550.0000
 0.9727619  551.0000
 0.9727382  552.0000
 0.9727144  553.0000
 0.9726905  554.0000
 0.9726666  555.0000
 0.9726425  556.0000
 0.9726184  557.0000
 0.9725942  558.0000
 0.9725699  559.0000
 0.9725455  560.0000
 0.9725211  561.0000
 0.9724965  562.0000
 0.9724719  563.0000
 0.9724472  564.0000
 0.9724224  565.0000
 0.9723975  566.0000
 0.9723725  567.0000
 0.9723475  568.0000
 0.9723224  569.0000
 0.9722973  570.0000
 0.9722720  571.0000
 0.9722466  572.0000
 0.9722213  573.0000
 0.9721957  574.0000
 0.9721702  575.0000
 0.9721446  576.0000
 0.9721189  577.0000
 0.9720932  578.0000
 0.9720674  579.0000
 0.9720415  580.0000
 0.9720156  581.0000
 0.9719896  582.0000
 0.9719636  583.0000
 0.9719375  584.0000
 0.9719113  585.0000
 0.9718851  586.0000
 0.9718589  587.0000
 0.9718326  588.0000
 0.9718062  589.0000
 0.9717799  590.0000
 0.9717534  591.0000
 0.9717270  592.0000
 0.9717005  593.0000
 0.9716740  594.0000
 0.9716474  595.0000
 0.9716209  596.0000
 0.9715943  597.0000
 0.9715677  598.0000
 0.9715410  599.0000
 0.9715144  600.0000
 0.9714878  601.0000
 0.9714611  602.0000
 0.9714345  603.0000
 0.9714078  604.0000
 0.9713812  605.0000
 0.9713546  606.0000
 0.9713280  607.0000
 0.9713014  608.0000
 0.9712749  609.0000
 0.9712484  610.0000
 0.9712219  611.0000
 0.9711955  612.0000
 0.9711691  613.0000
 0.9711428  614.0000
 0.9711165  615.0000
 0.9710903  616.0000
 0.9710642  617.0000
 0.9710381  618.0000
 0.9710122  619.0000
 0.9709863  620.0000
 0.9709605  621.0000
 0.9709349  622.0000
 0.9709093  623.0000
 0.9708839  624.0000
 0.9708586  625.0000
 0.9708335  626.0000
 0.9708084  627.0000
 0.9707836  628.0000
 0.9707589  629.0000
 0.9707344  630.0000
 0.9707101  631.0000
 0.9706860  632.0000
 0.9706621  633.0000
 0.9706383  634.0000
 0.9706149  635.0000
 0.9705917  636.0000
 0.9705687  637.0000
 0.9705459  638.0000
 0.9705235  639.0000
 0.9705014  640.0000
 0.9704795  641.0000
 0.9704580  642.0000
 0.9704368  643.0000
 0.9704159  644.0000
 0.9703954  645.0000
 0.9703752  646.0000
 0.9703555  647.0000
 0.9703362  648.0000
 0.9703172  649.0000
 0.9702988  650.0000
 0.9702808  651.0000
 0.9702632  652.0000
 0.9702461  653.0000
 0.9702296  654.0000
 0.9702135  655.0000
 0.9701981  656.0000
 0.9701832  657.0000
 0.9701688  658.0000
 0.9701552  659.0000
 0.9701421  660.0000
 0.9701297  661.0000
 0.9701179  662.0000
 0.9701069  663.0000
 0.9700966  664.0000
 0.9700871  665.0000
 0.9700783  666.0000
 0.9700703  667.0000
 0.9700632  668.0000
 0.9700569  669.0000
 0.9700515  670.0000
 0.9700471  671.0000
 0.9700435  672.0000
 0.9700409  673.0000
 0.9700394  674.0000
 0.9700388  675.0000
 0.9700394  676.0000
 0.9700410  677.0000
 0.9700438  678.0000
 0.9700477  679.0000
 0.9700528  680.0000
 0.9700592  681.0000
 0.9700668  682.0000
 0.9700758  683.0000
 0.9700860  684.0000
 0.9700977  685.0000
 0.9701108  686.0000
 0.9701253  687.0000
 0.9701414  688.0000
 0.9701589  689.0000
 0.9701781  690.0000
 0.9701988  691.0000
 0.9702212  692.0000
 0.9702453  693.0000
 0.9702712  694.0000
 0.9702988  695.0000
 0.9703282  696.0000
 0.9703595  697.0000
 0.9703928  698.0000
 0.9704279  699.0000
 0.9704651  700.0000
 0.9705043  701.0000
 0.9705456  702.0000
 0.9705891  703.0000
 0.9706347  704.0000
 0.9706826  705.0000
 0.9707326  706.0000
 0.9707851  707.0000
 0.9708398  708.0000
 0.9708970  709.0000
 0.9709566  710.0000
 0.9710187  711.0000
 0.9710832  712.0000
 0.9711504  713.0000
 0.9712202  714.0000
 0.9712926  715.0000
 0.9713677  716.0000
 0.9714455  717.0000
 0.9715261  718.0000
 0.9716095  719.0000
 0.9716957  720.0000
 0.9717848  721.0000
 0.9718767  722.0000
 0.9719716  723.0000
 0.9720694  724.0000
 0.9721702  725.0000
 0.9722741  726.0000
 0.9723809  727.0000
 0.9724907  728.0000
 0.9726037  729.0000
 0.9727197  730.0000
 0.9728388  731.0000
 0.9729609  732.0000
 0.9730862  733.0000
 0.9732147  734.0000
 0.9733462  735.0000
 0.9734808  736.0000
 0.9736184  737.0000
 0.9737592  738.0000
 0.9739031  739.0000
 0.9740500  740.0000
 0.9742000  741.0000
 0.9743530  742.0000
 0.9745089  743.0000
 0.9746678  744.0000
 0.9748296  745.0000
 0.9749942  746.0000
 0.9751618  747.0000
 0.9753320  748.0000
 0.9755051  749.0000
 0.9756808  750.0000
 0.9758590  751.0000
 0.9760399  752.0000
 0.9762232  753.0000
 0.9764089  754.0000
 0.9765970  755.0000
 0.9767873  756.0000
 0.9769797  757.0000
 0.9771742  758.0000
 0.9773707  759.0000
 0.9775690  760.0000
 0.9777692  761.0000
 0.9779710  762.0000
 0.9781744  763.0000
 0.9783793  764.0000
 0.9785855  765.0000
 0.9787930  766.0000
 0.9790015  767.0000
 0.9792111  768.0000
 0.9794216  769.0000
 0.9796327  770.0000
 0.9798446  771.0000
 0.9800569  772.0000
 0.9802697  773.0000
 0.9804826  774.0000
 0.9806958  775.0000
 0.9809089  776.0000
 0.9811219  777.0000
 0.9813346  778.0000
 0.9815470  779.0000
 0.9817588  780.0000
 0.9819700  781.0000
 0.9821805  782.0000
 0.9823900  783.0000
 0.9825986  784.0000
 0.9828061  785.0000
 0.9830123  786.0000
 0.9832171  787.0000
 0.9834206  788.0000
 0.9836224  789.0000
 0.9838225  790.0000
 0.9840209  791.0000
 0.9842173  792.0000
 0.9844119  793.0000
 0.9846043  794.0000
 0.9847946  795.0000
 0.9849827  796.0000
 0.9851683  797.0000
 0.9853517  798.0000
 0.9855325  799.0000
 0.9857108  800.0000
 0.9858865  801.0000
 0.9860595  802.0000
 0.9862298  803.0000
 0.9863973  804.0000
 0.9865620  805.0000
 0.9867238  806.0000
 0.9868827  807.0000
 0.9870386  808.0000
 0.9871916  809.0000
 0.9873415  810.0000
 0.9874884  811.0000
 0.9876323  812.0000
 0.9877731  813.0000
 0.9879108  814.0000
 0.9880454  815.0000
 0.9881769  816.0000
 0.9883053  817.0000
 0.9884306  818.0000
 0.9885527  819.0000
 0.9886718  820.0000
 0.9887879  821.0000
 0.9889008  822.0000
 0.9890107  823.0000
 0.9891175  824.0000
 0.9892213  825.0000
 0.9893221  826.0000
 0.9894200  827.0000
 0.9895148  828.0000
 0.9896068  829.0000
 0.9896959  830.0000
 0.9897821  831.0000
 0.9898655  832.0000
 0.9899461  833.0000
 0.9900239  834.0000
 0.9900990  835.0000
 0.9901714  836.0000
 0.9902412  837.0000
 0.9903083  838.0000
 0.9903729  839.0000
 0.9904350  840.0000
 0.9904946  841.0000
 0.9905517  842.0000
 0.9906065  843.0000
 0.9906589  844.0000
 0.9907090  845.0000
 0.9907569  846.0000
 0.9908025  847.0000
 0.9908459  848.0000
 0.9908872  849.0000
 0.9909264  850.0000
 0.9909636  851.0000
 0.9909988  852.0000
 0.9910320  853.0000
 0.9910634  854.0000
 0.9910928  855.0000
 0.9911204  856.0000
 0.9911463  857.0000
 0.9911703  858.0000
 0.9911928  859.0000
 0.9912135  860.0000
 0.9912326  861.0000
 0.9912502  862.0000
 0.9912663  863.0000
 0.9912808  864.0000
 0.9912938  865.0000
 0.9913055  866.0000
 0.9913158  867.0000
 0.9913247  868.0000
 0.9913324  869.0000
 0.9913387  870.0000
 0.9913439  871.0000
 0.9913478  872.0000
 0.9913505  873.0000
 0.9913522  874.0000
 0.9913527  875.0000
 0.9913522  876.0000
 0.9913507  877.0000
 0.9913481  878.0000
 0.9913445  879.0000
 0.9913400  880.0000
 0.9913347  881.0000
 0.9913284  882.0000
 0.9913213  883.0000
 0.9913133  884.0000
 0.9913045  885.0000
 0.9912950  886.0000
 0.9912847  887.0000
 0.9912736  888.0000
 0.9912619  889.0000
 0.9912495  890.0000
 0.9912364  891.0000
 0.9912227  892.0000
 0.9912084  893.0000
 0.9911935  894.0000
 0.9911780  895.0000
 0.9911620  896.0000
 0.9911454  897.0000
 0.9911284  898.0000
 0.9911108  899.0000
 0.9910928  900.0000
 0.9910743  901.0000
 0.9910554  902.0000
 0.9910361  903.0000
 0.9910163  904.0000
 0.9909962  905.0000
 0.9909757  906.0000
 0.9909548  907.0000
 0.9909336  908.0000
 0.9909120  909.0000
 0.9908902  910.0000
 0.9908680  911.0000
 0.9908456  912.0000
 0.9908229  913.0000
 0.9907999  914.0000
 0.9907767  915.0000
 0.9907532  916.0000
 0.9907295  917.0000
 0.9907056  918.0000
 0.9906815  919.0000
 0.9906572  920.0000
 0.9906327  921.0000
 0.9906080  922.0000
 0.9905831  923.0000
 0.9905581  924.0000
 0.9905329  925.0000
 0.9905077  926.0000
 0.9904822  927.0000
 0.9904567  928.0000
 0.9904310  929.0000
 0.9904053  930.0000
 0.9903794  931.0000
 0.9903534  932.0000
 0.9903274  933.0000
 0.9903013  934.0000
 0.9902750  935.0000
 0.9902488  936.0000
 0.9902225  937.0000
 0.9901960  938.0000
 0.9901696  939.0000
 0.9901432  940.0000
 0.9901167  941.0000
 0.9900901  942.0000
 0.9900635  943.0000
 0.9900370  944.0000
 0.9900103  945.0000
 0.9899837  946.0000
 0.9899571  947.0000
 0.9899305  948.0000
 0.9899038  949.0000
 0.9898772  950.0000
 0.9898505  951.0000
 0.9898239  952.0000
 0.9897973  953.0000
 0.9897707  954.0000
 0.9897441  955.0000
 0.9897176  956.0000
 0.9896911  957.0000
 0.9896646  958.0000
 0.9896381  959.0000
 0.9896117  960.0000
 0.9895853  961.0000
 0.9895590  962.0000
 0.9895327  963.0000
 0.9895064  964.0000
 0.9894803  965.0000
 0.9894541  966.0000
 0.9894280  967.0000
 0.9894019  968.0000
 0.9893759  969.0000
 0.9893500  970.0000
 0.9893242  971.0000
 0.9892983  972.0000
 0.9892726  973.0000
 0.9892470  974.0000
 0.9892213  975.0000
 0.9891958  976.0000
 0.9891703  977.0000
 0.9891449  978.0000
 0.9891196  979.0000
 0.9890943  980.0000
 0.9890692  981.0000
 0.9890441  982.0000
 0.9890190  983.0000
 0.9889941  984.0000
 0.9889692  985.0000
 0.9889444  986.0000
 0.9889197  987.0000
 0.9888951  988.0000
 0.9888705  989.0000
 0.9888461  990.0000
 0.9888217  991.0000
 0.9887974  992.0000
 0.9887732  993.0000
 0.9887490  994.0000
 0.9887250  995.0000
 0.9887010  996.0000
 0.9886771  997.0000
 0.9886534  998.0000
 0.9886297  999.0000
 0.9886061 1000.0000
 0.9885826 1001.0000
 0.9885591 1002.0000
 0.9885358 1003.0000
 0.9885126 1004.0000
 0.9884894 1005.0000
 0.9884663 1006.0000
 0.9884434 1007.0000
 0.9884205 1008.0000
 0.9883977 1009.0000
 0.9883750 1010.0000
 0.9883524 1011.0000
 0.9883298 1012.0000
 0.9883074 1013.0000
 0.9882851 1014.0000
 0.9882628 1015.0000
 0.9882407 1016.0000
 0.9882186 1017.0000
 0.9881967 1018.0000
 0.9881747 1019.0000
 0.9881530 1020.0000
 0.9881313 1021.0000
 0.9881096 1022.0000
 0.9880881 1023.0000
 0.9880667 1024.0000
 0.9880454 1025.0000
 0.9880242 1026.0000
 0.9880030 1027.0000
 0.9879819 1028.0000
 0.9879610 1029.0000
 0.9879401 1030.0000
 0.9879193 1031.0000
 0.9878986 1032.0000
 0.9878780 1033.0000
 0.9878575 1034.0000
 0.9878370 1035.0000
 0.9878167 1036.0000
 0.9877964 1037.0000
 0.9877763 1038.0000
 0.9877562 1039.0000
 0.9877362 1040.0000
 0.9877163 1041.0000
 0.9876965 1042.0000
 0.9876767 1043.0000
 0.9876571 1044.0000
 0.9876376 1045.0000
 0.9876181 1046.0000
 0.9875987 1047.0000
 0.9875795 1048.0000
 0.9875602 1049.0000
 0.9875411 1050.0000
 0.9875221 1051.0000
 0.9875031 1052.0000
 0.9874843 1053.0000
 0.9874655 1054.0000
 0.9874468 1055.0000
 0.9874282 1056.0000
 0.9874097 1057.0000
 0.9873912 1058.0000
 0.9873728 1059.0000
 0.9873545 1060.0000
 0.9873363 1061.0000
 0.9873182 1062.0000
 0.9873002 1063.0000
 0.9872822 1064.0000
 0.9872643 1065.0000
 0.9872466 1066.0000
 0.9872288 1067.0000
 0.9872112 1068.0000
 0.9871936 1069.0000
 0.9871762 1070.0000
 0.9871588 1071.0000
 0.9871414 1072.0000
 0.9871242 1073.0000
 0.9871070 1074.0000
 0.9870899 1075.0000
 0.9870729 1076.0000
 0.9870560 1077.0000
 0.9870391 1078.0000
 0.9870223 1079.0000
 0.9870057 1080.0000
 0.9869890 1081.0000
 0.9869725 1082.0000
 0.9869559 1083.0000
 0.9869395 1084.0000
 0.9869232 1085.0000
 0.9869069 1086.0000
 0.9868907 1087.0000
 0.9868746 1088.0000
 0.9868586 1089.0000
 0.9868426 1090.0000
 0.9868267 1091.0000
 0.9868109 1092.0000
 0.9867951 1093.0000
 0.9867794 1094.0000
 0.9867638 1095.0000
 0.9867482 1096.0000
 0.9867327 1097.0000
 0.9867173 1098.0000
 0.9867020 1099.0000
 0.9866867 1100.0000
 0.9866715 1101.0000
 0.9866564 1102.0000
 0.9866413 1103.0000
 0.9866263 1104.0000
 0.9866113 1105.0000
 0.9865965 1106.0000
 0.9865816 1107.0000
 0.9865669 1108.0000
 0.9865522 1109.0000
 0.9865376 1110.0000
 0.9865230 1111.0000
 0.9865085 1112.0000
 0.9864941 1113.0000
 0.9864798 1114.0000
 0.9864655 1115.0000
 0.9864512 1116.0000
 0.9864370 1117.0000
 0.9864230 1118.0000
 0.9864089 1119.0000
 0.9863949 1120.0000
 0.9863810 1121.0000
 0.9863671 1122.0000
 0.9863533 1123.0000
 0.9863396 1124.0000
 0.9863259 1125.0000
 0.9863122 1126.0000
 0.9862987 1127.0000
 0.9862852 1128.0000
 0.9862717 1129.0000
 0.9862583 1130.0000
 0.9862450 1131.0000
 0.9862317 1132.0000
 0.9862185 1133.0000
 0.9862053 1134.0000
 0.9861922 1135.0000
 0.9861791 1136.0000
 0.9861661 1137.0000
 0.9861532 1138.0000
 0.9861403 1139.0000
 0.9861275 1140.0000
 0.9861147 1141.0000
 0.9861020 1142.0000
 0.9860893 1143.0000
 0.9860767 1144.0000
 0.9860641 1145.0000
 0.9860516 1146.0000
 0.9860392 1147.0000
 0.9860268 1148.0000
 0.9860144 1149.0000
 0.9860021 1150.0000
 0.9859899 1151.0000
 0.9859777 1152.0000
 0.9859655 1153.0000
 0.9859535 1154.0000
 0.9859414 1155.0000
 0.9859294 1156.0000
 0.9859175 1157.0000
 0.9859056 1158.0000
 0.9858938 1159.0000
 0.9858820 1160.0000
 0.9858702 1161.0000
 0.9858585 1162.0000
 0.9858469 1163.0000
 0.9858353 1164.0000
 0.9858238 1165.0000
 0.9858122 1166.0000
 0.9858008 1167.0000
 0.9857894 1168.0000
 0.9857780 1169.0000
 0.9857667 1170.0000
 0.9857554 1171.0000
 0.9857442 1172.0000
 0.9857330 1173.0000
 0.9857219 1174.0000
 0.9857108 1175.0000
 0.9856998 1176.0000
 0.9856888 1177.0000
 0.9856778 1178.0000
 0.9856669 1179.0000
 0.9856561 1180.0000
 0.9856452 1181.0000
 0.9856344 1182.0000
 0.9856237 1183.0000
 0.9856130 1184.0000
 0.9856024 1185.0000
 0.9855918 1186.0000
 0.9855812 1187.0000
 0.9855707 1188.0000
 0.9855602 1189.0000
 0.9855498 1190.0000
 0.9855394 1191.0000
 0.9855291 1192.0000
 0.9855188 1193.0000
 0.9855085 1194.0000
 0.9854982 1195.0000
 0.9854881 1196.0000
 0.9854779 1197.0000
 0.9854679 1198.0000
 0.9854578 1199.0000
 0.9854477 1200.0000
 0.9854378 1201.0000
 0.9854278 1202.0000
 0.9854179 1203.0000
 0.9854080 1204.0000
 0.9853982 1205.0000
 0.9853884 1206.0000
 0.9853786 1207.0000
 0.9853689 1208.0000
 0.9853593 1209.0000
 0.9853496 1210.0000
 0.9853400 1211.0000
 0.9853304 1212.0000
 0.9853209 1213.0000
 0.9853114 1214.0000
 0.9853019 1215.0000
 0.9852925 1216.0000
 0.9852831 1217.0000
 0.9852738 1218.0000
 0.9852645 1219.0000
 0.9852552 1220.0000
 0.9852459 1221.0000
 0.9852367 1222.0000
 0.9852275 1223.0000
 0.9852184 1224.0000
 0.9852093 1225.0000
 0.9852002 1226.0000
 0.9851912 1227.0000
 0.9851822 1228.0000
 0.9851732 1229.0000
 0.9851643 1230.0000
 0.9851554 1231.0000
 0.9851465 1232.0000
 0.9851377 1233.0000
 0.9851289 1234.0000
 0.9851201 1235.0000
 0.9851114 1236.0000
 0.9851027 1237.0000
 0.9850940 1238.0000
 0.9850854 1239.0000
 0.9850768 1240.0000
 0.9850682 1241.0000
 0.9850597 1242.0000
 0.9850512 1243.0000
 0.9850427 1244.0000
 0.9850342 1245.0000
 0.9850258 1246.0000
 0.9850174 1247.0000
 0.9850091 1248.0000
 0.9850008 1249.0000
 0.9849925 1250.0000
 0.9849842 1251.0000
 0.9849760 1252.0000
 0.9849678 1253.0000
 0.9849596 1254.0000
 0.9849514 1255.0000
 0.9849433 1256.0000
 0.9849353 1257.0000
 0.9849272 1258.0000
 0.9849192 1259.0000
 0.9849112 1260.0000
 0.9849032 1261.0000
 0.9848953 1262.0000
 0.9848874 1263.0000
 0.9848795 1264.0000
 0.9848716 1265.0000
 0.9848638 1266.0000
 0.9848560 1267.0000
 0.9848483 1268.0000
 0.9848405 1269.0000
 0.9848328 1270.0000
 0.9848251 1271.0000
 0.9848174 1272.0000
 0.9848098 1273.0000
 0.9848022 1274.0000
 0.9847946 1275.0000
 0.9847870 1276.0000
 0.9847795 1277.0000
 0.9847720 1278.0000
 0.9847646 1279.0000
 0.9847571 1280.0000
 0.9847497 1281.0000
 0.9847423 1282.0000
 0.9847349 1283.0000
 0.9847276 1284.0000
 0.9847202 1285.0000
 0.9847130 1286.0000
 0.9847057 1287.0000
 0.9846984 1288.0000
 0.9846912 1289.0000
 0.9846841 1290.0000
 0.9846768 1291.0000
 0.9846697 1292.0000
 0.9846626 1293.0000
 0.9846555 1294.0000
 0.9846484 1295.0000
 0.9846414 1296.0000
 0.9846343 1297.0000
 0.9846274 1298.0000
 0.9846204 1299.0000
 0.9846134 1300.0000
 0.9846065 1301.0000
 0.9845996 1302.0000
 0.9845927 1303.0000
 0.9845859 1304.0000
 0.9845790 1305.0000
 0.9845722 1306.0000
 0.9845654 1307.0000
 0.9845586 1308.0000
 0.9845519 1309.0000
 0.9845452 1310.0000
 0.9845385 1311.0000
 0.9845318 1312.0000
 0.9845251 1313.0000
 0.9845185 1314.0000
 0.9845119 1315.0000
 0.9845054 1316.0000
 0.9844988 1317.0000
 0.9844922 1318.0000
 0.9844857 1319.0000
 0.9844792 1320.0000
 0.9844728 1321.0000
 0.9844663 1322.0000
 0.9844598 1323.0000
 0.9844534 1324.0000
 0.9844470 1325.0000
 0.9844406 1326.0000
 0.9844343 1327.0000
 0.9844280 1328.0000
 0.9844217 1329.0000
 0.9844154 1330.0000
 0.9844091 1331.0000
 0.9844028 1332.0000
 0.9843966 1333.0000
 0.9843904 1334.0000
 0.9843842 1335.0000
 0.9843780 1336.0000
 0.9843719 1337.0000
 0.9843658 1338.0000
 0.9843597 1339.0000
 0.9843535 1340.0000
 0.9843475 1341.0000
 0.9843414 1342.0000
 0.9843354 1343.0000
 0.9843294 1344.0000
 0.9843234 1345.0000
 0.9843174 1346.0000
 0.9843115 1347.0000
 0.9843056 1348.0000
 0.9842996 1349.0000
 0.9842937 1350.0000
 0.9842879 1351.0000
 0.9842820 1352.0000
 0.9842761 1353.0000
 0.9842703 1354.0000
 0.9842645 1355.0000
 0.9842587 1356.0000
 0.9842529 1357.0000
 0.9842472 1358.0000
 0.9842415 1359.0000
 0.9842358 1360.0000
 0.9842300 1361.0000
 0.9842244 1362.0000
 0.9842187 1363.0000
 0.9842131 1364.0000
 0.9842074 1365.0000
 0.9842018 1366.0000
 0.9841962 1367.0000
 0.9841906 1368.0000
 0.9841851 1369.0000
 0.9841796 1370.0000
 0.9841740 1371.0000
 0.9841685 1372.0000
 0.9841630 1373.0000
 0.9841576 1374.0000
 0.9841521 1375.0000
 0.9841467 1376.0000
 0.9841412 1377.0000
 0.9841358 1378.0000
 0.9841304 1379.0000
 0.9841250 1380.0000
 0.9841197 1381.0000
 0.9841143 1382.0000
 0.9841090 1383.0000
 0.9841037 1384.0000
 0.9840984 1385.0000
 0.9840931 1386.0000
 0.9840879 1387.0000
 0.9840826 1388.0000
 0.9840774 1389.0000
 0.9840722 1390.0000
 0.9840670 1391.0000
 0.9840618 1392.0000
 0.9840567 1393.0000
 0.9840515 1394.0000
 0.9840463 1395.0000
 0.9840412 1396.0000
 0.9840361 1397.0000
 0.9840310 1398.0000
 0.9840260 1399.0000
 0.9840209 1400.0000
 0.9840158 1401.0000
 0.9840108 1402.0000
 0.9840058 1403.0000
 0.9840008 1404.0000
 0.9839958 1405.0000
 0.9839908 1406.0000
 0.9839858 1407.0000
 0.9839809 1408.0000
 0.9839760 1409.0000
 0.9839711 1410.0000
 0.9839662 1411.0000
 0.9839613 1412.0000
 0.9839564 1413.0000
 0.9839516 1414.0000
 0.9839467 1415.0000
 0.9839419 1416.0000
 0.9839371 1417.0000
 0.9839323 1418.0000
 0.9839275 1419.0000
 0.9839227 1420.0000
 0.9839180 1421.0000
 0.9839132 1422.0000
 0.9839085 1423.0000
 0.9839037 1424.0000
 0.9838990 1425.0000
 0.9838943 1426.0000
 0.9838896 1427.0000
 0.9838850 1428.0000
 0.9838803 1429.0000
 0.9838757 1430.0000
 0.9838710 1431.0000
 0.9838665 1432.0000
 0.9838619 1433.0000
 0.9838573 1434.0000
 0.9838527 1435.0000
 0.9838481 1436.0000
 0.9838436 1437.0000
 0.9838390 1438.0000
 0.9838345 1439.0000
 0.9838300 1440.0000
 0.9838255 1441.0000
 0.9838210 1442.0000
 0.9838166 1443.0000
 0.9838121 1444.0000
 0.9838076 1445.0000
 0.9838032 1446.0000
 0.9837988 1447.0000
 0.9837944 1448.0000
 0.9837900 1449.0000
 0.9837856 1450.0000
 0.9837812 1451.0000
 0.9837769 1452.0000
 0.9837725 1453.0000
 0.9837682 1454.0000
 0.9837638 1455.0000
 0.9837595 1456.0000
 0.9837552 1457.0000
 0.9837509 1458.0000
 0.9837466 1459.0000
 0.9837424 1460.0000
 0.9837381 1461.0000
 0.9837339 1462.0000
 0.9837297 1463.0000
 0.9837254 1464.0000
 0.9837212 1465.0000
 0.9837170 1466.0000
 0.9837128 1467.0000
 0.9837086 1468.0000
 0.9837044 1469.0000
 0.9837003 1470.0000
 0.9836962 1471.0000
 0.9836920 1472.0000
 0.9836879 1473.0000
 0.9836838 1474.0000
 0.9836797 1475.0000
 0.9836757 1476.0000
 0.9836715 1477.0000
 0.9836675 1478.0000
 0.9836634 1479.0000
 0.9836594 1480.0000
 0.9836554 1481.0000
 0.9836513 1482.0000
 0.9836473 1483.0000
 0.9836434 1484.0000
 0.9836394 1485.0000
 0.9836354 1486.0000
 0.9836314 1487.0000
 0.9836274 1488.0000
 0.9836235 1489.0000
 0.9836196 1490.0000
 0.9836156 1491.0000
 0.9836117 1492.0000
 0.9836078 1493.0000
 0.9836039 1494.0000
 0.9836000 1495.0000
 0.9835961 1496.0000
 0.9835923 1497.0000
 0.9835884 1498.0000
 0.9835846 1499.0000
 0.9835808 1500.0000
 0.9835769 1501.0000
 0.9835731 1502.0000
 0.9835693 1503.0000
 0.9835655 1504.0000
 0.9835617 1505.0000
 0.9835579 1506.0000
 0.9835542 1507.0000
 0.9835504 1508.0000
 0.9835467 1509.0000
 0.9835429 1510.0000
 0.9835392 1511.0000
 0.9835355 1512.0000
 0.9835318 1513.0000
 0.9835281 1514.0000
 0.9835244 1515.0000
 0.9835207 1516.0000
 0.9835171 1517.0000
 0.9835134 1518.0000
 0.9835097 1519.0000
 0.9835061 1520.0000
 0.9835024 1521.0000
 0.9834988 1522.0000
 0.9834952 1523.0000
 0.9834916 1524.0000
 0.9834880 1525.0000
 0.9834844 1526.0000
 0.9834808 1527.0000
 0.9834772 1528.0000
 0.9834737 1529.0000
 0.9834701 1530.0000
 0.9834666 1531.0000
 0.9834630 1532.0000
 0.9834595 1533.0000
 0.9834560 1534.0000
 0.9834525 1535.0000
 0.9834490 1536.0000
 0.9834455 1537.0000
 0.9834421 1538.0000
 0.9834386 1539.0000
 0.9834351 1540.0000
 0.9834316 1541.0000
 0.9834282 1542.0000
 0.9834248 1543.0000
 0.9834213 1544.0000
 0.9834179 1545.0000
 0.9834145 1546.0000
 0.9834111 1547.0000
 0.9834077 1548.0000
 0.9834043 1549.0000
 0.9834009 1550.0000
 0.9833975 1551.0000
 0.9833942 1552.0000
 0.9833908 1553.0000
 0.9833875 1554.0000
 0.9833841 1555.0000
 0.9833808 1556.0000
 0.9833775 1557.0000
 0.9833742 1558.0000
 0.9833708 1559.0000
 0.9833676 1560.0000
 0.9833643 1561.0000
 0.9833610 1562.0000
 0.9833577 1563.0000
 0.9833544 1564.0000
 0.9833512 1565.0000
 0.9833480 1566.0000
 0.9833447 1567.0000
 0.9833415 1568.0000
 0.9833382 1569.0000
 0.9833350 1570.0000
 0.9833318 1571.0000
 0.9833286 1572.0000
 0.9833254 1573.0000
 0.9833222 1574.0000
 0.9833190 1575.0000
 0.9833158 1576.0000
 0.9833127 1577.0000
 0.9833095 1578.0000
 0.9833063 1579.0000
 0.9833032 1580.0000
 0.9833001 1581.0000
 0.9832970 1582.0000
 0.9832938 1583.0000
 0.9832907 1584.0000
 0.9832876 1585.0000
 0.9832845 1586.0000
 0.9832814 1587.0000
 0.9832783 1588.0000
 0.9832752 1589.0000
 0.9832722 1590.0000
 0.9832692 1591.0000
 0.9832661 1592.0000
 0.9832630 1593.0000
 0.9832600 1594.0000
 0.9832569 1595.0000
 0.9832539 1596.0000
 0.9832509 1597.0000
 0.9832479 1598.0000
 0.9832449 1599.0000
 0.9832419 1600.0000
 0.9832389 1601.0000
 0.9832359 1602.0000
 0.9832329 1603.0000
 0.9832299 1604.0000
 0.9832270 1605.0000
 0.9832240 1606.0000
 0.9832211 1607.0000
 0.9832181 1608.0000
 0.9832152 1609.0000
 0.9832122 1610.0000
 0.9832093 1611.0000
 0.9832064 1612.0000
 0.9832035 1613.0000
 0.9832006 1614.0000
 0.9831977 1615.0000
 0.9831948 1616.0000
 0.9831919 1617.0000
 0.9831890 1618.0000
 0.9831862 1619.0000
 0.9831833 1620.0000
 0.9831805 1621.0000
 0.9831776 1622.0000
 0.9831747 1623.0000
 0.9831719 1624.0000
 0.9831691 1625.0000
 0.9831662 1626.0000
 0.9831634 1627.0000
 0.9831606 1628.0000
 0.9831578 1629.0000
 0.9831550 1630.0000
 0.9831522 1631.0000
 0.9831494 1632.0000
 0.9831466 1633.0000
 0.9831439 1634.0000
 0.9831411 1635.0000
 0.9831383 1636.0000
 0.9831356 1637.0000
 0.9831328 1638.0000
 0.9831300 1639.0000
 0.9831273 1640.0000
 0.9831246 1641.0000
 0.9831219 1642.0000
 0.9831191 1643.0000
 0.9831164 1644.0000
 0.9831137 1645.0000
 0.9831110 1646.0000
 0.9831083 1647.0000
 0.9831056 1648.0000
 0.9831029 1649.0000
 0.9831002 1650.0000
 0.9830976 1651.0000
 0.9830949 1652.0000
 0.9830922 1653.0000
 0.9830896 1654.0000
 0.9830869 1655.0000
 0.9830843 1656.0000
 0.9830816 1657.0000
 0.9830790 1658.0000
 0.9830764 1659.0000
 0.9830738 1660.0000
 0.9830711 1661.0000
 0.9830685 1662.0000
 0.9830660 1663.0000
 0.9830633 1664.0000
 0.9830607 1665.0000
 0.9830582 1666.0000
 0.9830556 1667.0000
 0.9830530 1668.0000
 0.9830504 1669.0000
 0.9830478 1670.0000
 0.9830453 1671.0000
 0.9830427 1672.0000
 0.9830402 1673.0000
 0.9830377 1674.0000
 0.9830351 1675.0000
 0.9830326 1676.0000
 0.9830300 1677.0000
 0.9830275 1678.0000
 0.9830250 1679.0000
 0.9830225 1680.0000
 0.9830200 1681.0000
 0.9830175 1682.0000
 0.9830150 1683.0000
 0.9830125 1684.0000
 0.9830100 1685.0000
 0.9830076 1686.0000
 0.9830050 1687.0000
 0.9830026 1688.0000
 0.9830002 1689.0000
 0.9829977 1690.0000
 0.9829952 1691.0000
 0.9829928 1692.0000
 0.9829903 1693.0000
 0.9829879 1694.0000
 0.9829854 1695.0000
 0.9829831 1696.0000
 0.9829806 1697.0000
 0.9829782 1698.0000
 0.9829758 1699.0000
 0.9829733 1700.0000
 0.9829710 1701.0000
 0.9829686 1702.0000
 0.9829662 1703.0000
 0.9829638 1704.0000
 0.9829614 1705.0000
 0.9829590 1706.0000
 0.9829566 1707.0000
 0.9829543 1708.0000
 0.9829519 1709.0000
 0.9829496 1710.0000
 0.9829472 1711.0000
 0.9829448 1712.0000
 0.9829425 1713.0000
 0.9829402 1714.0000
 0.9829378 1715.0000
 0.9829355 1716.0000
 0.9829332 1717.0000
 0.9829308 1718.0000
 0.9829286 1719.0000
 0.9829262 1720.0000
 0.9829239 1721.0000
 0.9829217 1722.0000
 0.9829193 1723.0000
 0.9829171 1724.0000
 0.9829147 1725.0000
 0.9829125 1726.0000
 0.9829102 1727.0000
 0.9829080 1728.0000
 0.9829057 1729.0000
 0.9829034 1730.0000
 0.9829012 1731.0000
 0.9828989 1732.0000
 0.9828966 1733.0000
 0.9828944 1734.0000
 0.9828922 1735.0000
 0.9828899 1736.0000
 0.9828877 1737.0000
 0.9828854 1738.0000
 0.9828832 1739.0000
 0.9828810 1740.0000
 0.9828788 1741.0000
 0.9828766 1742.0000
 0.9828744 1743.0000
 0.9828722 1744.0000
 0.9828700 1745.0000
 0.9828678 1746.0000
 0.9828656 1747.0000
 0.9828634 1748.0000
 0.9828612 1749.0000
 0.9828591 1750.0000
 0.9828569 1751.0000
 0.9828547 1752.0000
 0.9828526 1753.0000
 0.9828504 1754.0000
 0.9828482 1755.0000
 0.9828461 1756.0000
 0.9828439 1757.0000
 0.9828418 1758.0000
 0.9828397 1759.0000
 0.9828376 1760.0000
 0.9828354 1761.0000
 0.9828333 1762.0000
 0.9828312 1763.0000
 0.9828291 1764.0000
 0.9828269 1765.0000
 0.9828249 1766.0000
 0.9828227 1767.0000
 0.9828206 1768.0000
 0.9828185 1769.0000
 0.9828165 1770.0000
 0.9828144 1771.0000
 0.9828123 1772.0000
 0.9828102 1773.0000
 0.9828081 1774.0000
 0.9828061 1775.0000
 0.9828040 1776.0000
 0.9828019 1777.0000
 0.9827999 1778.0000
 0.9827978 1779.0000
 0.9827958 1780.0000
 0.9827937 1781.0000
 0.9827917 1782.0000
 0.9827896 1783.0000
 0.9827876 1784.0000
 0.9827856 1785.0000
 0.9827836 1786.0000
 0.9827815 1787.0000
 0.9827795 1788.0000
 0.9827775 1789.0000
 0.9827755 1790.0000
 0.9827735 1791.0000
 0.9827715 1792.0000
 0.9827695 1793.0000
 0.9827675 1794.0000
 0.9827655 1795.0000
 0.9827635 1796.0000
 0.9827615 1797.0000
 0.9827595 1798.0000
 0.9827576 1799.0000
 0.9827556 1800.0000
 0.9827536 1801.0000
 0.9827517 1802.0000
 0.9827497 1803.0000
 0.9827477 1804.0000
 0.9827458 1805.0000
 0.9827438 1806.0000
 0.9827419 1807.0000
 0.9827399 1808.0000
 0.9827380 1809.0000
 0.9827361 1810.0000
 0.9827341 1811.0000
 0.9827322 1812.0000
 0.9827303 1813.0000
 0.9827284 1814.0000
 0.9827264 1815.0000
 0.9827245 1816.0000
 0.9827226 1817.0000
 0.9827207 1818.0000
 0.9827188 1819.0000
 0.9827169 1820.0000
 0.9827150 1821.0000
 0.9827131 1822.0000
 0.9827112 1823.0000
 0.9827093 1824.0000
 0.9827074 1825.0000
 0.9827055 1826.0000
 0.9827037 1827.0000
 0.9827018 1828.0000
 0.9826999 1829.0000
 0.9826981 1830.0000
 0.9826962 1831.0000
 0.9826943 1832.0000
 0.9826925 1833.0000
 0.9826906 1834.0000
 0.9826888 1835.0000
 0.9826869 1836.0000
 0.9826851 1837.0000
 0.9826832 1838.0000
 0.9826815 1839.0000
 0.9826796 1840.0000
 0.9826778 1841.0000
 0.9826759 1842.0000
 0.9826741 1843.0000
 0.9826723 1844.0000
 0.9826705 1845.0000
 0.9826687 1846.0000
 0.9826669 1847.0000
 0.9826651 1848.0000
 0.9826633 1849.0000
 0.9826615 1850.0000
 0.9826596 1851.0000
 0.9826578 1852.0000
 0.9826561 1853.0000
 0.9826543 1854.0000
 0.9826525 1855.0000
 0.9826508 1856.0000
 0.9826490 1857.0000
 0.9826472 1858.0000
 0.9826454 1859.0000
 0.9826437 1860.0000
 0.9826419 1861.0000
 0.9826401 1862.0000
 0.9826384 1863.0000
 0.9826366 1864.0000
 0.9826348 1865.0000
 0.9826331 1866.0000
 0.9826314 1867.0000
 0.9826297 1868.0000
 0.9826279 1869.0000
 0.9826261 1870.0000
 0.9826244 1871.0000
 0.9826227 1872.0000
 0.9826210 1873.0000
 0.9826192 1874.0000
 0.9826175 1875.0000
 0.9826158 1876.0000
 0.9826141 1877.0000
 0.9826124 1878.0000
 0.9826107 1879.0000
 0.9826090 1880.0000
 0.9826072 1881.0000
 0.9826056 1882.0000
 0.9826038 1883.0000
 0.9826022 1884.0000
 0.9826005 1885.0000
 0.9825988 1886.0000
 0.9825971 1887.0000
 0.9825954 1888.0000
 0.9825938 1889.0000
 0.9825921 1890.0000
 0.9825904 1891.0000
 0.9825888 1892.0000
 0.9825871 1893.0000
 0.9825854 1894.0000
 0.9825838 1895.0000
 0.9825821 1896.0000
 0.9825804 1897.0000
 0.9825788 1898.0000
 0.9825771 1899.0000
 0.9825755 1900.0000
 0.9825739 1901.0000
 0.9825722 1902.0000
 0.9825706 1903.0000
 0.9825689 1904.0000
 0.9825673 1905.0000
 0.9825657 1906.0000
 0.9825640 1907.0000
 0.9825624 1908.0000
 0.9825608 1909.0000
 0.9825592 1910.0000
 0.9825576 1911.0000
 0.9825560 1912.0000
 0.9825544 1913.0000
 0.9825528 1914.0000
 0.9825512 1915.0000
 0.9825495 1916.0000
 0.9825479 1917.0000
 0.9825463 1918.0000
 0.9825448 1919.0000
 0.9825432 1920.0000
 0.9825416 1921.0000
 0.9825400 1922.0000
 0.9825384 1923.0000
 0.9825369 1924.0000
 0.9825352 1925.0000
 0.9825337 1926.0000
 0.9825321 1927.0000
 0.9825305 1928.0000
 0.9825290 1929.0000
 0.9825274 1930.0000
 0.9825258 1931.0000
 0.9825243 1932.0000
 0.9825227 1933.0000
 0.9825212 1934.0000
 0.9825196 1935.0000
 0.9825181 1936.0000
 0.9825165 1937.0000
 0.9825150 1938.0000
 0.9825134 1939.0000
 0.9825119 1940.0000
 0.9825104 1941.0000
 0.9825088 1942.0000
 0.9825073 1943.0000
 0.9825058 1944.0000
 0.9825042 1945.0000
 0.9825028 1946.0000
 0.9825012 1947.0000
 0.9824997 1948.0000
 0.9824982 1949.0000
 0.9824967 1950.0000
 0.9824952 1951.0000
 0.9824936 1952.0000
 0.9824921 1953.0000
 0.9824907 1954.0000
 0.9824892 1955.0000
 0.9824877 1956.0000
 0.9824862 1957.0000
 0.9824847 1958.0000
 0.9824832 1959.0000
 0.9824817 1960.0000
 0.9824802 1961.0000
 0.9824787 1962.0000
 0.9824772 1963.0000
 0.9824758 1964.0000
 0.9824743 1965.0000
 0.9824728 1966.0000
 0.9824713 1967.0000
 0.9824699 1968.0000
 0.9824684 1969.0000
 0.9824669 1970.0000
 0.9824655 1971.0000
 0.9824641 1972.0000
 0.9824626 1973.0000
 0.9824612 1974.0000
 0.9824597 1975.0000
 0.9824582 1976.0000
 0.9824568 1977.0000
 0.9824554 1978.0000
 0.9824539 1979.0000
 0.9824525 1980.0000
 0.9824510 1981.0000
 0.9824496 1982.0000
 0.9824482 1983.0000
 0.9824467 1984.0000
 0.9824453 1985.0000
 0.9824439 1986.0000
 0.9824424 1987.0000
 0.9824411 1988.0000
 0.9824396 1989.0000
 0.9824382 1990.0000
 0.9824368 1991.0000
 0.9824354 1992.0000
 0.9824340 1993.0000
 0.9824325 1994.0000
 0.9824312 1995.0000
 0.9824297 1996.0000
 0.9824284 1997.0000
 0.9824269 1998.0000
 0.9824256 1999.0000
 0.9824242 2000.0000
