1015.000  0.00480118
1015.107  0.00470591
1015.214  0.00450142
1015.321  0.00489096
1015.429  0.00503775
1015.536  0.00535831
1015.643  0.00530518
1015.750  0.00561852
1015.857  0.00545976
1015.964  0.00551064
1016.071  0.00571463
1016.179  0.00570469
1016.286  0.00648722
1016.393  0.00712098
1016.500  0.00662277
1016.607  0.00605487
1016.714  0.00757978
1016.821  0.00741134
1016.929  0.00706471
1017.036  0.00796085
1017.143  0.00848905
1017.250  0.00854879
1017.357  0.00963524
1017.464  0.00992374
1017.571  0.00999282
1017.679  0.0116692
1017.786  0.0123418
1017.893  0.0131045
1018.000  0.0150504
1018.107  0.016946
1018.214  0.0195375
1018.321  0.0224409
1018.429  0.0280245
1018.536  0.034326
1018.643  0.043391
1018.750  0.0556996
1018.857  0.0674581
1018.964  0.0850618
1019.071  0.107995
1019.179  0.134643
1019.286  0.164727
1019.393  0.196222
1019.500  0.247584
1019.607  0.288466
1019.714  0.351744
1019.821  0.408442
1019.929  0.485516
1020.036  0.55796
1020.143  0.647421
1020.250  0.716223
1020.357  0.798597
1020.464  0.866923
1020.571  0.924857
1020.679  0.962342
1020.786  0.984971
1020.893  0.997462
1021.000  0.998862
1021.107  0.99432
1021.214  0.986621
1021.321  0.974901
1021.429  0.966525
1021.536  0.955322
1021.643  0.947095
1021.750  0.937001
1021.857  0.927927
1021.964  0.920764
1022.071  0.913449
1022.179  0.909216
1022.286  0.90693
1022.393  0.906337
1022.500  0.909978
1022.607  0.914923
1022.714  0.924444
1022.821  0.934812
1022.929  0.947759
1023.036  0.960437
1023.143  0.974297
1023.250  0.985915
1023.357  0.995456
1023.464  1
1023.571  0.999064
1023.679  0.993075
1023.786  0.981389
1023.893  0.958487
1024.000  0.932351
1024.107  0.89284
1024.214  0.850996
1024.321  0.798485
1024.429  0.745188
1024.536  0.671941
1024.643  0.614022
1024.750  0.529794
1024.857  0.464436
1024.964  0.381955
1025.071  0.316053
1025.179  0.249873
1025.286  0.200219
1025.393  0.152439
1025.500  0.11091
1025.607  0.0857158
1025.714  0.0614959
1025.821  0.0468784
1025.929  0.0326733
1026.036  0.0253393
1026.143  0.0192772
1026.250  0.0150909
1026.357  0.0113332
1026.464  0.00956585
1026.571  0.00736287
1026.679  0.00581587
1026.786  0.00437261
1026.893  0.00439213
1027.000  0.00403873
1027.107  0.00317259
1027.214  0.00247154
1027.321  0.00203803
1027.429  0.00130198
1027.536  0.00188483
1027.643  0.0021155
1027.750  0.00198534
1027.857  0.0017795
1027.964  0.000603772
1028.071  0.00101135
1028.179  0.000812863
1028.286  0.000943654
1028.393  0.000393748
1028.500  0.000754908
1028.607  0.000812178
1028.714  0.00117782
1028.821  0.00090698
1028.929  0.000679504
1029.036  0.000101282
1029.143  0.0000851115
1029.250  0.000988109
1029.357  0.000470315
1029.464  0.000250235
1029.571  0
1029.679  0.000619358
1029.786  0.000372349
1029.893  0.000308582
1030.000  0.000508398
