275.000  0.761454
275.106  0.678325
275.213  0.559658
275.319  0.54919
275.426  0.0970259
275.532  0.612269
275.638  0.966839
275.745  0.537855
275.851  0.00513913
275.957  0.760929
276.064  0.8814
276.170  0.272539
276.277  0.0344455
276.383  0.415898
276.489  0.798722
276.596  0.485277
276.702  0.0591262
276.809  0.636608
276.915  0.677942
277.021  0.455326
277.128  0.0562316
277.234  0.463292
277.340  0.68621
277.447  0.449191
277.553  0.0548342
277.660  0.359682
277.766  0.0356176
277.872  0.355623
277.979  0.00147494
278.085  0.395081
278.191  0.649859
278.298  0.0371121
278.404  0.136526
278.511  0.286629
278.617  0.149107
278.723  0.394973
278.830  0.125778
278.936  0.164766
279.043  0.515623
279.149  0.459644
279.255  0.0267923
279.362  0.082102
279.468  0.45726
279.574  0.349826
279.681  0.0606948
279.787  0.0395
279.894  0.120664
280.000  0.304205
280.106  0.299348
280.213  0.0266434
280.319  0.191777
280.426  0.491296
280.532  0.396574
280.638  0.0654653
280.745  0.471377
280.851  0
280.957  0.114764
281.064  0.141636
281.170  0.0370151
281.277  0.258151
281.383  0.027785
281.489  0.25597
281.596  0.406574
281.702  0.233289
281.809  0.210765
281.915  0.270076
282.021  0.0264393
282.128  0.0786419
282.234  0.0436824
282.340  0.373721
282.447  0.0405302
282.553  0.045891
282.660  0.00852888
282.766  0.231061
282.872  0.255448
282.979  0.0447979
283.085  0.177996
283.191  0.0316474
283.298  0.0481266
283.404  0.280498
283.511  0.0423797
283.617  0.239967
283.723  0.187119
283.830  0.0205787
283.936  0.194558
284.043  0.0839207
284.149  0.0260118
284.255  0.212643
284.362  0.186633
284.468  0.0326264
284.574  0.181862
284.681  0.0403824
284.787  0.0347523
284.894  0.260544
285.000  0.10349
285.106  0.225436
285.213  0.0840331
285.319  0.142179
285.426  0.0261348
285.532  0.0341613
285.638  0.239882
285.745  0.242781
285.851  0.115567
285.957  0.0442705
286.064  0.187036
286.170  0.270469
286.277  0.140923
286.383  0.0454972
286.489  0.216866
286.596  0.25123
286.702  0.170401
286.809  0.041907
286.915  0.203239
287.021  0.213104
287.128  0.160044
287.234  0.0416479
287.340  0.148391
287.447  0.241591
287.553  0.152937
287.660  0.0455364
287.766  0.130232
287.872  0.0578102
287.979  0.166982
288.085  0.0562872
288.191  0.101117
288.298  0.22582
288.404  0.167079
288.511  0.0648542
288.617  0.0810505
288.723  0.227628
288.830  0.183446
288.936  0.0731643
289.043  0.181351
289.149  0.22454
289.255  0.172326
289.362  0.0847652
289.468  0.104992
289.574  0.0984509
289.681  0.124512
289.787  0.104131
289.894  0.22092
290.000  0.254054
290.106  0.176594
290.213  0.113022
290.319  0.235931
290.426  0.210069
290.532  0.165721
290.638  0.122645
290.745  0.261336
290.851  0.219122
290.957  0.266232
291.064  0.156248
291.170  0.27774
291.277  0.251808
291.383  0.158261
291.489  0.280953
291.596  0.269709
291.702  0.257362
291.809  0.188969
291.915  0.221455
292.021  0.335133
292.128  0.294116
292.234  0.332589
292.340  0.272978
292.447  0.24446
292.553  0.325663
292.660  0.260601
292.766  0.32369
292.872  0.395711
292.979  0.40431
293.085  0.368971
293.191  0.314073
293.298  0.324705
293.404  0.337576
293.511  0.341868
293.617  0.4591
293.723  0.36879
293.830  0.479835
293.936  0.405805
294.043  0.417106
294.149  0.422314
294.255  0.441872
294.362  0.451935
294.468  0.566397
294.574  0.518042
294.681  0.5845
294.787  0.606983
294.894  0.623477
295.000  0.609781
295.106  0.624125
295.213  0.628128
295.319  0.618138
295.426  0.651023
295.532  0.692317
295.638  0.623045
295.745  0.655648
295.851  0.666129
295.957  0.736294
296.064  0.756024
296.170  0.715744
296.277  0.785593
296.383  0.778018
296.489  0.739055
296.596  0.835982
296.702  0.767509
296.809  0.793164
296.915  0.78757
297.021  0.850095
297.128  0.81291
297.234  0.852585
297.340  0.83218
297.447  0.914263
297.553  0.914798
297.660  0.870729
297.766  0.869338
297.872  0.893329
297.979  0.935085
298.085  0.90127
298.191  0.969273
298.298  0.971397
298.404  0.947473
298.511  0.922099
298.617  0.920303
298.723  0.925384
298.830  0.957251
298.936  0.925906
299.043  0.961096
299.149  0.934824
299.255  0.976352
299.362  0.933107
299.468  0.965618
299.574  0.997759
299.681  0.936804
299.787  1
299.894  0.994684
300.000  0.965804
300.106  0.971892
300.213  0.928043
300.319  0.912359
300.426  0.944202
300.532  0.902404
300.638  0.943287
300.745  0.901761
300.851  0.89211
300.957  0.882598
301.064  0.919898
301.170  0.924739
301.277  0.890689
301.383  0.851777
301.489  0.906397
301.596  0.880509
301.702  0.832816
301.809  0.815322
301.915  0.872982
302.021  0.848482
302.128  0.795814
302.234  0.848768
302.340  0.839155
302.447  0.806458
302.553  0.820167
302.660  0.806728
302.766  0.803448
302.872  0.75028
302.979  0.762702
303.085  0.730749
303.191  0.767314
303.298  0.718911
303.404  0.736239
303.511  0.683984
303.617  0.72818
303.723  0.682874
303.830  0.657386
303.936  0.670715
304.043  0.677654
304.149  0.63485
304.255  0.670995
304.362  0.653973
304.468  0.64555
304.574  0.600499
304.681  0.583999
304.787  0.610542
304.894  0.584248
305.000  0.572505
305.106  0.584033
305.213  0.587307
305.319  0.578552
305.426  0.562042
305.532  0.558008
305.638  0.517044
305.745  0.54072
305.851  0.505498
305.957  0.48161
306.064  0.490793
306.170  0.503621
306.277  0.456619
306.383  0.443751
306.489  0.473168
306.596  0.452699
306.702  0.41088
306.809  0.431576
306.915  0.437415
307.021  0.413
307.128  0.418474
307.234  0.399424
307.340  0.381935
307.447  0.374054
307.553  0.384176
307.660  0.361336
307.766  0.367395
307.872  0.342092
307.979  0.310418
308.085  0.323848
308.191  0.326433
308.298  0.317119
308.404  0.280921
308.511  0.302906
308.617  0.295142
308.723  0.268699
308.830  0.245988
308.936  0.25481
309.043  0.27707
309.149  0.257626
309.255  0.223539
309.362  0.228338
309.468  0.24446
309.574  0.240583
309.681  0.210321
309.787  0.18918
309.894  0.217486
310.000  0.201797
310.106  0.193837
310.213  0.168941
310.319  0.197616
310.426  0.185479
310.532  0.176967
310.638  0.146966
310.745  0.146309
310.851  0.17389
310.957  0.135615
311.064  0.140829
311.170  0.164871
311.277  0.140719
311.383  0.149729
311.489  0.136756
311.596  0.14755
311.702  0.138034
311.809  0.134862
311.915  0.112603
312.021  0.0994952
312.128  0.123751
312.234  0.123461
312.340  0.108407
312.447  0.11042
312.553  0.114935
312.660  0.0884564
312.766  0.0840633
312.872  0.0823699
312.979  0.107175
313.085  0.10346
313.191  0.0684987
313.298  0.0698693
313.404  0.0662643
313.511  0.0916089
313.617  0.0793284
313.723  0.062372
313.830  0.0769894
313.936  0.0594059
314.043  0.0769537
314.149  0.0666219
314.255  0.0501169
314.362  0.0740397
314.468  0.0768964
314.574  0.0613125
314.681  0.0460462
314.787  0.0587019
314.894  0.0687679
315.000  0.0553882
315.106  0.0394031
315.213  0.0378576
315.319  0.0665834
315.426  0.0371229
315.532  0.0369302
315.638  0.0313341
315.745  0.0560819
315.851  0.0559713
315.957  0.045452
316.064  0.028627
316.170  0.0510387
316.277  0.0437939
316.383  0.0429915
316.489  0.0253649
316.596  0.0354193
316.702  0.051545
316.809  0.0411078
316.915  0.0506961
317.021  0.0220832
317.128  0.0437847
317.234  0.0456879
317.340  0.0286553
317.447  0.0389742
317.553  0.0452397
317.660  0.0416696
317.766  0.0311498
317.872  0.0157742
317.979  0.044802
318.085  0.0330928
318.191  0.0211105
318.298  0.0148448
318.404  0.0419521
318.511  0.0382163
318.617  0.0195794
318.723  0.0150203
318.830  0.0370826
318.936  0.0371372
319.043  0.0159198
319.149  0.0130541
319.255  0.0342643
319.362  0.037452
319.468  0.0289636
319.574  0.011009
319.681  0.0175797
319.787  0.0274766
319.894  0.025865
320.000  0.0094797
320.106  0.0144023
320.213  0.0247148
320.319  0.0156557
320.426  0.00979846
320.532  0.029039
320.638  0.0345086
320.745  0.0247457
320.851  0.00923695
320.957  0.0261614
321.064  0.0140709
321.170  0.0100349
321.277  0.0233296
321.383  0.0250747
321.489  0.0334155
321.596  0.0230478
321.702  0.00880624
321.809  0.0281903
321.915  0.0311565
322.021  0.00820215
322.128  0.0268678
322.234  0.016201
322.340  0.026569
322.447  0.0178165
322.553  0.0110313
322.660  0.0254914
322.766  0.0180056
322.872  0.028824
322.979  0.0120077
323.085  0.00795103
323.191  0.0082961
323.298  0.0259884
323.404  0.0184324
323.511  0.00556205
323.617  0.021021
323.723  0.0246447
323.830  0.0243125
323.936  0.0271229
324.043  0.0181892
324.149  0.0071534
324.255  0.0195051
324.362  0.0172057
324.468  0.0256275
324.574  0.0215693
324.681  0.0237977
324.787  0.0156607
324.894  0.0208146
325.000  0.00479731
325.106  0.0238516
325.213  0.0075161
325.319  0.00424229
325.426  0.00176384
325.532  0.022821
325.638  0.0153141
325.745  0.00709681
325.851  0.00793083
325.957  0.0230746
326.064  0.0161037
326.170  0.00791374
326.277  0.0134492
326.383  0.00737332
326.489  0.0190907
326.596  0.0143069
326.702  0.00424372
326.809  0.0196829
326.915  0.0141937
327.021  0.00319151
327.128  0.00220457
327.234  0.0197525
327.340  0.014395
327.447  0.0205161
327.553  0.0179826
327.660  0.0209225
327.766  0.0184293
327.872  0.00146643
327.979  0.0172217
328.085  0.0204658
328.191  0.00781112
328.298  0.00312734
328.404  0.0166121
328.511  0.0204955
328.617  0.00345194
328.723  0.0040634
328.830  0.0177737
328.936  0.01455
329.043  0.0176799
329.149  0.00321837
329.255  0.0142412
329.362  0.0187873
329.468  0.00435291
329.574  0.00230396
329.681  0.0178423
329.787  0.0110882
329.894  0.00161842
330.000  0.00276241
