290.025  0.0262987
290.131  0.131704
290.238  0.0102042
290.344  0.0176206
290.451  0.106572
290.557  0.0298382
290.664  0.0138405
290.770  0.0412353
290.877  0.0310752
290.984  0.0633543
291.090  0.0215128
291.197  0.139794
291.303  0.0923558
291.410  0.134158
291.516  0.136238
291.623  0.0158055
291.730  0.1022
291.836  0.125892
291.943  0.0055281
292.049  0.0683774
292.156  0.131302
292.262  0.0103169
292.369  0.0646098
292.475  0.120801
292.582  0.00805535
292.689  0.129668
292.795  0.0741204
292.902  0.0152997
293.008  0.116887
293.115  0.0723561
293.221  0.00819379
293.328  0.115597
293.434  0.0513433
293.541  0.0208656
293.648  0.113136
293.754  0.0113858
293.861  0.0227526
293.967  0.107251
294.074  0.057915
294.180  0.018132
294.287  0.0122076
294.393  0.0126969
294.500  0.0875706
294.607  0.0351773
294.713  0.0116812
294.820  0.108611
294.926  0.0170487
295.033  0.0116446
295.139  0.100954
295.246  0.0403352
295.352  0.0927574
295.459  0.0851618
295.566  0.0249665
295.672  0.0106603
295.779  0.100843
295.885  0.0788427
295.992  0.0170229
296.098  0.0971476
296.205  0.0401382
296.311  0.0106973
296.418  0.0907121
296.525  0.0346244
296.631  0.0167141
296.738  0.00418833
296.844  0.0126689
296.951  0.0374475
297.057  0.0971037
297.164  0.0141121
297.270  0.0169309
297.377  0.01792
297.484  0.0108813
297.590  0.0148239
297.697  0.0860382
297.803  0.0500099
297.910  0.0174575
298.016  0.0108861
298.123  0.0218135
298.230  0.0819154
298.336  0.0091529
298.443  0.0828058
298.549  0.00644798
298.656  0.00713653
298.762  0.0791405
298.869  0.0478117
298.975  0.0756507
299.082  0.0080933
299.189  0.0334477
299.295  0.0796171
299.402  0.0227028
299.508  0.0811201
299.615  0.0691508
299.721  0.0166214
299.828  0.0498018
299.934  0.0729252
300.041  0.0146682
300.148  0.0559779
300.254  0.00983899
300.361  0.0194927
300.467  0.0267013
300.574  0.0588831
300.680  0.0315612
300.787  0.0483389
300.893  0.0729921
301.000  0.0230003
301.107  0.0234092
301.213  0.0713898
301.320  0.0753755
301.426  0.0729359
301.533  0.0222111
301.639  0.0173815
301.746  0.0297754
301.852  0.0654547
301.959  0.0637962
302.066  0.0244733
302.172  0.0491601
302.279  0.066441
302.385  0.0585298
302.492  0.0344782
302.598  0.0765347
302.705  0.0317268
302.811  0.0715971
302.918  0.0825199
303.025  0.02591
303.131  0.0635194
303.238  0.0800616
303.344  0.0340594
303.451  0.056628
303.557  0.0374331
303.664  0.0780515
303.770  0.0568644
303.877  0.0434523
303.984  0.0897497
304.090  0.0742841
304.197  0.0438981
304.303  0.0951373
304.410  0.0938284
304.516  0.0708616
304.623  0.050772
304.730  0.0841199
304.836  0.102743
304.943  0.0638819
305.049  0.106537
305.156  0.0571025
305.262  0.0945804
305.369  0.101754
305.475  0.0976773
305.582  0.0918865
305.689  0.0661592
305.795  0.114695
305.902  0.0695448
306.008  0.0736101
306.115  0.116747
306.221  0.0779115
306.328  0.105075
306.434  0.117846
306.541  0.0914704
306.648  0.117171
306.754  0.125408
306.861  0.0862515
306.967  0.115744
307.074  0.113122
307.180  0.133261
307.287  0.1267
307.393  0.134624
307.500  0.0963707
307.607  0.122447
307.713  0.139255
307.820  0.105232
307.926  0.144523
308.033  0.113025
308.139  0.110853
308.246  0.146039
308.352  0.106581
308.459  0.108293
308.566  0.109425
308.672  0.116381
308.779  0.1143
308.885  0.14685
308.992  0.115289
309.098  0.115646
309.205  0.151953
309.311  0.11382
309.418  0.123494
309.525  0.150036
309.631  0.115012
309.738  0.114981
309.844  0.114897
309.951  0.116258
310.057  0.150348
310.164  0.131287
310.270  0.123951
310.377  0.15051
310.484  0.116762
310.590  0.137364
310.697  0.148027
310.803  0.113419
310.910  0.148107
311.016  0.137156
311.123  0.115024
311.230  0.148469
311.336  0.114203
311.443  0.110985
311.549  0.144528
311.656  0.121059
311.762  0.129113
311.869  0.141166
311.975  0.108031
312.082  0.133844
312.189  0.13758
312.295  0.105093
312.402  0.125981
312.508  0.13619
312.615  0.135083
312.721  0.134562
312.828  0.12414
312.934  0.101064
313.041  0.132111
313.148  0.103509
313.254  0.101662
313.361  0.120095
313.467  0.107523
313.574  0.0991114
313.680  0.126764
313.787  0.102686
313.893  0.0988057
314.000  0.121624
314.107  0.121314
314.213  0.120399
314.320  0.105461
314.426  0.0885884
314.533  0.116531
314.639  0.108136
314.746  0.0901988
314.852  0.112868
314.959  0.0860329
315.066  0.0917364
315.172  0.109916
315.279  0.0801971
315.385  0.0807435
315.492  0.0786704
315.598  0.0859458
315.705  0.100008
315.811  0.0999044
315.918  0.0753971
316.025  0.0993889
316.131  0.0938088
316.238  0.0732059
316.344  0.0975856
316.451  0.0692076
316.557  0.0658239
316.664  0.0925353
316.770  0.0792481
316.877  0.0651448
316.984  0.087971
317.090  0.0622438
317.197  0.0659336
317.303  0.0861481
317.410  0.0557221
317.516  0.0628959
317.623  0.0781362
317.730  0.0550562
317.836  0.0761984
317.943  0.0773007
318.049  0.0701868
318.156  0.0738771
318.262  0.0729685
318.369  0.0546457
318.475  0.0602293
318.582  0.04657
318.689  0.0695159
318.795  0.053605
318.902  0.045194
319.008  0.0665139
319.115  0.0420802
319.221  0.0398559
319.328  0.0584773
319.434  0.0385534
319.541  0.0416512
319.648  0.0546
319.754  0.0369991
319.861  0.0597909
319.967  0.0569478
320.074  0.0316157
320.180  0.0358251
320.287  0.0536672
320.393  0.0294585
320.500  0.0315817
320.607  0.0514306
320.713  0.0287199
320.820  0.0509759
320.926  0.048873
321.033  0.0308242
321.139  0.0494047
321.246  0.0258285
321.352  0.0268557
321.459  0.0457996
321.566  0.0242275
321.672  0.0274829
321.779  0.0434714
321.885  0.0220751
321.992  0.0444438
322.098  0.0265229
322.205  0.0234889
322.311  0.0421583
322.418  0.0183061
322.525  0.0206371
322.631  0.0379471
322.738  0.0193538
322.844  0.0309487
322.951  0.038798
323.057  0.0168974
323.164  0.0330774
323.270  0.0310132
323.377  0.0159649
323.484  0.0365865
323.590  0.0202496
323.697  0.0168351
323.803  0.0343414
323.910  0.013501
324.016  0.0335146
324.123  0.0324842
324.230  0.0282554
324.336  0.0315266
324.443  0.0152784
324.549  0.0179637
324.656  0.0127912
324.762  0.0275684
324.869  0.0304782
324.975  0.0311628
325.082  0.0300405
325.189  0.0119682
325.295  0.0285759
325.402  0.0176647
325.508  0.0165665
325.615  0.0289961
325.721  0.0241755
325.828  0.0265579
325.934  0.00960371
326.041  0.0241334
326.148  0.00854027
326.254  0.0105803
326.361  0.00863976
326.467  0.0139136
326.574  0.00900639
326.680  0.0269578
326.787  0.0248404
326.893  0.0216386
327.000  0.00654365
327.107  0.00654367
327.213  0.0245487
327.320  0.0246433
327.426  0.0138094
327.533  0.0246229
327.639  0.0169361
327.746  0.00897199
327.852  0.0230877
327.959  0.0151072
328.066  0.0167458
328.172  0.0177124
328.279  0.0189505
328.385  0.00550361
328.492  0.00429612
328.598  0.00671311
328.705  0.00502581
328.811  0.00741173
328.918  0.0137636
329.025  0.021184
329.131  0.0202286
329.238  0.0213682
329.344  0.00483534
329.451  0.0042538
329.557  0.0182295
329.664  0.00545331
329.770  0.00495864
329.877  0.0103953
329.984  0.0198614
330.090  0.00760037
330.197  0.0164172
330.303  0.00467626
330.410  0.0198278
330.516  0.0141667
330.623  0.00429968
330.730  0.0190014
330.836  0.0190716
330.943  0.00734726
331.049  0.0079993
331.156  0.0173302
331.262  0.0161583
331.369  0.00402031
331.475  0.0104972
331.582  0.00680548
331.689  0.00557107
331.795  0.00514739
331.902  0.00853681
332.008  0.0123848
332.115  0.0170305
332.221  0.0168443
332.328  0.0173184
332.434  0.017032
332.541  0.0048842
332.648  0.0114141
332.754  0.00362897
332.861  0.017095
332.967  0.0164153
333.074  0.00461451
333.180  0.015923
333.287  0.0110294
333.393  0.00772655
333.500  0.0165145
333.607  0.00461838
333.713  0.00279262
333.820  0.00262993
333.926  0.0167537
334.033  0.0136711
334.139  0.00405915
334.246  0.0156938
334.352  0.0029598
334.459  0.00532224
334.566  0.00356343
334.672  0.00287191
334.779  0.0146295
334.885  0.00595447
334.992  0.0117293
335.098  0.00272443
335.205  0.00281197
335.311  0.0023783
335.418  0.00328251
335.525  0.00261947
335.631  0.0142292
335.738  0.0022236
335.844  0.010358
335.951  0.0121373
336.057  0.00448845
336.164  0.00183212
336.270  0.00981728
336.377  0.00611507
336.484  0.00177488
336.590  0.00264668
336.697  0.00263869
336.803  0.00246594
336.910  0.00693075
337.016  0.0127191
337.123  0.00198529
337.230  0.011996
337.336  0.00668184
337.443  0.00329757
337.549  0.0137943
337.656  0.00745621
337.762  0.00823427
337.869  0.0114349
337.975  0.0134092
338.082  0.00895836
338.189  0.00510898
338.295  0.00333004
338.402  0.0122371
338.508  0.00157506
338.615  0.00460893
338.721  0.00896133
338.828  0.00751437
338.934  0.0119853
339.041  0.0128309
339.148  0.0127531
339.254  0.00413753
339.361  0.00156489
339.467  0.0122665
339.574  0.00758929
339.680  0.0116796
339.787  0.0109825
339.893  0.00121929
340.000  0.0123277
