361.000  0.00968212
361.107  0.00404776
361.214  0.0100321
361.321  0.0106557
361.429  0.00616415
361.536  0.01171
361.643  0.00602012
361.750  0.0101887
361.857  0.0104877
361.964  0.00948547
362.071  0.0102748
362.179  0.0156555
362.286  0.0111474
362.393  0.0121574
362.500  0.0164842
362.607  0.019901
362.714  0.0256682
362.821  0.0206893
362.929  0.0293178
363.036  0.0282272
363.143  0.0353033
363.250  0.036579
363.357  0.0473278
363.464  0.0453045
363.571  0.0552414
363.679  0.066263
363.786  0.0713233
363.893  0.0837073
364.000  0.0965094
364.107  0.117146
364.214  0.128434
364.321  0.156664
364.429  0.177005
364.536  0.206642
364.643  0.242403
364.750  0.27264
364.857  0.31716
364.964  0.360543
365.071  0.404398
365.179  0.438553
365.286  0.497643
365.393  0.549164
365.500  0.600572
365.607  0.633702
365.714  0.686892
365.821  0.731404
365.929  0.777855
366.036  0.814277
366.143  0.833027
366.250  0.872499
366.357  0.888343
366.464  0.918867
366.571  0.931469
366.679  0.939745
366.786  0.953985
366.893  0.966228
367.000  0.971771
367.107  0.978371
367.214  0.99018
367.321  0.994287
367.429  0.997807
367.536  0.998642
367.643  0.999762
367.750  0.995128
367.857  1
367.964  0.997328
368.071  0.995142
368.179  0.992331
368.286  0.983538
368.393  0.983127
368.500  0.979065
368.607  0.973764
368.714  0.971318
368.821  0.961365
368.929  0.957419
369.036  0.944538
369.143  0.935677
369.250  0.919155
369.357  0.902215
369.464  0.881859
369.571  0.853003
369.679  0.812662
369.786  0.780242
369.893  0.741462
370.000  0.694406
370.107  0.648846
370.214  0.588802
370.321  0.552375
370.429  0.490058
370.536  0.444348
370.643  0.382827
370.750  0.341603
370.857  0.304089
370.964  0.265612
371.071  0.226318
371.179  0.193563
371.286  0.16969
371.393  0.146213
371.500  0.126006
371.607  0.104266
371.714  0.0938509
371.821  0.0776603
371.929  0.0680923
372.036  0.0573291
372.143  0.0474442
372.250  0.0414802
372.357  0.0416878
372.464  0.035116
372.571  0.0286449
372.679  0.0301777
372.786  0.0254364
372.893  0.0203291
373.000  0.0164292
373.107  0.0214537
373.214  0.0147497
373.321  0.0110592
373.429  0.0135088
373.536  0.0133027
373.643  0.00900954
373.750  0.00621471
373.857  0.00806287
373.964  0.00938645
374.071  0.0077151
374.179  0.0082845
374.286  0.00442521
374.393  0.00484359
374.500  0.00042471
374.607  0.00238951
374.714  0.00413394
374.821  0.00658802
374.929  0.00229839
375.036  0.00181574
375.143  0.00496132
375.250  0.00303883
375.357  0.00426554
375.464  0.00353938
375.571  0.00422771
375.679  0.00181547
375.786  0
375.893  0.00202296
376.000  0.00119804
