400.000  0.00073313
400.107  0.00710626
400.214  0.0111689
400.321  0.00831847
400.428  0.00529629
400.535  0
400.642  0.00447582
400.749  0.0125844
400.856  0.00519223
400.963  0.00649308
401.070  0.012783
401.176  0.00395382
401.283  0.0040695
401.390  0.00526866
401.497  0.00511815
401.604  0.0151578
401.711  0.0123089
401.818  0.005727
401.925  0.0170756
402.032  0.0146018
402.139  0.00936297
402.246  0.00712546
402.353  0.0181195
402.460  0.00792317
402.567  0.0150506
402.674  0.00875209
402.781  0.0175646
402.888  0.0202804
402.995  0.0109795
403.102  0.0127357
403.209  0.0108206
403.316  0.0139025
403.422  0.0197413
403.529  0.0156425
403.636  0.0235621
403.743  0.0178141
403.850  0.0266957
403.957  0.0198076
404.064  0.0266618
404.171  0.0220537
404.278  0.0290838
404.385  0.0300507
404.492  0.0209293
404.599  0.0306365
404.706  0.0271071
404.813  0.0287477
404.920  0.0287759
405.027  0.036866
405.134  0.0316064
405.241  0.0408955
405.348  0.0364761
405.455  0.0352038
405.561  0.0386338
405.668  0.0470299
405.775  0.0449169
405.882  0.0434226
405.989  0.0501181
406.096  0.0492673
406.203  0.0603155
406.310  0.0597168
406.417  0.0647867
406.524  0.0614874
406.631  0.0761943
406.738  0.0725061
406.845  0.0833332
406.952  0.0838274
407.059  0.0929481
407.166  0.106292
407.273  0.111295
407.380  0.118966
407.487  0.141054
407.594  0.154861
407.701  0.161916
407.807  0.184145
407.914  0.210511
408.021  0.231046
408.128  0.259032
408.235  0.283138
408.342  0.320937
408.449  0.358732
408.556  0.389425
408.663  0.443208
408.770  0.485267
408.877  0.527665
408.984  0.58156
409.091  0.618975
409.198  0.682474
409.305  0.70912
409.412  0.754484
409.519  0.784593
409.626  0.823875
409.733  0.854202
409.840  0.883126
409.947  0.898031
410.053  0.922677
410.160  0.932134
410.267  0.939847
410.374  0.950231
410.481  0.959405
410.588  0.966524
410.695  0.972441
410.802  0.967815
410.909  0.974441
411.016  0.983584
411.123  0.985838
411.230  0.989314
411.337  0.989718
411.444  0.989923
411.551  0.995366
411.658  0.997914
411.765  0.998519
411.872  1
411.979  0.993859
412.086  0.991622
412.193  0.986763
412.299  0.986537
412.406  0.977909
412.513  0.98052
412.620  0.972826
412.727  0.964198
412.834  0.949235
412.941  0.929229
413.048  0.917236
413.155  0.894347
413.262  0.872165
413.369  0.844699
413.476  0.818291
413.583  0.780673
413.690  0.736423
413.797  0.697689
413.904  0.650972
414.011  0.606962
414.118  0.557382
414.225  0.510705
414.332  0.456715
414.439  0.418524
414.545  0.3657
414.652  0.314434
414.759  0.272654
414.866  0.239701
414.973  0.214856
415.080  0.1794
415.187  0.161702
415.294  0.135761
415.401  0.115418
415.508  0.0980965
415.615  0.0820121
415.722  0.0790157
415.829  0.0684856
415.936  0.0567746
416.043  0.0469617
416.150  0.0385429
416.257  0.0379691
416.364  0.0300479
416.471  0.030624
416.578  0.0266382
416.684  0.0204068
416.791  0.0212774
416.898  0.0246116
417.005  0.02141
417.112  0.0173868
417.219  0.0117654
417.326  0.0183058
417.433  0.0171162
417.540  0.00822708
417.647  0.00876855
417.754  0.00718162
417.861  0.00959931
417.968  0.00467825
418.075  0.0113903
418.182  0.00907733
418.289  0.00781213
418.396  0.0100675
418.503  0.00418365
418.610  0.00889198
418.717  0.00938694
418.824  0.00686762
418.930  0.00940571
419.037  0.00278051
419.144  0.00353091
419.251  0.00660972
419.358  0.00299069
419.465  0.00724753
419.572  0.000299991
419.679  0.00533521
419.786  0.00573949
419.893  0.00452195
420.000  0.0013669
