443.000  0.00241533
443.107  0.00327581
443.213  0.00395462
443.320  0.00270596
443.427  0.00283379
443.533  0.00467947
443.640  0.00297417
443.747  0.00448217
443.853  0.00290919
443.960  0.00506671
444.067  0.0051701
444.173  0.0029573
444.280  0.00474498
444.387  0.00467494
444.493  0.00390634
444.600  0.00368536
444.707  0.00512112
444.813  0.00423294
444.920  0.00458183
445.027  0.00535297
445.133  0.00384015
445.240  0.00593887
445.347  0.00553251
445.453  0.0067453
445.560  0.00612888
445.667  0.00643263
445.773  0.00775446
445.880  0.00832691
445.987  0.00894691
446.093  0.00946723
446.200  0.0117722
446.307  0.0129515
446.413  0.0145373
446.520  0.0177976
446.627  0.020878
446.733  0.0264118
446.840  0.0307382
446.947  0.0384809
447.053  0.0486947
447.160  0.0620084
447.267  0.0792083
447.373  0.0960373
447.480  0.123719
447.587  0.16282
447.693  0.19577
447.800  0.246714
447.907  0.294472
448.013  0.357231
448.120  0.419601
448.227  0.494116
448.333  0.567294
448.440  0.621992
448.547  0.694076
448.653  0.752017
448.760  0.807779
448.867  0.852364
448.973  0.87994
449.080  0.912505
449.187  0.927437
449.293  0.946602
449.400  0.957417
449.507  0.963312
449.613  0.971549
449.720  0.978208
449.827  0.983018
449.933  0.988493
450.040  0.991837
450.147  0.995944
450.253  0.997323
450.360  0.998305
450.467  1
450.573  0.999554
450.680  0.998325
450.787  0.997103
450.893  0.995165
451.000  0.99157
451.107  0.992135
451.213  0.990254
451.320  0.98866
451.427  0.986735
451.533  0.984714
451.640  0.985132
451.747  0.985906
451.853  0.984051
451.960  0.983345
452.067  0.982112
452.173  0.982391
452.280  0.979723
452.387  0.977496
452.493  0.9758
452.600  0.972037
452.707  0.965751
452.813  0.95919
452.920  0.952586
453.027  0.939116
453.133  0.923798
453.240  0.904561
453.347  0.87805
453.453  0.848111
453.560  0.80713
453.667  0.766555
453.773  0.709109
453.880  0.642785
453.987  0.581356
454.093  0.510758
454.200  0.441259
454.307  0.376942
454.413  0.310726
454.520  0.259537
454.627  0.205677
454.733  0.170562
454.840  0.127817
454.947  0.0983797
455.053  0.0785819
455.160  0.0596683
455.267  0.0482836
455.373  0.0375673
455.480  0.029249
455.587  0.0216829
455.693  0.0191785
455.800  0.0152576
455.907  0.0130408
456.013  0.0101665
456.120  0.00844413
456.227  0.00811545
456.333  0.00609205
456.440  0.00468404
456.547  0.0061389
456.653  0.00515538
456.760  0.00405016
456.867  0.00269401
456.973  0.00177853
457.080  0.00362217
457.187  0.00335415
457.293  0.00202528
457.400  0.00282839
457.507  0.00315173
457.613  0.00235329
457.720  0.00221355
457.827  0.000890137
457.933  0.00197777
458.040  0.000668975
458.147  0.00130811
458.253  0.00102834
458.360  0
458.467  0.00257681
458.573  0.00247801
458.680  0.00239362
458.787  0.000811254
458.893  0.000776601
459.000  0.000775871
