494.000  0.00734656
494.108  0.00740019
494.215  0.00775871
494.323  0.00804509
494.431  0.00867562
494.538  0.00901797
494.646  0.00967457
494.754  0.0100417
494.862  0.0105825
494.969  0.0110589
495.077  0.0117694
495.185  0.0123437
495.292  0.0130601
495.400  0.0139126
495.508  0.014769
495.615  0.0155851
495.723  0.0167094
495.831  0.0176014
495.938  0.0192013
496.046  0.0203776
496.154  0.0224032
496.262  0.0297858
496.369  0.034422
496.477  0.0397951
496.585  0.0466652
496.692  0.0569291
496.800  0.0651972
496.908  0.0807732
497.015  0.100314
497.123  0.119979
497.231  0.147058
497.338  0.175321
497.446  0.20886
497.554  0.252197
497.662  0.293509
497.769  0.342165
497.877  0.397338
497.985  0.441227
498.092  0.50269
498.200  0.558979
498.308  0.613906
498.415  0.672617
498.523  0.716413
498.631  0.7718
498.738  0.825067
498.846  0.858987
498.954  0.89698
499.062  0.919193
499.169  0.939214
499.277  0.958283
499.385  0.967744
499.492  0.977256
499.600  0.984457
499.708  0.987281
499.815  0.991949
499.923  0.995204
500.031  0.997389
500.138  0.999049
500.246  0.999692
500.354  1
500.462  0.999821
500.569  0.998975
500.677  0.997761
500.785  0.995794
500.892  0.99396
501.000  0.991534
501.108  0.988605
501.215  0.985831
501.323  0.982286
501.431  0.979344
501.538  0.974544
501.646  0.968927
501.754  0.963147
501.862  0.955331
501.969  0.944692
502.077  0.936215
502.185  0.922111
502.292  0.907511
502.400  0.891843
502.508  0.870434
502.615  0.853226
502.723  0.827622
502.831  0.798818
502.938  0.772333
503.046  0.736671
503.154  0.70504
503.262  0.670129
503.369  0.623643
503.477  0.583979
503.585  0.538368
503.692  0.476918
503.800  0.43961
503.908  0.379043
504.015  0.312545
504.123  0.270276
504.231  0.216383
504.338  0.17789
504.446  0.140727
504.554  0.105488
504.662  0.0827273
504.769  0.0620905
504.877  0.0442144
504.985  0.035702
505.092  0.0263714
505.200  0.0187932
505.308  0.0150698
505.415  0.0117317
505.523  0.00880092
505.631  0.00739287
505.738  0.00562868
505.846  0.0048396
505.954  0.00390417
506.062  0.0030625
506.169  0.00262472
506.277  0.00215468
506.385  0.00175984
506.492  0.00139503
506.600  0.00125019
506.708  0.00101579
506.815  0.000890556
506.923  0.00060521
507.031  0.000525432
507.138  0.000452759
507.246  0.000185793
507.354  0.000140966
507.462  0.00019584
507.569  0.000053213
507.677  0.0000188663
507.785  0
507.892  0.000159241
508.000  0.0000479035
