602.000  0.00262564
602.106  0.00265217
602.212  0.00272332
602.318  0.0027635
602.424  0.00281971
602.530  0.00298173
602.636  0.00305532
602.742  0.0030958
602.848  0.00324475
602.955  0.00338033
603.061  0.00348463
603.167  0.00358285
603.273  0.00379956
603.379  0.0039527
603.485  0.00409411
603.591  0.00434064
603.697  0.00460178
603.803  0.00481921
603.909  0.00516921
604.015  0.00547242
604.121  0.00593735
604.227  0.00629732
604.333  0.00694558
604.439  0.00752104
604.545  0.00846982
604.652  0.00921099
604.758  0.0103857
604.864  0.0119874
604.970  0.0136715
605.076  0.0156874
605.182  0.0188191
605.288  0.0224512
605.394  0.0262185
605.500  0.0321199
605.606  0.0399081
605.712  0.0494366
605.818  0.0591127
605.924  0.0748388
606.030  0.09217
606.136  0.107546
606.242  0.133401
606.348  0.161446
606.455  0.197827
606.561  0.231804
606.667  0.275458
606.773  0.328141
606.879  0.388714
606.985  0.429862
607.091  0.493823
607.197  0.563792
607.303  0.613151
607.409  0.674217
607.515  0.739513
607.621  0.78759
607.727  0.81799
607.833  0.857107
607.939  0.888334
608.045  0.909049
608.152  0.9237
608.258  0.936418
608.364  0.946841
608.470  0.954164
608.576  0.960064
608.682  0.967469
608.788  0.974696
608.894  0.979401
609.000  0.984155
609.106  0.989364
609.212  0.992972
609.318  0.994838
609.424  0.997512
609.530  0.999004
609.636  0.999674
609.742  1
609.848  0.999557
609.955  0.998536
610.061  0.997523
610.167  0.995417
610.273  0.992993
610.379  0.989844
610.485  0.986591
610.591  0.981991
610.697  0.976878
610.803  0.970699
610.909  0.966063
611.015  0.959695
611.121  0.952784
611.227  0.944333
611.333  0.937058
611.439  0.925648
611.545  0.913013
611.652  0.90114
611.758  0.880741
611.864  0.85572
611.970  0.816556
612.076  0.783779
612.182  0.731907
612.288  0.663322
612.394  0.596914
612.500  0.534941
612.606  0.459567
612.712  0.385417
612.818  0.309619
612.924  0.256704
613.030  0.199976
613.136  0.150855
613.242  0.120369
613.348  0.090966
613.455  0.0671415
613.561  0.050033
613.667  0.0390912
613.773  0.0300031
613.879  0.0229644
613.985  0.017614
614.091  0.0149756
614.197  0.011675
614.303  0.00943506
614.409  0.00772588
614.515  0.00662006
614.621  0.00553146
614.727  0.00467057
614.833  0.00408845
614.939  0.00350425
615.045  0.00298929
615.152  0.00269906
615.258  0.00228503
615.364  0.0020006
615.470  0.00181265
615.576  0.00165564
615.682  0.00148641
615.788  0.00133878
615.894  0.00118181
616.000  0
