666.000  0.00245824
666.107  0.00279729
666.214  0.00316057
666.321  0.0035671
666.427  0.00395028
666.534  0.00422042
666.641  0.0046493
666.748  0.00513943
666.855  0.0057447
666.962  0.0063457
667.069  0.0068959
667.176  0.00737418
667.282  0.00815033
667.389  0.00884084
667.496  0.00953552
667.603  0.0104842
667.710  0.0113462
667.817  0.0124787
667.924  0.013699
668.031  0.0151156
668.137  0.0167571
668.244  0.0179032
668.351  0.0200401
668.458  0.0223471
668.565  0.0245358
668.672  0.0275264
668.779  0.0301043
668.885  0.0336726
668.992  0.0381259
669.099  0.0426692
669.206  0.0481247
669.313  0.0532413
669.420  0.0601105
669.527  0.0689204
669.634  0.0790237
669.740  0.0908912
669.847  0.10234
669.954  0.116923
670.061  0.135484
670.168  0.155472
670.275  0.177498
670.382  0.199308
670.489  0.226655
670.595  0.262952
670.702  0.297154
670.809  0.330963
670.916  0.362997
671.023  0.407113
671.130  0.449619
671.237  0.49466
671.344  0.541532
671.450  0.575709
671.557  0.623102
671.664  0.66703
671.771  0.707098
671.878  0.746341
671.985  0.777651
672.092  0.809428
672.198  0.8401
672.305  0.86594
672.412  0.887825
672.519  0.903062
672.626  0.918334
672.733  0.932661
672.840  0.94397
672.947  0.953602
673.053  0.960623
673.160  0.967822
673.267  0.97488
673.374  0.980916
673.481  0.985934
673.588  0.989192
673.695  0.993151
673.802  0.996164
673.908  0.998256
674.015  0.999614
674.122  1
674.229  0.999387
674.336  0.997727
674.443  0.995069
674.550  0.990933
674.656  0.987117
674.763  0.980678
674.870  0.972208
674.977  0.961272
675.084  0.947739
675.191  0.935798
675.298  0.918253
675.405  0.895069
675.511  0.870911
675.618  0.842756
675.725  0.817751
675.832  0.781743
675.939  0.73684
676.046  0.694674
676.153  0.648731
676.260  0.601623
676.366  0.551249
676.473  0.500455
676.580  0.44214
676.687  0.391698
676.794  0.343426
676.901  0.303255
677.008  0.261369
677.115  0.221117
677.221  0.184198
677.328  0.155532
677.435  0.13364
677.542  0.110331
677.649  0.091518
677.756  0.0751434
677.863  0.062033
677.969  0.0546226
678.076  0.0450432
678.183  0.0368149
678.290  0.0308984
678.397  0.025787
678.504  0.0220807
678.611  0.0184537
678.718  0.0150587
678.824  0.0123798
678.931  0.0101516
679.038  0.00846491
679.145  0.00699626
679.252  0.00550119
679.359  0.00419537
679.466  0.00317825
679.573  0.00226713
679.679  0.00168135
679.786  0.000939918
679.893  0.000493694
680.000  0
