700.000  0.00114172
700.107  0.00128286
700.214  0.00135011
700.321  0.00134963
700.429  0.00158707
700.536  0.00145932
700.643  0.0019831
700.750  0.00145157
700.857  0.00179715
700.964  0.00193044
701.071  0.00157765
701.179  0.00216811
701.286  0.00156938
701.393  0.00174799
701.500  0.00180493
701.607  0.00192388
701.714  0.0020571
701.821  0.00176045
701.929  0.00175382
702.036  0.00170056
702.143  0.00206901
702.250  0.00238204
702.357  0.00256798
702.464  0.00247408
702.571  0.00249091
702.679  0.00214634
702.786  0.0021353
702.893  0.00267415
703.000  0.00284578
703.107  0.00302371
703.214  0.00284398
703.321  0.00226732
703.429  0.00249377
703.536  0.00280628
703.643  0.00268818
703.750  0.0031487
703.857  0.00304786
703.964  0.00283223
704.071  0.0030142
704.179  0.0029912
704.286  0.0028497
704.393  0.00362696
704.500  0.00354539
704.607  0.00329183
704.714  0.00340513
704.821  0.00366559
704.929  0.00344258
705.036  0.00327265
705.143  0.00355241
705.250  0.00375021
705.357  0.00379641
705.464  0.00451221
705.571  0.00417201
705.679  0.00394501
705.786  0.00454451
705.893  0.00445607
706.000  0.00482213
706.107  0.00476056
706.214  0.00489527
706.321  0.00524495
706.429  0.0047173
706.536  0.00507888
706.643  0.00560553
706.750  0.00535972
706.857  0.00542919
706.964  0.00591184
707.071  0.00547505
707.179  0.00544997
707.286  0.00600595
707.393  0.00668526
707.500  0.00603135
707.607  0.00698181
707.714  0.00707665
707.821  0.00655009
707.929  0.00707169
708.036  0.00707844
708.143  0.00742881
708.250  0.00770372
708.357  0.00778782
708.464  0.00777525
708.571  0.00830672
708.679  0.00829057
708.786  0.00866464
708.893  0.00881695
709.000  0.00963838
709.107  0.00940733
709.214  0.009626
709.321  0.0102597
709.429  0.0107114
709.536  0.0106875
709.643  0.0110182
709.750  0.0115342
709.857  0.0114259
709.964  0.0124776
710.071  0.0123649
710.179  0.0134114
710.286  0.0143209
710.393  0.0150536
710.500  0.0153257
710.607  0.0155726
710.714  0.0161104
710.821  0.0169185
710.929  0.0177609
711.036  0.0182468
711.143  0.0185937
711.250  0.0192891
711.357  0.0200659
711.464  0.02176
711.571  0.0220881
711.679  0.0235921
711.786  0.0247561
711.893  0.0252351
712.000  0.0265006
712.107  0.0280911
712.214  0.0300512
712.321  0.0315996
712.429  0.0328797
712.536  0.0345943
712.643  0.0364992
712.750  0.038477
712.857  0.0401487
712.964  0.0424751
713.071  0.0455708
713.179  0.048042
713.286  0.0517186
713.393  0.0548065
713.500  0.0586856
713.607  0.0632099
713.714  0.0675984
713.821  0.0729526
713.929  0.0784483
714.036  0.0829166
714.143  0.0907519
714.250  0.0988003
714.357  0.107321
714.464  0.117618
714.571  0.129081
714.679  0.141752
714.786  0.154436
714.893  0.170107
715.000  0.187481
715.107  0.210368
715.214  0.230895
715.321  0.254273
715.429  0.283156
715.536  0.306315
715.643  0.335349
715.750  0.373731
715.857  0.411334
715.964  0.451177
716.071  0.498356
716.179  0.542201
716.286  0.583832
716.393  0.630406
716.500  0.675248
716.607  0.721575
716.714  0.768161
716.821  0.807832
716.929  0.849037
717.036  0.870341
717.143  0.902473
717.250  0.928451
717.357  0.947967
717.464  0.965106
717.571  0.977061
717.679  0.985936
717.786  0.991653
717.893  0.995639
718.000  0.999109
718.107  0.999719
718.214  1
718.321  0.999415
718.429  0.998101
718.536  0.997504
718.643  0.995769
718.750  0.992914
718.857  0.989955
718.964  0.987078
719.071  0.984243
719.179  0.980242
719.286  0.977699
719.393  0.973395
719.500  0.96985
719.607  0.965759
719.714  0.962877
719.821  0.95938
719.929  0.957028
720.036  0.954776
720.143  0.953083
720.250  0.951234
720.357  0.949651
720.464  0.947581
720.571  0.945348
720.679  0.941504
720.786  0.935903
720.893  0.9288
721.000  0.918961
721.107  0.905301
721.214  0.884206
721.321  0.861444
721.429  0.831798
721.536  0.792886
721.643  0.766314
721.750  0.716217
721.857  0.666822
721.964  0.61518
722.071  0.555065
722.179  0.502141
722.286  0.444049
722.393  0.401875
722.500  0.352389
722.607  0.303138
722.714  0.262113
722.821  0.226945
722.929  0.190431
723.036  0.163611
723.143  0.138097
723.250  0.122408
723.357  0.102661
723.464  0.087056
723.571  0.0751872
723.679  0.0643257
723.786  0.0558095
723.893  0.046972
724.000  0.0419006
724.107  0.0368363
724.214  0.0318695
724.321  0.0274745
724.429  0.0245364
724.536  0.0207476
724.643  0.0185869
724.750  0.0159576
724.857  0.0151446
724.964  0.0134436
725.071  0.0121684
725.179  0.0106445
725.286  0.00923211
725.393  0.00827976
725.500  0.00775679
725.607  0.00757333
725.714  0.00687068
725.821  0.00566839
725.929  0.00558791
726.036  0.00537439
726.143  0.00434643
726.250  0.00402017
726.357  0.00399801
726.464  0.00403359
726.571  0.00296993
726.679  0.00286747
726.786  0.00304267
726.893  0.00268389
727.000  0.0022598
727.107  0.00210673
727.214  0.00221444
727.321  0.00172235
727.429  0.00165621
727.536  0.00155371
727.643  0.00187256
727.750  0.00137197
727.857  0.0018088
727.964  0.000977112
728.071  0.00161504
728.179  0.000741101
728.286  0.00137803
728.393  0.00135267
728.500  0.001278
728.607  0.000574042
728.714  0.000699631
728.821  0.000431027
728.929  0.000826958
729.036  0.00015955
729.143  0.00100495
729.250  0.000387917
729.357  0.00101239
729.464  0.000488593
729.571  0.000907749
729.679  0.000834804
729.786  0.000171562
729.893  0.000803589
730.000  0
