770.000  0.00612615
770.107  0.00695741
770.214  0.00670181
770.321  0.00769146
770.427  0.00826721
770.534  0.00784039
770.641  0.00837765
770.748  0.00884795
770.855  0.00889522
770.962  0.00963454
771.069  0.010702
771.176  0.0101062
771.282  0.0109363
771.389  0.0130193
771.496  0.0134957
771.603  0.0147126
771.710  0.0145864
771.817  0.0159725
771.924  0.0173938
772.031  0.0181447
772.137  0.0204433
772.244  0.0218792
772.351  0.0250121
772.458  0.0264723
772.565  0.0299624
772.672  0.0324919
772.779  0.0373665
772.885  0.0414673
772.992  0.0480924
773.099  0.0544885
773.206  0.0632311
773.313  0.0730031
773.420  0.083391
773.527  0.0965745
773.634  0.113873
773.740  0.134253
773.847  0.156831
773.954  0.176762
774.061  0.212007
774.168  0.246886
774.275  0.289359
774.382  0.335807
774.489  0.381846
774.595  0.436537
774.702  0.494734
774.809  0.553614
774.916  0.609239
775.023  0.664133
775.130  0.713613
775.237  0.757166
775.344  0.797953
775.450  0.838233
775.557  0.870436
775.664  0.88857
775.771  0.909952
775.878  0.928779
775.985  0.942935
776.092  0.953757
776.198  0.965082
776.305  0.974148
776.412  0.981883
776.519  0.987253
776.626  0.991918
776.733  0.995811
776.840  0.999459
776.947  1
777.053  0.999487
777.160  0.999035
777.267  0.996301
777.374  0.993074
777.481  0.988185
777.588  0.985687
777.695  0.978163
777.802  0.973706
777.908  0.965895
778.015  0.959393
778.122  0.9502
778.229  0.94048
778.336  0.927499
778.443  0.912798
778.550  0.892718
778.656  0.866322
778.763  0.838998
778.870  0.799833
778.977  0.75766
779.084  0.709492
779.191  0.652722
779.298  0.597652
779.405  0.536056
779.511  0.489328
779.618  0.436619
779.725  0.374928
779.832  0.323058
779.939  0.271219
780.046  0.230844
780.153  0.193776
780.260  0.157376
780.366  0.131332
780.473  0.110937
780.580  0.0934036
780.687  0.0764101
780.794  0.0624994
780.901  0.0530279
781.008  0.0435103
781.115  0.0377044
781.221  0.0309423
781.328  0.0264326
781.435  0.0226474
781.542  0.0187177
781.649  0.016256
781.756  0.0149838
781.863  0.0117998
781.969  0.00993852
782.076  0.00993313
782.183  0.00703415
782.290  0.00669031
782.397  0.0055467
782.504  0.00546196
782.611  0.00399046
782.718  0.00417726
782.824  0.00411595
782.931  0.00224631
783.038  0.00194091
783.145  0.00285692
783.252  0.00279736
783.359  0.00252421
783.466  0.00146633
783.573  0.00199331
783.679  0.0000965137
783.786  0.000613142
783.893  0
784.000  0.00124844
