810.000  0.00384494
810.108  0.00688122
810.215  0.00458648
810.323  0.00725223
810.431  0.0101185
810.538  0.0105197
810.646  0.00745023
810.754  0.010598
810.862  0.00923486
810.969  0.00899826
811.077  0.0102469
811.185  0.01032
811.292  0.00766352
811.400  0.0101822
811.508  0.0113541
811.615  0.0137044
811.723  0.01226
811.831  0.0166959
811.938  0.0131485
812.046  0.0169562
812.154  0.0159043
812.262  0.0196604
812.369  0.0188057
812.477  0.0208537
812.585  0.0206808
812.692  0.0240148
812.800  0.0266797
812.908  0.0292357
813.015  0.0334218
813.123  0.0377091
813.231  0.0453355
813.338  0.0451001
813.446  0.0550843
813.554  0.0624718
813.662  0.0695998
813.769  0.0867431
813.877  0.098683
813.985  0.120465
814.092  0.138832
814.200  0.160479
814.308  0.194799
814.415  0.231008
814.523  0.270253
814.631  0.314373
814.738  0.383182
814.846  0.435175
814.954  0.495385
815.062  0.559965
815.169  0.617008
815.277  0.686317
815.385  0.741961
815.492  0.789799
815.600  0.844504
815.708  0.879728
815.815  0.913885
815.923  0.942563
816.031  0.96365
816.138  0.978298
816.246  0.985516
816.354  0.994208
816.462  0.998429
816.569  0.999963
816.677  1
816.785  0.996177
816.892  0.998098
817.000  0.990429
817.108  0.991835
817.215  0.988792
817.323  0.984394
817.431  0.981894
817.538  0.977992
817.646  0.976063
817.754  0.970452
817.862  0.972548
817.969  0.969579
818.077  0.965517
818.185  0.966143
818.292  0.961978
818.400  0.963843
818.508  0.958233
818.615  0.949734
818.723  0.937925
818.831  0.921975
818.938  0.897683
819.046  0.871145
819.154  0.830746
819.262  0.791536
819.369  0.74278
819.477  0.681771
819.585  0.621715
819.692  0.556429
819.800  0.497157
819.908  0.433682
820.015  0.363979
820.123  0.315182
820.231  0.265487
820.338  0.215849
820.446  0.181791
820.554  0.146886
820.662  0.122525
820.769  0.107849
820.877  0.0852476
820.985  0.0749884
821.092  0.0618146
821.200  0.0534072
821.308  0.0415268
821.415  0.0354846
821.523  0.0317986
821.631  0.0288092
821.738  0.0210005
821.846  0.0196813
821.954  0.020059
822.062  0.0149159
822.169  0.0161336
822.277  0.00763238
822.385  0.0102857
822.492  0.00767483
822.600  0.00793279
822.708  0.00435004
822.815  0.00755342
822.923  0.00645249
823.031  0.00747422
823.138  0.00681023
823.246  0.006538
823.354  0.003167
823.462  0.00242562
823.569  0.00546232
823.677  0.00349093
823.785  0.00464658
823.892  0.0030031
824.000  0
