852.000  0.00278366
852.107  0.00285641
852.213  0.00287153
852.320  0.00280735
852.427  0.00300376
852.533  0.00303391
852.640  0.00305628
852.747  0.00324339
852.853  0.00313995
852.960  0.00323479
853.067  0.0033566
853.173  0.00328787
853.280  0.0034171
853.387  0.00349541
853.493  0.00360713
853.600  0.00371334
853.707  0.00377304
853.813  0.00389957
853.920  0.00402058
854.027  0.00409292
854.133  0.00414025
854.240  0.00431026
854.347  0.00437679
854.453  0.00470993
854.560  0.00481702
854.667  0.00521187
854.773  0.00532502
854.880  0.00563119
854.987  0.0060196
855.093  0.00632522
855.200  0.00669803
855.307  0.00713365
855.413  0.00771865
855.520  0.00855539
855.627  0.00941952
855.733  0.0106716
855.840  0.011983
855.947  0.0137624
856.053  0.0159626
856.160  0.0199627
856.267  0.0237882
856.373  0.0283494
856.480  0.0340992
856.587  0.0427824
856.693  0.0523053
856.800  0.0645464
856.907  0.0809471
857.013  0.0995839
857.120  0.121318
857.227  0.15293
857.333  0.184743
857.440  0.234666
857.547  0.282813
857.653  0.333666
857.760  0.394256
857.867  0.464211
857.973  0.530986
858.080  0.605847
858.187  0.676921
858.293  0.737235
858.400  0.797344
858.507  0.84747
858.613  0.888173
858.720  0.917652
858.827  0.93796
858.933  0.947909
859.040  0.950984
859.147  0.950612
859.253  0.948136
859.360  0.944897
859.467  0.941162
859.573  0.93793
859.680  0.934884
859.787  0.932127
859.893  0.929706
860.000  0.927649
860.107  0.926328
860.213  0.925475
860.320  0.925257
860.427  0.925844
860.533  0.927007
860.640  0.929519
860.747  0.933114
860.853  0.937543
860.960  0.943146
861.067  0.95042
861.173  0.958128
861.280  0.969185
861.387  0.976941
861.493  0.984351
861.600  0.991897
861.707  0.997049
861.813  0.999875
861.920  1
862.027  0.996261
862.133  0.988555
862.240  0.973602
862.347  0.956088
862.453  0.925047
862.560  0.89343
862.667  0.857805
862.773  0.81573
862.880  0.766971
862.987  0.712547
863.093  0.649403
863.200  0.591914
863.307  0.531178
863.413  0.468892
863.520  0.409271
863.627  0.344169
863.733  0.284256
863.840  0.235895
863.947  0.193392
864.053  0.164996
864.160  0.131983
864.267  0.106237
864.373  0.0845995
864.480  0.067116
864.587  0.0542779
864.693  0.0424098
864.800  0.0328685
864.907  0.0262411
865.013  0.0210387
865.120  0.0173639
865.227  0.0139931
865.333  0.0115019
865.440  0.00947766
865.547  0.00786633
865.653  0.0065382
865.760  0.00532229
865.867  0.00450556
865.973  0.00363267
866.080  0.00312659
866.187  0.00251596
866.293  0.0020935
866.400  0.00187179
866.507  0.00155546
866.613  0.00123579
866.720  0.00120406
866.827  0.00110453
866.933  0.000873494
867.040  0.000661643
867.147  0.000590426
867.253  0.000375066
867.360  0.000379739
867.467  0.000309907
867.573  0.000359311
867.680  0.000178539
867.787  0.000227974
867.893  0.0000227816
868.000  0
