934.000  0.00523189
934.107  0.00525903
934.214  0.00556336
934.321  0.00531927
934.429  0.00577535
934.536  0.00578867
934.643  0.00592264
934.750  0.00597191
934.857  0.0062987
934.964  0.0065439
935.071  0.00673652
935.179  0.00686039
935.286  0.0068113
935.393  0.00730863
935.500  0.00747843
935.607  0.00734223
935.714  0.00756264
935.821  0.00780573
935.929  0.00796874
936.036  0.00841712
936.143  0.00854738
936.250  0.00865381
936.357  0.00920105
936.464  0.00930809
936.571  0.00966468
936.679  0.00993028
936.786  0.0101315
936.893  0.0104691
937.000  0.0105998
937.107  0.0110428
937.214  0.0115736
937.321  0.0117928
937.429  0.0122267
937.536  0.0126038
937.643  0.0129267
937.750  0.0136159
937.857  0.0141408
937.964  0.014303
938.071  0.0152303
938.179  0.0155987
938.286  0.0162383
938.393  0.0169059
938.500  0.0176168
938.607  0.0182073
938.714  0.019273
938.821  0.0198648
938.929  0.0212048
939.036  0.0223748
939.143  0.0239822
939.250  0.0253499
939.357  0.0276842
939.464  0.0297593
939.571  0.0323984
939.679  0.0352227
939.786  0.0402232
939.893  0.0446518
940.000  0.0496244
940.107  0.0563337
940.214  0.0656213
940.321  0.0737036
940.429  0.0855448
940.536  0.0971033
940.643  0.115254
940.750  0.132106
940.857  0.152901
940.964  0.174465
941.071  0.20494
941.179  0.236244
941.286  0.271121
941.393  0.307229
941.500  0.359893
941.607  0.406275
941.714  0.452297
941.821  0.502659
941.929  0.566133
942.036  0.615682
942.143  0.673523
942.250  0.727978
942.357  0.783033
942.464  0.830551
942.571  0.868608
942.679  0.90515
942.786  0.936056
942.893  0.956693
943.000  0.974019
943.107  0.989331
943.214  0.995584
943.321  0.998874
943.429  1
943.536  0.998709
943.643  0.996891
943.750  0.995017
943.857  0.992603
943.964  0.989626
944.071  0.985998
944.179  0.98247
944.286  0.979204
944.393  0.975225
944.500  0.970807
944.607  0.967614
944.714  0.962329
944.821  0.954482
944.929  0.948778
945.036  0.942255
945.143  0.934153
945.250  0.927067
945.357  0.918626
945.464  0.910025
945.571  0.897684
945.679  0.887466
945.786  0.87801
945.893  0.866036
946.000  0.852824
946.107  0.83999
946.214  0.825886
946.321  0.807484
946.429  0.785789
946.536  0.766592
946.643  0.741069
946.750  0.70919
946.857  0.675997
946.964  0.636134
947.071  0.59357
947.179  0.52649
947.286  0.477673
947.393  0.425682
947.500  0.356629
947.607  0.305029
947.714  0.249734
947.821  0.204638
947.929  0.149957
948.036  0.11999
948.143  0.0943141
948.250  0.0706508
948.357  0.0526883
948.464  0.0410028
948.571  0.0315416
948.679  0.0250459
948.786  0.0178815
948.893  0.0142296
949.000  0.0119476
949.107  0.00929817
949.214  0.00754028
949.321  0.00604873
949.429  0.00496462
949.536  0.00426386
949.643  0.00324323
949.750  0.00280214
949.857  0.00248176
949.964  0.00206892
950.071  0.00198942
950.179  0.00177425
950.286  0.00132665
950.393  0.00135132
950.500  0.00104311
950.607  0.00113476
950.714  0.000824676
950.821  0.000892216
950.929  0.000480088
951.036  0.000565768
951.143  0.000454763
951.250  0.000626683
951.357  0.000251541
951.464  0.000176623
951.571  0.000168274
951.679  0.000282628
951.786  0.000345118
951.893  0.000173654
952.000  0
