%  400.0000 3000.0000    1.0000      2601
 0.9439949  400.0000
 0.9439669  401.0000
 0.9439389  402.0000
 0.9439110  403.0000
 0.9438832  404.0000
 0.9438555  405.0000
 0.9438278  406.0000
 0.9438003  407.0000
 0.9437728  408.0000
 0.9437454  409.0000
 0.9437181  410.0000
 0.9436910  411.0000
 0.9436639  412.0000
 0.9436370  413.0000
 0.9436101  414.0000
 0.9435834  415.0000
 0.9435567  416.0000
 0.9435302  417.0000
 0.9435038  418.0000
 0.9434775  419.0000
 0.9434514  420.0000
 0.9434254  421.0000
 0.9433994  422.0000
 0.9433737  423.0000
 0.9433481  424.0000
 0.9433226  425.0000
 0.9432973  426.0000
 0.9432721  427.0000
 0.9432470  428.0000
 0.9432221  429.0000
 0.9431974  430.0000
 0.9431728  431.0000
 0.9431484  432.0000
 0.9431241  433.0000
 0.9431000  434.0000
 0.9430761  435.0000
 0.9430524  436.0000
 0.9430288  437.0000
 0.9430054  438.0000
 0.9429823  439.0000
 0.9429592  440.0000
 0.9429365  441.0000
 0.9429138  442.0000
 0.9428915  443.0000
 0.9428692  444.0000
 0.9428473  445.0000
 0.9428255  446.0000
 0.9428039  447.0000
 0.9427826  448.0000
 0.9427615  449.0000
 0.9427406  450.0000
 0.9427200  451.0000
 0.9426996  452.0000
 0.9426795  453.0000
 0.9426596  454.0000
 0.9426399  455.0000
 0.9426205  456.0000
 0.9426014  457.0000
 0.9425825  458.0000
 0.9425640  459.0000
 0.9425457  460.0000
 0.9425276  461.0000
 0.9425099  462.0000
 0.9424924  463.0000
 0.9424753  464.0000
 0.9424584  465.0000
 0.9424419  466.0000
 0.9424256  467.0000
 0.9424098  468.0000
 0.9423941  469.0000
 0.9423789  470.0000
 0.9423640  471.0000
 0.9423494  472.0000
 0.9423351  473.0000
 0.9423212  474.0000
 0.9423077  475.0000
 0.9422946  476.0000
 0.9422818  477.0000
 0.9422694  478.0000
 0.9422573  479.0000
 0.9422457  480.0000
 0.9422345  481.0000
 0.9422236  482.0000
 0.9422131  483.0000
 0.9422031  484.0000
 0.9421935  485.0000
 0.9421843  486.0000
 0.9421756  487.0000
 0.9421673  488.0000
 0.9421594  489.0000
 0.9421520  490.0000
 0.9421450  491.0000
 0.9421386  492.0000
 0.9421326  493.0000
 0.9421270  494.0000
 0.9421220  495.0000
 0.9421175  496.0000
 0.9421135  497.0000
 0.9421099  498.0000
 0.9421070  499.0000
 0.9421045  500.0000
 0.9421026  501.0000
 0.9421011  502.0000
 0.9421003  503.0000
 0.9421000  504.0000
 0.9421003  505.0000
 0.9421012  506.0000
 0.9421026  507.0000
 0.9421046  508.0000
 0.9421073  509.0000
 0.9421105  510.0000
 0.9421144  511.0000
 0.9421189  512.0000
 0.9421240  513.0000
 0.9421297  514.0000
 0.9421362  515.0000
 0.9421433  516.0000
 0.9421510  517.0000
 0.9421594  518.0000
 0.9421685  519.0000
 0.9421783  520.0000
 0.9421889  521.0000
 0.9422001  522.0000
 0.9422120  523.0000
 0.9422247  524.0000
 0.9422382  525.0000
 0.9422523  526.0000
 0.9422673  527.0000
 0.9422830  528.0000
 0.9422995  529.0000
 0.9423168  530.0000
 0.9423349  531.0000
 0.9423538  532.0000
 0.9423736  533.0000
 0.9423941  534.0000
 0.9424155  535.0000
 0.9424378  536.0000
 0.9424610  537.0000
 0.9424850  538.0000
 0.9425099  539.0000
 0.9425356  540.0000
 0.9425623  541.0000
 0.9425899  542.0000
 0.9426185  543.0000
 0.9426480  544.0000
 0.9426784  545.0000
 0.9427098  546.0000
 0.9427421  547.0000
 0.9427755  548.0000
 0.9428098  549.0000
 0.9428451  550.0000
 0.9428815  551.0000
 0.9429188  552.0000
 0.9429573  553.0000
 0.9429967  554.0000
 0.9430372  555.0000
 0.9430788  556.0000
 0.9431215  557.0000
 0.9431652  558.0000
 0.9432101  559.0000
 0.9432561  560.0000
 0.9433032  561.0000
 0.9433514  562.0000
 0.9434008  563.0000
 0.9434514  564.0000
 0.9435031  565.0000
 0.9435560  566.0000
 0.9436101  567.0000
 0.9436654  568.0000
 0.9437219  569.0000
 0.9437796  570.0000
 0.9438386  571.0000
 0.9438989  572.0000
 0.9439604  573.0000
 0.9440231  574.0000
 0.9440871  575.0000
 0.9441525  576.0000
 0.9442191  577.0000
 0.9442871  578.0000
 0.9443563  579.0000
 0.9444270  580.0000
 0.9444989  581.0000
 0.9445722  582.0000
 0.9446469  583.0000
 0.9447230  584.0000
 0.9448004  585.0000
 0.9448793  586.0000
 0.9449595  587.0000
 0.9450412  588.0000
 0.9451243  589.0000
 0.9452088  590.0000
 0.9452949  591.0000
 0.9453823  592.0000
 0.9454712  593.0000
 0.9455616  594.0000
 0.9456534  595.0000
 0.9457468  596.0000
 0.9458417  597.0000
 0.9459381  598.0000
 0.9460359  599.0000
 0.9461082  600.0000
 0.9462496  601.0000
 0.9463909  602.0000
 0.9465322  603.0000
 0.9466736  604.0000
 0.9468149  605.0000
 0.9469562  606.0000
 0.9470976  607.0000
 0.9472389  608.0000
 0.9473802  609.0000
 0.9475216  610.0000
 0.9476629  611.0000
 0.9478153  612.0000
 0.9479685  613.0000
 0.9481217  614.0000
 0.9482748  615.0000
 0.9484280  616.0000
 0.9485811  617.0000
 0.9487343  618.0000
 0.9488874  619.0000
 0.9490406  620.0000
 0.9491937  621.0000
 0.9493469  622.0000
 0.9495001  623.0000
 0.9496532  624.0000
 0.9498064  625.0000
 0.9499595  626.0000
 0.9501141  627.0000
 0.9502797  628.0000
 0.9504452  629.0000
 0.9506108  630.0000
 0.9507763  631.0000
 0.9509419  632.0000
 0.9511074  633.0000
 0.9512729  634.0000
 0.9514385  635.0000
 0.9516040  636.0000
 0.9517696  637.0000
 0.9519351  638.0000
 0.9521007  639.0000
 0.9522662  640.0000
 0.9524317  641.0000
 0.9525973  642.0000
 0.9527636  643.0000
 0.9529318  644.0000
 0.9531001  645.0000
 0.9532683  646.0000
 0.9534365  647.0000
 0.9536047  648.0000
 0.9537729  649.0000
 0.9539411  650.0000
 0.9541093  651.0000
 0.9542776  652.0000
 0.9544458  653.0000
 0.9546140  654.0000
 0.9547822  655.0000
 0.9549504  656.0000
 0.9551186  657.0000
 0.9552868  658.0000
 0.9554558  659.0000
 0.9556257  660.0000
 0.9557956  661.0000
 0.9559654  662.0000
 0.9561353  663.0000
 0.9563052  664.0000
 0.9564750  665.0000
 0.9566449  666.0000
 0.9568148  667.0000
 0.9569847  668.0000
 0.9571545  669.0000
 0.9573244  670.0000
 0.9574943  671.0000
 0.9576641  672.0000
 0.9578340  673.0000
 0.9580039  674.0000
 0.9581742  675.0000
 0.9583448  676.0000
 0.9585155  677.0000
 0.9586861  678.0000
 0.9588567  679.0000
 0.9590273  680.0000
 0.9591979  681.0000
 0.9593685  682.0000
 0.9595392  683.0000
 0.9597098  684.0000
 0.9598804  685.0000
 0.9600510  686.0000
 0.9602216  687.0000
 0.9603922  688.0000
 0.9605629  689.0000
 0.9607335  690.0000
 0.9609150  691.0000
 0.9610987  692.0000
 0.9612823  693.0000
 0.9614660  694.0000
 0.9616496  695.0000
 0.9618333  696.0000
 0.9620170  697.0000
 0.9622006  698.0000
 0.9623843  699.0000
 0.9625680  700.0000
 0.9627516  701.0000
 0.9629353  702.0000
 0.9631190  703.0000
 0.9633026  704.0000
 0.9634863  705.0000
 0.9636700  706.0000
 0.9638598  707.0000
 0.9640495  708.0000
 0.9642392  709.0000
 0.9644290  710.0000
 0.9646187  711.0000
 0.9648084  712.0000
 0.9649982  713.0000
 0.9651879  714.0000
 0.9653776  715.0000
 0.9655674  716.0000
 0.9657571  717.0000
 0.9659468  718.0000
 0.9661366  719.0000
 0.9663263  720.0000
 0.9665161  721.0000
 0.9667092  722.0000
 0.9669165  723.0000
 0.9671239  724.0000
 0.9673312  725.0000
 0.9675385  726.0000
 0.9677458  727.0000
 0.9679532  728.0000
 0.9681605  729.0000
 0.9683678  730.0000
 0.9685752  731.0000
 0.9687825  732.0000
 0.9689898  733.0000
 0.9691972  734.0000
 0.9694045  735.0000
 0.9696118  736.0000
 0.9698192  737.0000
 0.9700309  738.0000
 0.9702499  739.0000
 0.9704690  740.0000
 0.9706881  741.0000
 0.9709072  742.0000
 0.9711262  743.0000
 0.9713453  744.0000
 0.9715644  745.0000
 0.9717835  746.0000
 0.9720025  747.0000
 0.9722216  748.0000
 0.9724407  749.0000
 0.9726597  750.0000
 0.9728788  751.0000
 0.9730979  752.0000
 0.9733170  753.0000
 0.9735272  754.0000
 0.9737304  755.0000
 0.9739336  756.0000
 0.9741367  757.0000
 0.9743399  758.0000
 0.9745431  759.0000
 0.9747462  760.0000
 0.9749494  761.0000
 0.9751525  762.0000
 0.9753557  763.0000
 0.9755589  764.0000
 0.9757620  765.0000
 0.9759652  766.0000
 0.9761684  767.0000
 0.9763715  768.0000
 0.9765747  769.0000
 0.9767814  770.0000
 0.9769894  771.0000
 0.9771974  772.0000
 0.9774055  773.0000
 0.9776135  774.0000
 0.9778215  775.0000
 0.9780295  776.0000
 0.9782375  777.0000
 0.9784456  778.0000
 0.9786536  779.0000
 0.9788616  780.0000
 0.9790696  781.0000
 0.9792777  782.0000
 0.9794857  783.0000
 0.9796937  784.0000
 0.9799017  785.0000
 0.9800997  786.0000
 0.9802967  787.0000
 0.9804937  788.0000
 0.9806907  789.0000
 0.9808877  790.0000
 0.9810847  791.0000
 0.9812817  792.0000
 0.9814787  793.0000
 0.9816757  794.0000
 0.9818727  795.0000
 0.9820696  796.0000
 0.9822666  797.0000
 0.9824636  798.0000
 0.9826606  799.0000
 0.9828576  800.0000
 0.9830543  801.0000
 0.9832476  802.0000
 0.9834409  803.0000
 0.9836342  804.0000
 0.9838275  805.0000
 0.9840208  806.0000
 0.9842141  807.0000
 0.9844075  808.0000
 0.9846008  809.0000
 0.9847941  810.0000
 0.9849874  811.0000
 0.9851807  812.0000
 0.9853740  813.0000
 0.9855673  814.0000
 0.9857606  815.0000
 0.9859539  816.0000
 0.9861400  817.0000
 0.9863062  818.0000
 0.9864725  819.0000
 0.9866388  820.0000
 0.9868051  821.0000
 0.9869714  822.0000
 0.9871377  823.0000
 0.9873039  824.0000
 0.9874702  825.0000
 0.9876365  826.0000
 0.9878028  827.0000
 0.9879691  828.0000
 0.9881353  829.0000
 0.9883016  830.0000
 0.9884679  831.0000
 0.9886342  832.0000
 0.9887713  833.0000
 0.9888725  834.0000
 0.9889737  835.0000
 0.9890749  836.0000
 0.9891761  837.0000
 0.9892773  838.0000
 0.9893785  839.0000
 0.9894797  840.0000
 0.9895808  841.0000
 0.9896820  842.0000
 0.9897832  843.0000
 0.9898844  844.0000
 0.9899856  845.0000
 0.9900868  846.0000
 0.9901880  847.0000
 0.9902892  848.0000
 0.9903769  849.0000
 0.9904567  850.0000
 0.9905365  851.0000
 0.9906162  852.0000
 0.9906960  853.0000
 0.9907757  854.0000
 0.9908555  855.0000
 0.9909352  856.0000
 0.9910150  857.0000
 0.9910947  858.0000
 0.9911745  859.0000
 0.9912542  860.0000
 0.9913340  861.0000
 0.9914137  862.0000
 0.9914935  863.0000
 0.9915732  864.0000
 0.9916214  865.0000
 0.9916620  866.0000
 0.9917026  867.0000
 0.9917432  868.0000
 0.9917837  869.0000
 0.9918243  870.0000
 0.9918649  871.0000
 0.9919055  872.0000
 0.9919461  873.0000
 0.9919867  874.0000
 0.9920273  875.0000
 0.9920678  876.0000
 0.9921084  877.0000
 0.9921490  878.0000
 0.9921896  879.0000
 0.9922302  880.0000
 0.9922440  881.0000
 0.9922574  882.0000
 0.9922709  883.0000
 0.9922843  884.0000
 0.9922977  885.0000
 0.9923112  886.0000
 0.9923246  887.0000
 0.9923380  888.0000
 0.9923515  889.0000
 0.9923649  890.0000
 0.9923783  891.0000
 0.9923918  892.0000
 0.9924052  893.0000
 0.9924186  894.0000
 0.9924321  895.0000
 0.9924433  896.0000
 0.9924436  897.0000
 0.9924438  898.0000
 0.9924440  899.0000
 0.9924443  900.0000
 0.9924445  901.0000
 0.9924448  902.0000
 0.9924450  903.0000
 0.9924452  904.0000
 0.9924455  905.0000
 0.9924457  906.0000
 0.9924460  907.0000
 0.9924462  908.0000
 0.9924465  909.0000
 0.9924467  910.0000
 0.9924469  911.0000
 0.9924396  912.0000
 0.9924178  913.0000
 0.9923960  914.0000
 0.9923742  915.0000
 0.9923524  916.0000
 0.9923306  917.0000
 0.9923089  918.0000
 0.9922871  919.0000
 0.9922653  920.0000
 0.9922435  921.0000
 0.9922217  922.0000
 0.9921999  923.0000
 0.9921781  924.0000
 0.9921563  925.0000
 0.9921346  926.0000
 0.9921128  927.0000
 0.9920868  928.0000
 0.9920570  929.0000
 0.9920272  930.0000
 0.9919975  931.0000
 0.9919677  932.0000
 0.9919379  933.0000
 0.9919081  934.0000
 0.9918783  935.0000
 0.9918486  936.0000
 0.9918188  937.0000
 0.9917890  938.0000
 0.9917592  939.0000
 0.9917295  940.0000
 0.9916997  941.0000
 0.9916699  942.0000
 0.9916401  943.0000
 0.9916053  944.0000
 0.9915684  945.0000
 0.9915314  946.0000
 0.9914945  947.0000
 0.9914575  948.0000
 0.9914206  949.0000
 0.9913837  950.0000
 0.9913467  951.0000
 0.9913098  952.0000
 0.9912729  953.0000
 0.9912359  954.0000
 0.9911990  955.0000
 0.9911620  956.0000
 0.9911251  957.0000
 0.9910882  958.0000
 0.9910512  959.0000
 0.9910076  960.0000
 0.9909631  961.0000
 0.9909186  962.0000
 0.9908740  963.0000
 0.9908295  964.0000
 0.9907850  965.0000
 0.9907405  966.0000
 0.9906960  967.0000
 0.9906514  968.0000
 0.9906069  969.0000
 0.9905624  970.0000
 0.9905179  971.0000
 0.9904734  972.0000
 0.9904289  973.0000
 0.9903843  974.0000
 0.9903396  975.0000
 0.9902915  976.0000
 0.9902435  977.0000
 0.9901954  978.0000
 0.9901473  979.0000
 0.9900993  980.0000
 0.9900512  981.0000
 0.9900031  982.0000
 0.9899551  983.0000
 0.9899070  984.0000
 0.9898589  985.0000
 0.9898109  986.0000
 0.9897628  987.0000
 0.9897148  988.0000
 0.9896667  989.0000
 0.9896186  990.0000
 0.9895709  991.0000
 0.9895241  992.0000
 0.9894773  993.0000
 0.9894306  994.0000
 0.9893838  995.0000
 0.9893371  996.0000
 0.9892903  997.0000
 0.9892435  998.0000
 0.9891968  999.0000
 0.9891500 1000.0000
 0.9891032 1001.0000
 0.9890565 1002.0000
 0.9890097 1003.0000
 0.9889629 1004.0000
 0.9889162 1005.0000
 0.9888694 1006.0000
 0.9888250 1007.0000
 0.9887837 1008.0000
 0.9887424 1009.0000
 0.9887011 1010.0000
 0.9886598 1011.0000
 0.9886186 1012.0000
 0.9885773 1013.0000
 0.9885360 1014.0000
 0.9884947 1015.0000
 0.9884535 1016.0000
 0.9884122 1017.0000
 0.9883709 1018.0000
 0.9883296 1019.0000
 0.9882884 1020.0000
 0.9882471 1021.0000
 0.9882058 1022.0000
 0.9881688 1023.0000
 0.9881347 1024.0000
 0.9881006 1025.0000
 0.9880665 1026.0000
 0.9880324 1027.0000
 0.9879983 1028.0000
 0.9879642 1029.0000
 0.9879300 1030.0000
 0.9878959 1031.0000
 0.9878618 1032.0000
 0.9878277 1033.0000
 0.9877936 1034.0000
 0.9877595 1035.0000
 0.9877254 1036.0000
 0.9876913 1037.0000
 0.9876572 1038.0000
 0.9876255 1039.0000
 0.9875946 1040.0000
 0.9875637 1041.0000
 0.9875328 1042.0000
 0.9875019 1043.0000
 0.9874710 1044.0000
 0.9874401 1045.0000
 0.9874091 1046.0000
 0.9873782 1047.0000
 0.9873473 1048.0000
 0.9873164 1049.0000
 0.9872855 1050.0000
 0.9872546 1051.0000
 0.9872237 1052.0000
 0.9871927 1053.0000
 0.9871618 1054.0000
 0.9871333 1055.0000
 0.9871048 1056.0000
 0.9870763 1057.0000
 0.9870478 1058.0000
 0.9870194 1059.0000
 0.9869909 1060.0000
 0.9869624 1061.0000
 0.9869339 1062.0000
 0.9869055 1063.0000
 0.9868770 1064.0000
 0.9868485 1065.0000
 0.9868200 1066.0000
 0.9867916 1067.0000
 0.9867631 1068.0000
 0.9867346 1069.0000
 0.9867065 1070.0000
 0.9866807 1071.0000
 0.9866549 1072.0000
 0.9866291 1073.0000
 0.9866032 1074.0000
 0.9865774 1075.0000
 0.9865516 1076.0000
 0.9865258 1077.0000
 0.9865000 1078.0000
 0.9864742 1079.0000
 0.9864484 1080.0000
 0.9864225 1081.0000
 0.9863967 1082.0000
 0.9863709 1083.0000
 0.9863451 1084.0000
 0.9863193 1085.0000
 0.9862936 1086.0000
 0.9862683 1087.0000
 0.9862429 1088.0000
 0.9862175 1089.0000
 0.9861922 1090.0000
 0.9861668 1091.0000
 0.9861414 1092.0000
 0.9861160 1093.0000
 0.9860907 1094.0000
 0.9860653 1095.0000
 0.9860399 1096.0000
 0.9860146 1097.0000
 0.9859892 1098.0000
 0.9859638 1099.0000
 0.9859385 1100.0000
 0.9859131 1101.0000
 0.9858895 1102.0000
 0.9858677 1103.0000
 0.9858459 1104.0000
 0.9858241 1105.0000
 0.9858023 1106.0000
 0.9857805 1107.0000
 0.9857587 1108.0000
 0.9857369 1109.0000
 0.9857151 1110.0000
 0.9856933 1111.0000
 0.9856715 1112.0000
 0.9856497 1113.0000
 0.9856279 1114.0000
 0.9856061 1115.0000
 0.9855843 1116.0000
 0.9855625 1117.0000
 0.9855396 1118.0000
 0.9855163 1119.0000
 0.9854930 1120.0000
 0.9854696 1121.0000
 0.9854463 1122.0000
 0.9854230 1123.0000
 0.9853997 1124.0000
 0.9853763 1125.0000
 0.9853530 1126.0000
 0.9853297 1127.0000
 0.9853064 1128.0000
 0.9852830 1129.0000
 0.9852597 1130.0000
 0.9852364 1131.0000
 0.9852131 1132.0000
 0.9851897 1133.0000
 0.9851680 1134.0000
 0.9851466 1135.0000
 0.9851252 1136.0000
 0.9851038 1137.0000
 0.9850824 1138.0000
 0.9850610 1139.0000
 0.9850395 1140.0000
 0.9850181 1141.0000
 0.9849967 1142.0000
 0.9849753 1143.0000
 0.9849539 1144.0000
 0.9849325 1145.0000
 0.9849111 1146.0000
 0.9848896 1147.0000
 0.9848682 1148.0000
 0.9848468 1149.0000
 0.9848263 1150.0000
 0.9848057 1151.0000
 0.9847851 1152.0000
 0.9847646 1153.0000
 0.9847440 1154.0000
 0.9847234 1155.0000
 0.9847028 1156.0000
 0.9846823 1157.0000
 0.9846617 1158.0000
 0.9846411 1159.0000
 0.9846206 1160.0000
 0.9846000 1161.0000
 0.9845794 1162.0000
 0.9845589 1163.0000
 0.9845383 1164.0000
 0.9845178 1165.0000
 0.9844978 1166.0000
 0.9844778 1167.0000
 0.9844578 1168.0000
 0.9844378 1169.0000
 0.9844178 1170.0000
 0.9843978 1171.0000
 0.9843778 1172.0000
 0.9843578 1173.0000
 0.9843378 1174.0000
 0.9843178 1175.0000
 0.9842978 1176.0000
 0.9842778 1177.0000
 0.9842578 1178.0000
 0.9842378 1179.0000
 0.9842177 1180.0000
 0.9841983 1181.0000
 0.9841797 1182.0000
 0.9841611 1183.0000
 0.9841425 1184.0000
 0.9841239 1185.0000
 0.9841053 1186.0000
 0.9840867 1187.0000
 0.9840681 1188.0000
 0.9840495 1189.0000
 0.9840309 1190.0000
 0.9840123 1191.0000
 0.9839937 1192.0000
 0.9839750 1193.0000
 0.9839564 1194.0000
 0.9839378 1195.0000
 0.9839192 1196.0000
 0.9839020 1197.0000
 0.9838859 1198.0000
 0.9838698 1199.0000
 0.9838536 1200.0000
 0.9838375 1201.0000
 0.9838213 1202.0000
 0.9838052 1203.0000
 0.9837891 1204.0000
 0.9837729 1205.0000
 0.9837568 1206.0000
 0.9837406 1207.0000
 0.9837245 1208.0000
 0.9837083 1209.0000
 0.9836922 1210.0000
 0.9836761 1211.0000
 0.9836599 1212.0000
 0.9836440 1213.0000
 0.9836282 1214.0000
 0.9836123 1215.0000
 0.9835965 1216.0000
 0.9835806 1217.0000
 0.9835648 1218.0000
 0.9835490 1219.0000
 0.9835331 1220.0000
 0.9835173 1221.0000
 0.9835014 1222.0000
 0.9834856 1223.0000
 0.9834698 1224.0000
 0.9834539 1225.0000
 0.9834381 1226.0000
 0.9834222 1227.0000
 0.9834064 1228.0000
 0.9833908 1229.0000
 0.9833752 1230.0000
 0.9833596 1231.0000
 0.9833440 1232.0000
 0.9833284 1233.0000
 0.9833128 1234.0000
 0.9832972 1235.0000
 0.9832816 1236.0000
 0.9832660 1237.0000
 0.9832504 1238.0000
 0.9832348 1239.0000
 0.9832192 1240.0000
 0.9832036 1241.0000
 0.9831880 1242.0000
 0.9831724 1243.0000
 0.9831562 1244.0000
 0.9831351 1245.0000
 0.9831140 1246.0000
 0.9830929 1247.0000
 0.9830718 1248.0000
 0.9830507 1249.0000
 0.9830296 1250.0000
 0.9830086 1251.0000
 0.9829875 1252.0000
 0.9829664 1253.0000
 0.9829453 1254.0000
 0.9829242 1255.0000
 0.9829031 1256.0000
 0.9828820 1257.0000
 0.9828609 1258.0000
 0.9828398 1259.0000
 0.9828199 1260.0000
 0.9828032 1261.0000
 0.9827864 1262.0000
 0.9827696 1263.0000
 0.9827528 1264.0000
 0.9827361 1265.0000
 0.9827193 1266.0000
 0.9827025 1267.0000
 0.9826857 1268.0000
 0.9826690 1269.0000
 0.9826522 1270.0000
 0.9826354 1271.0000
 0.9826186 1272.0000
 0.9826019 1273.0000
 0.9825851 1274.0000
 0.9825683 1275.0000
 0.9825539 1276.0000
 0.9825422 1277.0000
 0.9825304 1278.0000
 0.9825187 1279.0000
 0.9825070 1280.0000
 0.9824952 1281.0000
 0.9824835 1282.0000
 0.9824718 1283.0000
 0.9824600 1284.0000
 0.9824483 1285.0000
 0.9824366 1286.0000
 0.9824248 1287.0000
 0.9824131 1288.0000
 0.9824014 1289.0000
 0.9823896 1290.0000
 0.9823779 1291.0000
 0.9823643 1292.0000
 0.9823496 1293.0000
 0.9823350 1294.0000
 0.9823203 1295.0000
 0.9823057 1296.0000
 0.9822910 1297.0000
 0.9822764 1298.0000
 0.9822617 1299.0000
 0.9822471 1300.0000
 0.9822324 1301.0000
 0.9822178 1302.0000
 0.9822031 1303.0000
 0.9821885 1304.0000
 0.9821738 1305.0000
 0.9821592 1306.0000
 0.9821446 1307.0000
 0.9821300 1308.0000
 0.9821154 1309.0000
 0.9821009 1310.0000
 0.9820863 1311.0000
 0.9820718 1312.0000
 0.9820573 1313.0000
 0.9820427 1314.0000
 0.9820282 1315.0000
 0.9820136 1316.0000
 0.9819991 1317.0000
 0.9819845 1318.0000
 0.9819700 1319.0000
 0.9819554 1320.0000
 0.9819409 1321.0000
 0.9819263 1322.0000
 0.9819118 1323.0000
 0.9818986 1324.0000
 0.9818855 1325.0000
 0.9818724 1326.0000
 0.9818592 1327.0000
 0.9818461 1328.0000
 0.9818330 1329.0000
 0.9818198 1330.0000
 0.9818067 1331.0000
 0.9817935 1332.0000
 0.9817804 1333.0000
 0.9817673 1334.0000
 0.9817541 1335.0000
 0.9817410 1336.0000
 0.9817279 1337.0000
 0.9817147 1338.0000
 0.9817012 1339.0000
 0.9816857 1340.0000
 0.9816702 1341.0000
 0.9816548 1342.0000
 0.9816393 1343.0000
 0.9816239 1344.0000
 0.9816084 1345.0000
 0.9815930 1346.0000
 0.9815775 1347.0000
 0.9815620 1348.0000
 0.9815466 1349.0000
 0.9815311 1350.0000
 0.9815157 1351.0000
 0.9815002 1352.0000
 0.9814848 1353.0000
 0.9814693 1354.0000
 0.9814555 1355.0000
 0.9814445 1356.0000
 0.9814335 1357.0000
 0.9814225 1358.0000
 0.9814115 1359.0000
 0.9814005 1360.0000
 0.9813895 1361.0000
 0.9813785 1362.0000
 0.9813676 1363.0000
 0.9813566 1364.0000
 0.9813456 1365.0000
 0.9813346 1366.0000
 0.9813236 1367.0000
 0.9813126 1368.0000
 0.9813016 1369.0000
 0.9812906 1370.0000
 0.9812770 1371.0000
 0.9812610 1372.0000
 0.9812451 1373.0000
 0.9812291 1374.0000
 0.9812132 1375.0000
 0.9811973 1376.0000
 0.9811813 1377.0000
 0.9811654 1378.0000
 0.9811494 1379.0000
 0.9811335 1380.0000
 0.9811175 1381.0000
 0.9811016 1382.0000
 0.9810857 1383.0000
 0.9810697 1384.0000
 0.9810538 1385.0000
 0.9810378 1386.0000
 0.9810252 1387.0000
 0.9810139 1388.0000
 0.9810026 1389.0000
 0.9809913 1390.0000
 0.9809800 1391.0000
 0.9809687 1392.0000
 0.9809574 1393.0000
 0.9809461 1394.0000
 0.9809348 1395.0000
 0.9809235 1396.0000
 0.9809122 1397.0000
 0.9809009 1398.0000
 0.9808896 1399.0000
 0.9808783 1400.0000
 0.9808670 1401.0000
 0.9808557 1402.0000
 0.9808426 1403.0000
 0.9808293 1404.0000
 0.9808159 1405.0000
 0.9808026 1406.0000
 0.9807893 1407.0000
 0.9807760 1408.0000
 0.9807627 1409.0000
 0.9807494 1410.0000
 0.9807361 1411.0000
 0.9807227 1412.0000
 0.9807094 1413.0000
 0.9806961 1414.0000
 0.9806828 1415.0000
 0.9806695 1416.0000
 0.9806562 1417.0000
 0.9806426 1418.0000
 0.9806257 1419.0000
 0.9806089 1420.0000
 0.9805920 1421.0000
 0.9805751 1422.0000
 0.9805583 1423.0000
 0.9805414 1424.0000
 0.9805246 1425.0000
 0.9805077 1426.0000
 0.9804909 1427.0000
 0.9804740 1428.0000
 0.9804571 1429.0000
 0.9804403 1430.0000
 0.9804234 1431.0000
 0.9804066 1432.0000
 0.9803897 1433.0000
 0.9803721 1434.0000
 0.9803520 1435.0000
 0.9803320 1436.0000
 0.9803120 1437.0000
 0.9802920 1438.0000
 0.9802720 1439.0000
 0.9802520 1440.0000
 0.9802320 1441.0000
 0.9802120 1442.0000
 0.9801920 1443.0000
 0.9801720 1444.0000
 0.9801520 1445.0000
 0.9801320 1446.0000
 0.9801120 1447.0000
 0.9800920 1448.0000
 0.9800720 1449.0000
 0.9800542 1450.0000
 0.9800393 1451.0000
 0.9800244 1452.0000
 0.9800094 1453.0000
 0.9799945 1454.0000
 0.9799796 1455.0000
 0.9799647 1456.0000
 0.9799497 1457.0000
 0.9799348 1458.0000
 0.9799199 1459.0000
 0.9799050 1460.0000
 0.9798900 1461.0000
 0.9798751 1462.0000
 0.9798602 1463.0000
 0.9798453 1464.0000
 0.9798304 1465.0000
 0.9798116 1466.0000
 0.9797903 1467.0000
 0.9797691 1468.0000
 0.9797479 1469.0000
 0.9797267 1470.0000
 0.9797055 1471.0000
 0.9796843 1472.0000
 0.9796630 1473.0000
 0.9796418 1474.0000
 0.9796206 1475.0000
 0.9795994 1476.0000
 0.9795782 1477.0000
 0.9795570 1478.0000
 0.9795357 1479.0000
 0.9795145 1480.0000
 0.9794933 1481.0000
 0.9794696 1482.0000
 0.9794452 1483.0000
 0.9794208 1484.0000
 0.9793964 1485.0000
 0.9793720 1486.0000
 0.9793476 1487.0000
 0.9793232 1488.0000
 0.9792988 1489.0000
 0.9792744 1490.0000
 0.9792501 1491.0000
 0.9792257 1492.0000
 0.9792013 1493.0000
 0.9791769 1494.0000
 0.9791525 1495.0000
 0.9791281 1496.0000
 0.9791037 1497.0000
 0.9790792 1498.0000
 0.9790547 1499.0000
 0.9790302 1500.0000
 0.9790057 1501.0000
 0.9789812 1502.0000
 0.9789567 1503.0000
 0.9789322 1504.0000
 0.9789077 1505.0000
 0.9788831 1506.0000
 0.9788586 1507.0000
 0.9788341 1508.0000
 0.9788096 1509.0000
 0.9787851 1510.0000
 0.9787606 1511.0000
 0.9787361 1512.0000
 0.9787116 1513.0000
 0.9786868 1514.0000
 0.9786621 1515.0000
 0.9786374 1516.0000
 0.9786127 1517.0000
 0.9785880 1518.0000
 0.9785632 1519.0000
 0.9785385 1520.0000
 0.9785138 1521.0000
 0.9784891 1522.0000
 0.9784644 1523.0000
 0.9784396 1524.0000
 0.9784149 1525.0000
 0.9783902 1526.0000
 0.9783655 1527.0000
 0.9783408 1528.0000
 0.9783142 1529.0000
 0.9782840 1530.0000
 0.9782538 1531.0000
 0.9782237 1532.0000
 0.9781935 1533.0000
 0.9781633 1534.0000
 0.9781331 1535.0000
 0.9781029 1536.0000
 0.9780727 1537.0000
 0.9780425 1538.0000
 0.9780123 1539.0000
 0.9779822 1540.0000
 0.9779520 1541.0000
 0.9779218 1542.0000
 0.9778916 1543.0000
 0.9778614 1544.0000
 0.9778266 1545.0000
 0.9777875 1546.0000
 0.9777483 1547.0000
 0.9777092 1548.0000
 0.9776700 1549.0000
 0.9776309 1550.0000
 0.9775917 1551.0000
 0.9775526 1552.0000
 0.9775134 1553.0000
 0.9774743 1554.0000
 0.9774351 1555.0000
 0.9773960 1556.0000
 0.9773568 1557.0000
 0.9773177 1558.0000
 0.9772785 1559.0000
 0.9772394 1560.0000
 0.9771927 1561.0000
 0.9771428 1562.0000
 0.9770928 1563.0000
 0.9770429 1564.0000
 0.9769929 1565.0000
 0.9769430 1566.0000
 0.9768930 1567.0000
 0.9768431 1568.0000
 0.9767931 1569.0000
 0.9767432 1570.0000
 0.9766932 1571.0000
 0.9766433 1572.0000
 0.9765933 1573.0000
 0.9765434 1574.0000
 0.9764934 1575.0000
 0.9764435 1576.0000
 0.9763919 1577.0000
 0.9763400 1578.0000
 0.9762881 1579.0000
 0.9762362 1580.0000
 0.9761844 1581.0000
 0.9761325 1582.0000
 0.9760806 1583.0000
 0.9760288 1584.0000
 0.9759769 1585.0000
 0.9759250 1586.0000
 0.9758731 1587.0000
 0.9758213 1588.0000
 0.9757694 1589.0000
 0.9757175 1590.0000
 0.9756657 1591.0000
 0.9756137 1592.0000
 0.9755594 1593.0000
 0.9755052 1594.0000
 0.9754510 1595.0000
 0.9753968 1596.0000
 0.9753425 1597.0000
 0.9752883 1598.0000
 0.9752341 1599.0000
 0.9751799 1600.0000
 0.9751256 1601.0000
 0.9750714 1602.0000
 0.9750172 1603.0000
 0.9749630 1604.0000
 0.9749087 1605.0000
 0.9748545 1606.0000
 0.9748003 1607.0000
 0.9747735 1608.0000
 0.9748388 1609.0000
 0.9749041 1610.0000
 0.9749693 1611.0000
 0.9750346 1612.0000
 0.9750999 1613.0000
 0.9751652 1614.0000
 0.9752305 1615.0000
 0.9752957 1616.0000
 0.9753610 1617.0000
 0.9754263 1618.0000
 0.9754916 1619.0000
 0.9755569 1620.0000
 0.9756221 1621.0000
 0.9756874 1622.0000
 0.9757527 1623.0000
 0.9758338 1624.0000
 0.9759376 1625.0000
 0.9760415 1626.0000
 0.9761454 1627.0000
 0.9762493 1628.0000
 0.9763532 1629.0000
 0.9764571 1630.0000
 0.9765610 1631.0000
 0.9766648 1632.0000
 0.9767687 1633.0000
 0.9768726 1634.0000
 0.9769765 1635.0000
 0.9770804 1636.0000
 0.9771843 1637.0000
 0.9772882 1638.0000
 0.9773920 1639.0000
 0.9775699 1640.0000
 0.9777996 1641.0000
 0.9780293 1642.0000
 0.9782590 1643.0000
 0.9784886 1644.0000
 0.9787183 1645.0000
 0.9789480 1646.0000
 0.9791777 1647.0000
 0.9794074 1648.0000
 0.9796371 1649.0000
 0.9798668 1650.0000
 0.9800965 1651.0000
 0.9803261 1652.0000
 0.9805558 1653.0000
 0.9807855 1654.0000
 0.9810152 1655.0000
 0.9812145 1656.0000
 0.9814045 1657.0000
 0.9815946 1658.0000
 0.9817846 1659.0000
 0.9819746 1660.0000
 0.9821647 1661.0000
 0.9823547 1662.0000
 0.9825448 1663.0000
 0.9827348 1664.0000
 0.9829249 1665.0000
 0.9831149 1666.0000
 0.9833049 1667.0000
 0.9834950 1668.0000
 0.9836850 1669.0000
 0.9838751 1670.0000
 0.9840651 1671.0000
 0.9841781 1672.0000
 0.9842867 1673.0000
 0.9843953 1674.0000
 0.9845039 1675.0000
 0.9846125 1676.0000
 0.9847211 1677.0000
 0.9848297 1678.0000
 0.9849383 1679.0000
 0.9850469 1680.0000
 0.9851555 1681.0000
 0.9852641 1682.0000
 0.9853727 1683.0000
 0.9854813 1684.0000
 0.9855899 1685.0000
 0.9856985 1686.0000
 0.9857983 1687.0000
 0.9858367 1688.0000
 0.9858750 1689.0000
 0.9859134 1690.0000
 0.9859517 1691.0000
 0.9859901 1692.0000
 0.9860284 1693.0000
 0.9860668 1694.0000
 0.9861051 1695.0000
 0.9861435 1696.0000
 0.9861818 1697.0000
 0.9862202 1698.0000
 0.9862585 1699.0000
 0.9862969 1700.0000
 0.9863352 1701.0000
 0.9863736 1702.0000
 0.9863922 1703.0000
 0.9863660 1704.0000
 0.9863398 1705.0000
 0.9863136 1706.0000
 0.9862874 1707.0000
 0.9862612 1708.0000
 0.9862350 1709.0000
 0.9862087 1710.0000
 0.9861825 1711.0000
 0.9861563 1712.0000
 0.9861301 1713.0000
 0.9861039 1714.0000
 0.9860777 1715.0000
 0.9860514 1716.0000
 0.9860252 1717.0000
 0.9859990 1718.0000
 0.9859677 1719.0000
 0.9859310 1720.0000
 0.9858942 1721.0000
 0.9858575 1722.0000
 0.9858207 1723.0000
 0.9857840 1724.0000
 0.9857473 1725.0000
 0.9857105 1726.0000
 0.9856738 1727.0000
 0.9856370 1728.0000
 0.9856003 1729.0000
 0.9855635 1730.0000
 0.9855268 1731.0000
 0.9854900 1732.0000
 0.9854533 1733.0000
 0.9854166 1734.0000
 0.9853764 1735.0000
 0.9853344 1736.0000
 0.9852924 1737.0000
 0.9852505 1738.0000
 0.9852085 1739.0000
 0.9851665 1740.0000
 0.9851246 1741.0000
 0.9850826 1742.0000
 0.9850406 1743.0000
 0.9849987 1744.0000
 0.9849567 1745.0000
 0.9849147 1746.0000
 0.9848728 1747.0000
 0.9848308 1748.0000
 0.9847888 1749.0000
 0.9847469 1750.0000
 0.9847088 1751.0000
 0.9846714 1752.0000
 0.9846339 1753.0000
 0.9845965 1754.0000
 0.9845591 1755.0000
 0.9845217 1756.0000
 0.9844843 1757.0000
 0.9844469 1758.0000
 0.9844095 1759.0000
 0.9843721 1760.0000
 0.9843347 1761.0000
 0.9842973 1762.0000
 0.9842599 1763.0000
 0.9842225 1764.0000
 0.9841851 1765.0000
 0.9841477 1766.0000
 0.9841119 1767.0000
 0.9840760 1768.0000
 0.9840402 1769.0000
 0.9840043 1770.0000
 0.9839685 1771.0000
 0.9839326 1772.0000
 0.9838968 1773.0000
 0.9838609 1774.0000
 0.9838251 1775.0000
 0.9837892 1776.0000
 0.9837534 1777.0000
 0.9837175 1778.0000
 0.9836816 1779.0000
 0.9836458 1780.0000
 0.9836099 1781.0000
 0.9835754 1782.0000
 0.9835463 1783.0000
 0.9835172 1784.0000
 0.9834881 1785.0000
 0.9834591 1786.0000
 0.9834300 1787.0000
 0.9834009 1788.0000
 0.9833718 1789.0000
 0.9833427 1790.0000
 0.9833136 1791.0000
 0.9832845 1792.0000
 0.9832554 1793.0000
 0.9832263 1794.0000
 0.9831972 1795.0000
 0.9831681 1796.0000
 0.9831390 1797.0000
 0.9831107 1798.0000
 0.9830837 1799.0000
 0.9830567 1800.0000
 0.9830297 1801.0000
 0.9830027 1802.0000
 0.9829758 1803.0000
 0.9829488 1804.0000
 0.9829218 1805.0000
 0.9828948 1806.0000
 0.9828678 1807.0000
 0.9828408 1808.0000
 0.9828138 1809.0000
 0.9827869 1810.0000
 0.9827599 1811.0000
 0.9827329 1812.0000
 0.9827059 1813.0000
 0.9826814 1814.0000
 0.9826589 1815.0000
 0.9826364 1816.0000
 0.9826138 1817.0000
 0.9825913 1818.0000
 0.9825688 1819.0000
 0.9825463 1820.0000
 0.9825237 1821.0000
 0.9825012 1822.0000
 0.9824787 1823.0000
 0.9824562 1824.0000
 0.9824336 1825.0000
 0.9824111 1826.0000
 0.9823886 1827.0000
 0.9823661 1828.0000
 0.9823435 1829.0000
 0.9823224 1830.0000
 0.9823017 1831.0000
 0.9822810 1832.0000
 0.9822604 1833.0000
 0.9822397 1834.0000
 0.9822190 1835.0000
 0.9821984 1836.0000
 0.9821777 1837.0000
 0.9821570 1838.0000
 0.9821363 1839.0000
 0.9821157 1840.0000
 0.9820950 1841.0000
 0.9820743 1842.0000
 0.9820536 1843.0000
 0.9820330 1844.0000
 0.9820123 1845.0000
 0.9819919 1846.0000
 0.9819714 1847.0000
 0.9819510 1848.0000
 0.9819306 1849.0000
 0.9819102 1850.0000
 0.9818898 1851.0000
 0.9818693 1852.0000
 0.9818489 1853.0000
 0.9818285 1854.0000
 0.9818081 1855.0000
 0.9817877 1856.0000
 0.9817672 1857.0000
 0.9817468 1858.0000
 0.9817264 1859.0000
 0.9817060 1860.0000
 0.9816856 1861.0000
 0.9816653 1862.0000
 0.9816451 1863.0000
 0.9816248 1864.0000
 0.9816045 1865.0000
 0.9815843 1866.0000
 0.9815640 1867.0000
 0.9815437 1868.0000
 0.9815235 1869.0000
 0.9815032 1870.0000
 0.9814829 1871.0000
 0.9814627 1872.0000
 0.9814424 1873.0000
 0.9814221 1874.0000
 0.9814019 1875.0000
 0.9813816 1876.0000
 0.9813620 1877.0000
 0.9813439 1878.0000
 0.9813258 1879.0000
 0.9813077 1880.0000
 0.9812896 1881.0000
 0.9812715 1882.0000
 0.9812534 1883.0000
 0.9812353 1884.0000
 0.9812172 1885.0000
 0.9811991 1886.0000
 0.9811810 1887.0000
 0.9811630 1888.0000
 0.9811449 1889.0000
 0.9811268 1890.0000
 0.9811087 1891.0000
 0.9810906 1892.0000
 0.9810743 1893.0000
 0.9810601 1894.0000
 0.9810460 1895.0000
 0.9810318 1896.0000
 0.9810177 1897.0000
 0.9810035 1898.0000
 0.9809894 1899.0000
 0.9809752 1900.0000
 0.9809611 1901.0000
 0.9809469 1902.0000
 0.9809328 1903.0000
 0.9809186 1904.0000
 0.9809045 1905.0000
 0.9808903 1906.0000
 0.9808762 1907.0000
 0.9808620 1908.0000
 0.9808479 1909.0000
 0.9808337 1910.0000
 0.9808195 1911.0000
 0.9808054 1912.0000
 0.9807912 1913.0000
 0.9807770 1914.0000
 0.9807628 1915.0000
 0.9807487 1916.0000
 0.9807345 1917.0000
 0.9807203 1918.0000
 0.9807061 1919.0000
 0.9806920 1920.0000
 0.9806778 1921.0000
 0.9806636 1922.0000
 0.9806495 1923.0000
 0.9806353 1924.0000
 0.9806214 1925.0000
 0.9806076 1926.0000
 0.9805938 1927.0000
 0.9805800 1928.0000
 0.9805662 1929.0000
 0.9805524 1930.0000
 0.9805386 1931.0000
 0.9805248 1932.0000
 0.9805110 1933.0000
 0.9804972 1934.0000
 0.9804834 1935.0000
 0.9804696 1936.0000
 0.9804558 1937.0000
 0.9804420 1938.0000
 0.9804282 1939.0000
 0.9804144 1940.0000
 0.9804006 1941.0000
 0.9803867 1942.0000
 0.9803728 1943.0000
 0.9803590 1944.0000
 0.9803451 1945.0000
 0.9803313 1946.0000
 0.9803174 1947.0000
 0.9803036 1948.0000
 0.9802897 1949.0000
 0.9802759 1950.0000
 0.9802620 1951.0000
 0.9802481 1952.0000
 0.9802343 1953.0000
 0.9802204 1954.0000
 0.9802066 1955.0000
 0.9801934 1956.0000
 0.9801835 1957.0000
 0.9801736 1958.0000
 0.9801637 1959.0000
 0.9801538 1960.0000
 0.9801439 1961.0000
 0.9801340 1962.0000
 0.9801241 1963.0000
 0.9801142 1964.0000
 0.9801043 1965.0000
 0.9800944 1966.0000
 0.9800845 1967.0000
 0.9800745 1968.0000
 0.9800646 1969.0000
 0.9800547 1970.0000
 0.9800448 1971.0000
 0.9800356 1972.0000
 0.9800275 1973.0000
 0.9800193 1974.0000
 0.9800112 1975.0000
 0.9800031 1976.0000
 0.9799950 1977.0000
 0.9799869 1978.0000
 0.9799788 1979.0000
 0.9799707 1980.0000
 0.9799626 1981.0000
 0.9799545 1982.0000
 0.9799464 1983.0000
 0.9799383 1984.0000
 0.9799302 1985.0000
 0.9799221 1986.0000
 0.9799140 1987.0000
 0.9799059 1988.0000
 0.9798978 1989.0000
 0.9798897 1990.0000
 0.9798817 1991.0000
 0.9798736 1992.0000
 0.9798655 1993.0000
 0.9798575 1994.0000
 0.9798494 1995.0000
 0.9798413 1996.0000
 0.9798333 1997.0000
 0.9798252 1998.0000
 0.9798171 1999.0000
 0.9798091 2000.0000
 0.9798010 2001.0000
 0.9797929 2002.0000
 0.9797849 2003.0000
 0.9797770 2004.0000
 0.9797691 2005.0000
 0.9797613 2006.0000
 0.9797535 2007.0000
 0.9797456 2008.0000
 0.9797378 2009.0000
 0.9797299 2010.0000
 0.9797221 2011.0000
 0.9797143 2012.0000
 0.9797064 2013.0000
 0.9796986 2014.0000
 0.9796908 2015.0000
 0.9796829 2016.0000
 0.9796751 2017.0000
 0.9796673 2018.0000
 0.9796594 2019.0000
 0.9796516 2020.0000
 0.9796437 2021.0000
 0.9796359 2022.0000
 0.9796280 2023.0000
 0.9796202 2024.0000
 0.9796123 2025.0000
 0.9796045 2026.0000
 0.9795966 2027.0000
 0.9795888 2028.0000
 0.9795809 2029.0000
 0.9795731 2030.0000
 0.9795652 2031.0000
 0.9795574 2032.0000
 0.9795495 2033.0000
 0.9795417 2034.0000
 0.9795339 2035.0000
 0.9795278 2036.0000
 0.9795217 2037.0000
 0.9795155 2038.0000
 0.9795094 2039.0000
 0.9795033 2040.0000
 0.9794972 2041.0000
 0.9794910 2042.0000
 0.9794849 2043.0000
 0.9794788 2044.0000
 0.9794727 2045.0000
 0.9794665 2046.0000
 0.9794604 2047.0000
 0.9794543 2048.0000
 0.9794482 2049.0000
 0.9794420 2050.0000
 0.9794362 2051.0000
 0.9794310 2052.0000
 0.9794259 2053.0000
 0.9794208 2054.0000
 0.9794157 2055.0000
 0.9794106 2056.0000
 0.9794055 2057.0000
 0.9794004 2058.0000
 0.9793953 2059.0000
 0.9793902 2060.0000
 0.9793851 2061.0000
 0.9793800 2062.0000
 0.9793749 2063.0000
 0.9793698 2064.0000
 0.9793647 2065.0000
 0.9793596 2066.0000
 0.9793544 2067.0000
 0.9793493 2068.0000
 0.9793442 2069.0000
 0.9793391 2070.0000
 0.9793340 2071.0000
 0.9793289 2072.0000
 0.9793238 2073.0000
 0.9793187 2074.0000
 0.9793136 2075.0000
 0.9793084 2076.0000
 0.9793033 2077.0000
 0.9792982 2078.0000
 0.9792931 2079.0000
 0.9792880 2080.0000
 0.9792829 2081.0000
 0.9792778 2082.0000
 0.9792755 2083.0000
 0.9792751 2084.0000
 0.9792747 2085.0000
 0.9792744 2086.0000
 0.9792740 2087.0000
 0.9792736 2088.0000
 0.9792732 2089.0000
 0.9792728 2090.0000
 0.9792724 2091.0000
 0.9792720 2092.0000
 0.9792716 2093.0000
 0.9792713 2094.0000
 0.9792709 2095.0000
 0.9792705 2096.0000
 0.9792701 2097.0000
 0.9792697 2098.0000
 0.9792696 2099.0000
 0.9792695 2100.0000
 0.9792694 2101.0000
 0.9792693 2102.0000
 0.9792692 2103.0000
 0.9792691 2104.0000
 0.9792690 2105.0000
 0.9792689 2106.0000
 0.9792688 2107.0000
 0.9792687 2108.0000
 0.9792686 2109.0000
 0.9792685 2110.0000
 0.9792685 2111.0000
 0.9792684 2112.0000
 0.9792683 2113.0000
 0.9792682 2114.0000
 0.9792681 2115.0000
 0.9792680 2116.0000
 0.9792680 2117.0000
 0.9792679 2118.0000
 0.9792679 2119.0000
 0.9792678 2120.0000
 0.9792677 2121.0000
 0.9792677 2122.0000
 0.9792676 2123.0000
 0.9792675 2124.0000
 0.9792675 2125.0000
 0.9792674 2126.0000
 0.9792674 2127.0000
 0.9792673 2128.0000
 0.9792672 2129.0000
 0.9792672 2130.0000
 0.9792673 2131.0000
 0.9792675 2132.0000
 0.9792676 2133.0000
 0.9792677 2134.0000
 0.9792678 2135.0000
 0.9792679 2136.0000
 0.9792681 2137.0000
 0.9792682 2138.0000
 0.9792683 2139.0000
 0.9792684 2140.0000
 0.9792686 2141.0000
 0.9792687 2142.0000
 0.9792688 2143.0000
 0.9792689 2144.0000
 0.9792691 2145.0000
 0.9792692 2146.0000
 0.9792693 2147.0000
 0.9792694 2148.0000
 0.9792696 2149.0000
 0.9792697 2150.0000
 0.9792698 2151.0000
 0.9792699 2152.0000
 0.9792700 2153.0000
 0.9792702 2154.0000
 0.9792703 2155.0000
 0.9792704 2156.0000
 0.9792705 2157.0000
 0.9792707 2158.0000
 0.9792708 2159.0000
 0.9792709 2160.0000
 0.9792710 2161.0000
 0.9792707 2162.0000
 0.9792699 2163.0000
 0.9792691 2164.0000
 0.9792683 2165.0000
 0.9792675 2166.0000
 0.9792667 2167.0000
 0.9792659 2168.0000
 0.9792651 2169.0000
 0.9792643 2170.0000
 0.9792635 2171.0000
 0.9792627 2172.0000
 0.9792619 2173.0000
 0.9792612 2174.0000
 0.9792604 2175.0000
 0.9792596 2176.0000
 0.9792588 2177.0000
 0.9792557 2178.0000
 0.9792516 2179.0000
 0.9792474 2180.0000
 0.9792433 2181.0000
 0.9792392 2182.0000
 0.9792350 2183.0000
 0.9792309 2184.0000
 0.9792268 2185.0000
 0.9792226 2186.0000
 0.9792185 2187.0000
 0.9792144 2188.0000
 0.9792102 2189.0000
 0.9792061 2190.0000
 0.9792020 2191.0000
 0.9791978 2192.0000
 0.9791937 2193.0000
 0.9791896 2194.0000
 0.9791854 2195.0000
 0.9791813 2196.0000
 0.9791771 2197.0000
 0.9791730 2198.0000
 0.9791688 2199.0000
 0.9791647 2200.0000
 0.9791605 2201.0000
 0.9791564 2202.0000
 0.9791522 2203.0000
 0.9791481 2204.0000
 0.9791439 2205.0000
 0.9791398 2206.0000
 0.9791356 2207.0000
 0.9791315 2208.0000
 0.9791273 2209.0000
 0.9791232 2210.0000
 0.9791190 2211.0000
 0.9791149 2212.0000
 0.9791108 2213.0000
 0.9791066 2214.0000
 0.9791025 2215.0000
 0.9790983 2216.0000
 0.9790942 2217.0000
 0.9790901 2218.0000
 0.9790859 2219.0000
 0.9790818 2220.0000
 0.9790776 2221.0000
 0.9790735 2222.0000
 0.9790694 2223.0000
 0.9790652 2224.0000
 0.9790611 2225.0000
 0.9790571 2226.0000
 0.9790531 2227.0000
 0.9790490 2228.0000
 0.9790450 2229.0000
 0.9790410 2230.0000
 0.9790370 2231.0000
 0.9790330 2232.0000
 0.9790289 2233.0000
 0.9790249 2234.0000
 0.9790209 2235.0000
 0.9790169 2236.0000
 0.9790128 2237.0000
 0.9790088 2238.0000
 0.9790048 2239.0000
 0.9790008 2240.0000
 0.9789968 2241.0000
 0.9789927 2242.0000
 0.9789887 2243.0000
 0.9789847 2244.0000
 0.9789806 2245.0000
 0.9789766 2246.0000
 0.9789726 2247.0000
 0.9789685 2248.0000
 0.9789645 2249.0000
 0.9789605 2250.0000
 0.9789565 2251.0000
 0.9789524 2252.0000
 0.9789484 2253.0000
 0.9789444 2254.0000
 0.9789403 2255.0000
 0.9789363 2256.0000
 0.9789323 2257.0000
 0.9789282 2258.0000
 0.9789242 2259.0000
 0.9789201 2260.0000
 0.9789161 2261.0000
 0.9789120 2262.0000
 0.9789080 2263.0000
 0.9789039 2264.0000
 0.9788999 2265.0000
 0.9788958 2266.0000
 0.9788918 2267.0000
 0.9788877 2268.0000
 0.9788837 2269.0000
 0.9788796 2270.0000
 0.9788756 2271.0000
 0.9788715 2272.0000
 0.9788646 2273.0000
 0.9788568 2274.0000
 0.9788491 2275.0000
 0.9788413 2276.0000
 0.9788335 2277.0000
 0.9788257 2278.0000
 0.9788179 2279.0000
 0.9788101 2280.0000
 0.9788023 2281.0000
 0.9787945 2282.0000
 0.9787867 2283.0000
 0.9787789 2284.0000
 0.9787711 2285.0000
 0.9787633 2286.0000
 0.9787555 2287.0000
 0.9787477 2288.0000
 0.9787398 2289.0000
 0.9787319 2290.0000
 0.9787239 2291.0000
 0.9787160 2292.0000
 0.9787081 2293.0000
 0.9787001 2294.0000
 0.9786922 2295.0000
 0.9786843 2296.0000
 0.9786764 2297.0000
 0.9786684 2298.0000
 0.9786605 2299.0000
 0.9786526 2300.0000
 0.9786446 2301.0000
 0.9786367 2302.0000
 0.9786288 2303.0000
 0.9786208 2304.0000
 0.9786129 2305.0000
 0.9786049 2306.0000
 0.9785970 2307.0000
 0.9785890 2308.0000
 0.9785811 2309.0000
 0.9785731 2310.0000
 0.9785651 2311.0000
 0.9785572 2312.0000
 0.9785492 2313.0000
 0.9785413 2314.0000
 0.9785333 2315.0000
 0.9785254 2316.0000
 0.9785174 2317.0000
 0.9785095 2318.0000
 0.9785015 2319.0000
 0.9784936 2320.0000
 0.9784858 2321.0000
 0.9784781 2322.0000
 0.9784703 2323.0000
 0.9784625 2324.0000
 0.9784548 2325.0000
 0.9784470 2326.0000
 0.9784392 2327.0000
 0.9784315 2328.0000
 0.9784237 2329.0000
 0.9784159 2330.0000
 0.9784082 2331.0000
 0.9784004 2332.0000
 0.9783926 2333.0000
 0.9783849 2334.0000
 0.9783771 2335.0000
 0.9783694 2336.0000
 0.9783618 2337.0000
 0.9783541 2338.0000
 0.9783465 2339.0000
 0.9783388 2340.0000
 0.9783312 2341.0000
 0.9783235 2342.0000
 0.9783159 2343.0000
 0.9783082 2344.0000
 0.9783006 2345.0000
 0.9782930 2346.0000
 0.9782853 2347.0000
 0.9782777 2348.0000
 0.9782700 2349.0000
 0.9782624 2350.0000
 0.9782547 2351.0000
 0.9782471 2352.0000
 0.9782394 2353.0000
 0.9782317 2354.0000
 0.9782241 2355.0000
 0.9782164 2356.0000
 0.9782087 2357.0000
 0.9782011 2358.0000
 0.9781934 2359.0000
 0.9781857 2360.0000
 0.9781780 2361.0000
 0.9781704 2362.0000
 0.9781627 2363.0000
 0.9781550 2364.0000
 0.9781474 2365.0000
 0.9781397 2366.0000
 0.9781320 2367.0000
 0.9781244 2368.0000
 0.9781167 2369.0000
 0.9781091 2370.0000
 0.9781014 2371.0000
 0.9780938 2372.0000
 0.9780862 2373.0000
 0.9780785 2374.0000
 0.9780709 2375.0000
 0.9780632 2376.0000
 0.9780556 2377.0000
 0.9780479 2378.0000
 0.9780403 2379.0000
 0.9780326 2380.0000
 0.9780250 2381.0000
 0.9780174 2382.0000
 0.9780097 2383.0000
 0.9780024 2384.0000
 0.9779950 2385.0000
 0.9779876 2386.0000
 0.9779803 2387.0000
 0.9779729 2388.0000
 0.9779655 2389.0000
 0.9779582 2390.0000
 0.9779508 2391.0000
 0.9779435 2392.0000
 0.9779361 2393.0000
 0.9779287 2394.0000
 0.9779214 2395.0000
 0.9779140 2396.0000
 0.9779066 2397.0000
 0.9778993 2398.0000
 0.9778919 2399.0000
 0.9778845 2400.0000
 0.9778772 2401.0000
 0.9778698 2402.0000
 0.9778624 2403.0000
 0.9778550 2404.0000
 0.9778476 2405.0000
 0.9778403 2406.0000
 0.9778329 2407.0000
 0.9778255 2408.0000
 0.9778181 2409.0000
 0.9778107 2410.0000
 0.9778034 2411.0000
 0.9777960 2412.0000
 0.9777886 2413.0000
 0.9777812 2414.0000
 0.9777739 2415.0000
 0.9777665 2416.0000
 0.9777591 2417.0000
 0.9777517 2418.0000
 0.9777443 2419.0000
 0.9777369 2420.0000
 0.9777295 2421.0000
 0.9777221 2422.0000
 0.9777148 2423.0000
 0.9777074 2424.0000
 0.9777000 2425.0000
 0.9776926 2426.0000
 0.9776852 2427.0000
 0.9776778 2428.0000
 0.9776704 2429.0000
 0.9776630 2430.0000
 0.9776553 2431.0000
 0.9776472 2432.0000
 0.9776392 2433.0000
 0.9776311 2434.0000
 0.9776230 2435.0000
 0.9776150 2436.0000
 0.9776069 2437.0000
 0.9775988 2438.0000
 0.9775908 2439.0000
 0.9775827 2440.0000
 0.9775746 2441.0000
 0.9775666 2442.0000
 0.9775585 2443.0000
 0.9775504 2444.0000
 0.9775424 2445.0000
 0.9775343 2446.0000
 0.9775256 2447.0000
 0.9775168 2448.0000
 0.9775079 2449.0000
 0.9774990 2450.0000
 0.9774902 2451.0000
 0.9774813 2452.0000
 0.9774725 2453.0000
 0.9774636 2454.0000
 0.9774547 2455.0000
 0.9774459 2456.0000
 0.9774370 2457.0000
 0.9774281 2458.0000
 0.9774193 2459.0000
 0.9774104 2460.0000
 0.9774015 2461.0000
 0.9773927 2462.0000
 0.9773838 2463.0000
 0.9773749 2464.0000
 0.9773660 2465.0000
 0.9773572 2466.0000
 0.9773483 2467.0000
 0.9773394 2468.0000
 0.9773305 2469.0000
 0.9773217 2470.0000
 0.9773128 2471.0000
 0.9773039 2472.0000
 0.9772950 2473.0000
 0.9772862 2474.0000
 0.9772773 2475.0000
 0.9772684 2476.0000
 0.9772595 2477.0000
 0.9772506 2478.0000
 0.9772417 2479.0000
 0.9772328 2480.0000
 0.9772240 2481.0000
 0.9772151 2482.0000
 0.9772062 2483.0000
 0.9771973 2484.0000
 0.9771884 2485.0000
 0.9771795 2486.0000
 0.9771706 2487.0000
 0.9771617 2488.0000
 0.9771528 2489.0000
 0.9771439 2490.0000
 0.9771350 2491.0000
 0.9771261 2492.0000
 0.9771172 2493.0000
 0.9771081 2494.0000
 0.9770984 2495.0000
 0.9770887 2496.0000
 0.9770790 2497.0000
 0.9770693 2498.0000
 0.9770597 2499.0000
 0.9770500 2500.0000
 0.9770403 2501.0000
 0.9770306 2502.0000
 0.9770209 2503.0000
 0.9770112 2504.0000
 0.9770015 2505.0000
 0.9769919 2506.0000
 0.9769822 2507.0000
 0.9769725 2508.0000
 0.9769628 2509.0000
 0.9769529 2510.0000
 0.9769427 2511.0000
 0.9769325 2512.0000
 0.9769222 2513.0000
 0.9769120 2514.0000
 0.9769018 2515.0000
 0.9768916 2516.0000
 0.9768814 2517.0000
 0.9768712 2518.0000
 0.9768610 2519.0000
 0.9768507 2520.0000
 0.9768405 2521.0000
 0.9768303 2522.0000
 0.9768201 2523.0000
 0.9768099 2524.0000
 0.9767997 2525.0000
 0.9767894 2526.0000
 0.9767792 2527.0000
 0.9767690 2528.0000
 0.9767587 2529.0000
 0.9767485 2530.0000
 0.9767382 2531.0000
 0.9767280 2532.0000
 0.9767178 2533.0000
 0.9767075 2534.0000
 0.9766973 2535.0000
 0.9766870 2536.0000
 0.9766768 2537.0000
 0.9766666 2538.0000
 0.9766563 2539.0000
 0.9766461 2540.0000
 0.9766358 2541.0000
 0.9766256 2542.0000
 0.9766153 2543.0000
 0.9766051 2544.0000
 0.9765948 2545.0000
 0.9765845 2546.0000
 0.9765743 2547.0000
 0.9765640 2548.0000
 0.9765538 2549.0000
 0.9765435 2550.0000
 0.9765332 2551.0000
 0.9765230 2552.0000
 0.9765127 2553.0000
 0.9765024 2554.0000
 0.9764922 2555.0000
 0.9764819 2556.0000
 0.9764717 2557.0000
 0.9764608 2558.0000
 0.9764499 2559.0000
 0.9764390 2560.0000
 0.9764281 2561.0000
 0.9764172 2562.0000
 0.9764063 2563.0000
 0.9763953 2564.0000
 0.9763844 2565.0000
 0.9763735 2566.0000
 0.9763626 2567.0000
 0.9763517 2568.0000
 0.9763408 2569.0000
 0.9763299 2570.0000
 0.9763190 2571.0000
 0.9763081 2572.0000
 0.9762971 2573.0000
 0.9762857 2574.0000
 0.9762742 2575.0000
 0.9762628 2576.0000
 0.9762514 2577.0000
 0.9762399 2578.0000
 0.9762285 2579.0000
 0.9762170 2580.0000
 0.9762056 2581.0000
 0.9761941 2582.0000
 0.9761827 2583.0000
 0.9761713 2584.0000
 0.9761598 2585.0000
 0.9761484 2586.0000
 0.9761369 2587.0000
 0.9761255 2588.0000
 0.9761140 2589.0000
 0.9761026 2590.0000
 0.9760911 2591.0000
 0.9760796 2592.0000
 0.9760682 2593.0000
 0.9760567 2594.0000
 0.9760453 2595.0000
 0.9760338 2596.0000
 0.9760223 2597.0000
 0.9760109 2598.0000
 0.9759994 2599.0000
 0.9759879 2600.0000
 0.9759765 2601.0000
 0.9759650 2602.0000
 0.9759535 2603.0000
 0.9759421 2604.0000
 0.9759306 2605.0000
 0.9759191 2606.0000
 0.9759076 2607.0000
 0.9758961 2608.0000
 0.9758846 2609.0000
 0.9758731 2610.0000
 0.9758617 2611.0000
 0.9758502 2612.0000
 0.9758387 2613.0000
 0.9758272 2614.0000
 0.9758157 2615.0000
 0.9758042 2616.0000
 0.9757927 2617.0000
 0.9757812 2618.0000
 0.9757697 2619.0000
 0.9757582 2620.0000
 0.9757459 2621.0000
 0.9757332 2622.0000
 0.9757205 2623.0000
 0.9757078 2624.0000
 0.9756951 2625.0000
 0.9756824 2626.0000
 0.9756697 2627.0000
 0.9756570 2628.0000
 0.9756443 2629.0000
 0.9756316 2630.0000
 0.9756189 2631.0000
 0.9756062 2632.0000
 0.9755935 2633.0000
 0.9755808 2634.0000
 0.9755681 2635.0000
 0.9755554 2636.0000
 0.9755400 2637.0000
 0.9755244 2638.0000
 0.9755087 2639.0000
 0.9754930 2640.0000
 0.9754774 2641.0000
 0.9754617 2642.0000
 0.9754460 2643.0000
 0.9754303 2644.0000
 0.9754147 2645.0000
 0.9753990 2646.0000
 0.9753833 2647.0000
 0.9753677 2648.0000
 0.9753520 2649.0000
 0.9753363 2650.0000
 0.9753206 2651.0000
 0.9753050 2652.0000
 0.9752893 2653.0000
 0.9752735 2654.0000
 0.9752578 2655.0000
 0.9752421 2656.0000
 0.9752264 2657.0000
 0.9752107 2658.0000
 0.9751949 2659.0000
 0.9751792 2660.0000
 0.9751635 2661.0000
 0.9751478 2662.0000
 0.9751321 2663.0000
 0.9751163 2664.0000
 0.9751006 2665.0000
 0.9750849 2666.0000
 0.9750692 2667.0000
 0.9750534 2668.0000
 0.9750377 2669.0000
 0.9750219 2670.0000
 0.9750061 2671.0000
 0.9749903 2672.0000
 0.9749746 2673.0000
 0.9749588 2674.0000
 0.9749430 2675.0000
 0.9749272 2676.0000
 0.9749115 2677.0000
 0.9748957 2678.0000
 0.9748799 2679.0000
 0.9748641 2680.0000
 0.9748483 2681.0000
 0.9748326 2682.0000
 0.9748168 2683.0000
 0.9748010 2684.0000
 0.9747852 2685.0000
 0.9747694 2686.0000
 0.9747535 2687.0000
 0.9747377 2688.0000
 0.9747219 2689.0000
 0.9747061 2690.0000
 0.9746903 2691.0000
 0.9746745 2692.0000
 0.9746586 2693.0000
 0.9746428 2694.0000
 0.9746270 2695.0000
 0.9746112 2696.0000
 0.9745954 2697.0000
 0.9745795 2698.0000
 0.9745637 2699.0000
 0.9745475 2700.0000
 0.9745311 2701.0000
 0.9745147 2702.0000
 0.9744983 2703.0000
 0.9744819 2704.0000
 0.9744654 2705.0000
 0.9744490 2706.0000
 0.9744326 2707.0000
 0.9744162 2708.0000
 0.9743998 2709.0000
 0.9743833 2710.0000
 0.9743669 2711.0000
 0.9743505 2712.0000
 0.9743341 2713.0000
 0.9743177 2714.0000
 0.9743012 2715.0000
 0.9742847 2716.0000
 0.9742681 2717.0000
 0.9742514 2718.0000
 0.9742348 2719.0000
 0.9742182 2720.0000
 0.9742016 2721.0000
 0.9741850 2722.0000
 0.9741684 2723.0000
 0.9741518 2724.0000
 0.9741351 2725.0000
 0.9741185 2726.0000
 0.9741019 2727.0000
 0.9740853 2728.0000
 0.9740687 2729.0000
 0.9740521 2730.0000
 0.9740355 2731.0000
 0.9740188 2732.0000
 0.9740021 2733.0000
 0.9739855 2734.0000
 0.9739688 2735.0000
 0.9739521 2736.0000
 0.9739355 2737.0000
 0.9739188 2738.0000
 0.9739021 2739.0000
 0.9738854 2740.0000
 0.9738688 2741.0000
 0.9738521 2742.0000
 0.9738354 2743.0000
 0.9738188 2744.0000
 0.9738021 2745.0000
 0.9737854 2746.0000
 0.9737688 2747.0000
 0.9737520 2748.0000
 0.9737353 2749.0000
 0.9737186 2750.0000
 0.9737019 2751.0000
 0.9736852 2752.0000
 0.9736684 2753.0000
 0.9736517 2754.0000
 0.9736350 2755.0000
 0.9736183 2756.0000
 0.9736015 2757.0000
 0.9735848 2758.0000
 0.9735681 2759.0000
 0.9735514 2760.0000
 0.9735347 2761.0000
 0.9735179 2762.0000
 0.9735011 2763.0000
 0.9734841 2764.0000
 0.9734671 2765.0000
 0.9734501 2766.0000
 0.9734331 2767.0000
 0.9734161 2768.0000
 0.9733991 2769.0000
 0.9733821 2770.0000
 0.9733651 2771.0000
 0.9733481 2772.0000
 0.9733311 2773.0000
 0.9733141 2774.0000
 0.9732971 2775.0000
 0.9732801 2776.0000
 0.9732631 2777.0000
 0.9732461 2778.0000
 0.9732268 2779.0000
 0.9732050 2780.0000
 0.9731832 2781.0000
 0.9731615 2782.0000
 0.9731397 2783.0000
 0.9731179 2784.0000
 0.9730962 2785.0000
 0.9730744 2786.0000
 0.9730526 2787.0000
 0.9730308 2788.0000
 0.9730091 2789.0000
 0.9729873 2790.0000
 0.9729655 2791.0000
 0.9729438 2792.0000
 0.9729220 2793.0000
 0.9729002 2794.0000
 0.9728784 2795.0000
 0.9728565 2796.0000
 0.9728346 2797.0000
 0.9728128 2798.0000
 0.9727909 2799.0000
 0.9727690 2800.0000
 0.9727472 2801.0000
 0.9727253 2802.0000
 0.9727034 2803.0000
 0.9726816 2804.0000
 0.9726597 2805.0000
 0.9726378 2806.0000
 0.9726160 2807.0000
 0.9725941 2808.0000
 0.9725722 2809.0000
 0.9725504 2810.0000
 0.9725284 2811.0000
 0.9725064 2812.0000
 0.9724845 2813.0000
 0.9724625 2814.0000
 0.9724405 2815.0000
 0.9724185 2816.0000
 0.9723966 2817.0000
 0.9723746 2818.0000
 0.9723526 2819.0000
 0.9723306 2820.0000
 0.9723087 2821.0000
 0.9722867 2822.0000
 0.9722647 2823.0000
 0.9722427 2824.0000
 0.9722208 2825.0000
 0.9721988 2826.0000
 0.9721767 2827.0000
 0.9721547 2828.0000
 0.9721326 2829.0000
 0.9721105 2830.0000
 0.9720885 2831.0000
 0.9720664 2832.0000
 0.9720444 2833.0000
 0.9720223 2834.0000
 0.9720002 2835.0000
 0.9719782 2836.0000
 0.9719561 2837.0000
 0.9719341 2838.0000
 0.9719120 2839.0000
 0.9718899 2840.0000
 0.9718679 2841.0000
 0.9718458 2842.0000
 0.9718234 2843.0000
 0.9718011 2844.0000
 0.9717787 2845.0000
 0.9717564 2846.0000
 0.9717341 2847.0000
 0.9717117 2848.0000
 0.9716894 2849.0000
 0.9716671 2850.0000
 0.9716447 2851.0000
 0.9716224 2852.0000
 0.9716000 2853.0000
 0.9715777 2854.0000
 0.9715554 2855.0000
 0.9715330 2856.0000
 0.9715107 2857.0000
 0.9714859 2858.0000
 0.9714574 2859.0000
 0.9714288 2860.0000
 0.9714003 2861.0000
 0.9713717 2862.0000
 0.9713432 2863.0000
 0.9713146 2864.0000
 0.9712861 2865.0000
 0.9712575 2866.0000
 0.9712290 2867.0000
 0.9712004 2868.0000
 0.9711719 2869.0000
 0.9711433 2870.0000
 0.9711147 2871.0000
 0.9710862 2872.0000
 0.9710576 2873.0000
 0.9710290 2874.0000
 0.9710003 2875.0000
 0.9709715 2876.0000
 0.9709428 2877.0000
 0.9709141 2878.0000
 0.9708853 2879.0000
 0.9708566 2880.0000
 0.9708279 2881.0000
 0.9707992 2882.0000
 0.9707704 2883.0000
 0.9707417 2884.0000
 0.9707130 2885.0000
 0.9706842 2886.0000
 0.9706555 2887.0000
 0.9706268 2888.0000
 0.9705981 2889.0000
 0.9705694 2890.0000
 0.9705408 2891.0000
 0.9705121 2892.0000
 0.9704835 2893.0000
 0.9704548 2894.0000
 0.9704262 2895.0000
 0.9703976 2896.0000
 0.9703689 2897.0000
 0.9703403 2898.0000
 0.9703117 2899.0000
 0.9702830 2900.0000
 0.9702544 2901.0000
 0.9702257 2902.0000
 0.9701971 2903.0000
 0.9701685 2904.0000
 0.9701398 2905.0000
 0.9701114 2906.0000
 0.9700829 2907.0000
 0.9700544 2908.0000
 0.9700260 2909.0000
 0.9699975 2910.0000
 0.9699691 2911.0000
 0.9699406 2912.0000
 0.9699122 2913.0000
 0.9698837 2914.0000
 0.9698553 2915.0000
 0.9698268 2916.0000
 0.9697984 2917.0000
 0.9697699 2918.0000
 0.9697415 2919.0000
 0.9697130 2920.0000
 0.9696845 2921.0000
 0.9696559 2922.0000
 0.9696272 2923.0000
 0.9695985 2924.0000
 0.9695699 2925.0000
 0.9695412 2926.0000
 0.9695125 2927.0000
 0.9694839 2928.0000
 0.9694552 2929.0000
 0.9694265 2930.0000
 0.9693979 2931.0000
 0.9693692 2932.0000
 0.9693405 2933.0000
 0.9693118 2934.0000
 0.9692832 2935.0000
 0.9692545 2936.0000
 0.9692248 2937.0000
 0.9691925 2938.0000
 0.9691601 2939.0000
 0.9691278 2940.0000
 0.9690955 2941.0000
 0.9690631 2942.0000
 0.9690308 2943.0000
 0.9689985 2944.0000
 0.9689661 2945.0000
 0.9689338 2946.0000
 0.9689015 2947.0000
 0.9688692 2948.0000
 0.9688368 2949.0000
 0.9688045 2950.0000
 0.9687722 2951.0000
 0.9687398 2952.0000
 0.9687067 2953.0000
 0.9686728 2954.0000
 0.9686388 2955.0000
 0.9686049 2956.0000
 0.9685709 2957.0000
 0.9685370 2958.0000
 0.9685030 2959.0000
 0.9684690 2960.0000
 0.9684351 2961.0000
 0.9684011 2962.0000
 0.9683672 2963.0000
 0.9683332 2964.0000
 0.9682993 2965.0000
 0.9682653 2966.0000
 0.9682313 2967.0000
 0.9681974 2968.0000
 0.9681633 2969.0000
 0.9681290 2970.0000
 0.9680948 2971.0000
 0.9680605 2972.0000
 0.9680263 2973.0000
 0.9679920 2974.0000
 0.9679578 2975.0000
 0.9679236 2976.0000
 0.9678893 2977.0000
 0.9678551 2978.0000
 0.9678208 2979.0000
 0.9677866 2980.0000
 0.9677524 2981.0000
 0.9677181 2982.0000
 0.9676839 2983.0000
 0.9676496 2984.0000
 0.9676026 2985.0000
 0.9675528 2986.0000
 0.9675029 2987.0000
 0.9674531 2988.0000
 0.9674032 2989.0000
 0.9673534 2990.0000
 0.9673036 2991.0000
 0.9672537 2992.0000
 0.9672039 2993.0000
 0.9671541 2994.0000
 0.9671042 2995.0000
 0.9670544 2996.0000
 0.9670046 2997.0000
 0.9669547 2998.0000
 0.9669049 2999.0000
 0.9668551 3000.0000
