$ t5ref 06/12/96 CAMEX NASA Flt #93-169 09/29/93 Wallops Island *ARM Ret O3*
 HI=1 F4=1 CN=1 AE=0 EM=1 SC=3 FI=0 PL=0 TS=0 AM=1 MG=0 LA=0 OD=0 XS=1   00   00
500.000   1174.00                                           0.0002    0.001     
293.3         -1.000                        -1.000
    0    2   27    1    1    7    1 0  0     0.000     0.000             358.000
   19.9700    0.0000  180.0000
     0.000     0.468     1.038     1.490     2.051     3.048     4.027     5.033
     6.023     6.962     7.861     8.865     9.412    10.026    10.654    11.319
    12.062    12.911    13.865    14.277    15.238    16.356    17.037    17.758
    18.555    19.536    19.970
   97         INPUT FOR CAMEX
     0.000  1018.000   291.950     AA L  AAAAAAA
 2.17900000e+04 3.58000000e+02 2.09999996e-02 3.19999993e-01 1.50000006e-01 1.70000005e+00 2.09000000e+05
     0.108  1003.900   291.350     AA L  AAAAAAA
 1.19090000e+04 3.58000000e+02 3.23399998e-02 3.19999993e-01 1.49460003e-01 1.70000005e+00 2.09000000e+05
     0.169   996.900   291.550     AA L  AAAAAAA
 1.14530000e+04 3.58000000e+02 3.66449985e-02 3.19999993e-01 1.49159998e-01 1.70000005e+00 2.09000000e+05
     0.231   989.600   291.350     AA L  AAAAAAA
 1.12620000e+04 3.58000000e+02 3.84300013e-02 3.19999993e-01 1.48839995e-01 1.70000005e+00 2.09000000e+05
     0.293   982.500   290.750     AA L  AAAAAAA
 1.11460000e+04 3.58000000e+02 3.90600001e-02 3.19999993e-01 1.48530006e-01 1.70000005e+00 2.09000000e+05
     0.351   975.900   290.250     AA L  AAAAAAA
 1.11310000e+04 3.58000000e+02 3.95850013e-02 3.19999993e-01 1.48240000e-01 1.70000005e+00 2.09000000e+05
     0.468   962.600   289.150     AA L  AAAAAAA
 1.08770000e+04 3.58000000e+02 4.03200019e-02 3.19999993e-01 1.47660002e-01 1.70000005e+00 2.09000000e+05
     0.590   948.800   288.150     AA L  AAAAAAA
 1.06140000e+04 3.58000000e+02 4.07400012e-02 3.19999993e-01 1.47049993e-01 1.70000005e+00 2.09000000e+05
     0.699   936.700   287.150     AA L  AAAAAAA
 1.01730000e+04 3.58000000e+02 4.11600006e-02 3.19999993e-01 1.46510005e-01 1.70000005e+00 2.09000000e+05
     0.812   924.200   286.650     AA L  AAAAAAA
 9.07429980e+03 3.58000000e+02 4.10549988e-02 3.19999993e-01 1.45940006e-01 1.70000005e+00 2.09000000e+05
     0.926   911.700   285.850     AA L  AAAAAAA
 8.60979980e+03 3.58000000e+02 4.15799998e-02 3.19999993e-01 1.45370007e-01 1.70000005e+00 2.09000000e+05
     1.038   899.600   284.950     AA L  AAAAAAA
 8.49929980e+03 3.58000000e+02 4.23150006e-02 3.19999993e-01 1.44810006e-01 1.70000005e+00 2.09000000e+05
     1.155   887.100   284.150     AA L  AAAAAAA
 8.48479980e+03 3.58000000e+02 4.33649988e-02 3.19999993e-01 1.44209996e-01 1.70000005e+00 2.09000000e+05
     1.271   874.800   283.050     AA L  AAAAAAA
 8.39900000e+03 3.58000000e+02 4.29449994e-02 3.19999993e-01 1.43619999e-01 1.70000005e+00 2.09000000e+05
     1.377   863.700   282.050     AA L  AAAAAAA
 8.33640039e+03 3.58000000e+02 4.26300019e-02 3.19999993e-01 1.43079996e-01 1.70000005e+00 2.09000000e+05
     1.490   852.000   280.950     AA L  AAAAAAA
 8.34129980e+03 3.58000000e+02 4.25250001e-02 3.19999993e-01 1.42499998e-01 1.70000005e+00 2.09000000e+05
     1.600   840.700   279.850     AA L  AAAAAAA
 8.29670020e+03 3.58000000e+02 4.34700006e-02 3.19999993e-01 1.41939998e-01 1.70000005e+00 2.09000000e+05
     1.716   828.900   278.950     AA L  AAAAAAA
 8.28759961e+03 3.58000000e+02 4.57800005e-02 3.19999993e-01 1.41350001e-01 1.70000005e+00 2.09000000e+05
     1.825   817.900   278.050     AA L  AAAAAAA
 8.20829980e+03 3.58000000e+02 4.66199991e-02 3.19999993e-01 1.40790001e-01 1.70000005e+00 2.09000000e+05
     1.935   806.900   277.450     AA L  AAAAAAA
 8.16400000e+03 3.58000000e+02 4.57800005e-02 3.19999993e-01 1.40230000e-01 1.70000005e+00 2.09000000e+05
     2.051   795.500   276.750     AA L  AAAAAAA
 7.95200000e+03 3.58000000e+02 4.50449998e-02 3.19999993e-01 1.39640003e-01 1.70000005e+00 2.09000000e+05
     2.109   789.900   276.550     AA L  AAAAAAA
 7.48639990e+03 3.58000000e+02 4.46250005e-02 3.19999993e-01 1.39359996e-01 1.70000005e+00 2.09000000e+05
     2.164   784.600   276.450     AA L  AAAAAAA
 6.64550000e+03 3.58000000e+02 4.56749987e-02 3.19999993e-01 1.39080003e-01 1.70000005e+00 2.09000000e+05
     2.219   779.200   276.650     AA L  AAAAAAA
 5.39100000e+03 3.58000000e+02 4.67250009e-02 3.19999993e-01 1.38799995e-01 1.70000005e+00 2.09000000e+05
     2.276   773.800   276.850     AA L  AAAAAAA
 3.71580005e+03 3.58000000e+02 4.83000001e-02 3.19999993e-01 1.38520002e-01 1.70000005e+00 2.09000000e+05
     2.322   769.400   277.050     AA L  AAAAAAA
 2.81350000e+03 3.58000000e+02 4.79849987e-02 3.19999993e-01 1.38290003e-01 1.70000005e+00 2.09000000e+05
     2.364   765.500   277.050     AA L  AAAAAAA
 2.47569995e+03 3.58000000e+02 4.77749991e-02 3.19999993e-01 1.38080001e-01 1.70000005e+00 2.09000000e+05
     2.412   760.900   276.750     AA L  AAAAAAA
 2.90080005e+03 3.58000000e+02 4.76700012e-02 3.19999993e-01 1.37840003e-01 1.70000005e+00 2.09000000e+05
     2.461   756.300   276.350     AA L  AAAAAAA
 3.27880005e+03 3.58000000e+02 4.78800009e-02 3.19999993e-01 1.37590006e-01 1.70000005e+00 2.09000000e+05
     2.511   751.600   276.050     AA L  AAAAAAA
 3.15880005e+03 3.58000000e+02 4.76700012e-02 3.19999993e-01 1.37339994e-01 1.70000005e+00 2.09000000e+05
     2.561   747.100   275.950     AA L  AAAAAAA
 2.04290002e+03 3.58000000e+02 4.75649994e-02 3.19999993e-01 1.37099996e-01 1.70000005e+00 2.09000000e+05
     2.606   742.900   276.150     AA L  AAAAAAA
 1.93940002e+03 3.58000000e+02 4.75649994e-02 3.19999993e-01 1.36869997e-01 1.70000005e+00 2.09000000e+05
     2.661   737.900   275.950     AA L  AAAAAAA
 3.00010010e+03 3.58000000e+02 4.78800009e-02 3.19999993e-01 1.36600003e-01 1.70000005e+00 2.09000000e+05
     2.706   733.800   276.150     AA L  AAAAAAA
 2.70500000e+03 3.58000000e+02 4.72500019e-02 3.19999993e-01 1.36370003e-01 1.70000005e+00 2.09000000e+05
     2.755   729.300   276.750     AA L  AAAAAAA
 1.30490002e+03 3.58000000e+02 4.68299987e-02 3.19999993e-01 1.36120006e-01 1.70000005e+00 2.09000000e+05
     2.800   725.300   277.050     AA L  AAAAAAA
 9.12260010e+02 3.58000000e+02 4.59900001e-02 3.19999993e-01 1.35900006e-01 1.70000005e+00 2.09000000e+05
     2.846   721.200   277.150     AA L  AAAAAAA
 5.24710022e+02 3.58000000e+02 4.56749987e-02 3.19999993e-01 1.35670006e-01 1.70000005e+00 2.09000000e+05
     2.897   716.700   277.250     AA L  AAAAAAA
 2.54309998e+02 3.58000000e+02 4.52549994e-02 3.19999993e-01 1.35419995e-01 1.70000005e+00 2.09000000e+05
     2.946   712.400   277.250     AA L  AAAAAAA
 2.32589996e+02 3.58000000e+02 4.59900001e-02 3.19999993e-01 1.35169998e-01 1.70000005e+00 2.09000000e+05
     3.047   703.500   276.750     AA L  AAAAAAA
 2.27350006e+02 3.58000000e+02 5.12399991e-02 3.19999993e-01 1.34719998e-01 1.70000005e+00 2.09000000e+05
     3.149   694.700   276.150     AA L  AAAAAAA
 2.20639999e+02 3.58000000e+02 5.54399997e-02 3.19999993e-01 1.34350002e-01 1.70000005e+00 2.09000000e+05
     3.245   686.600   275.750     AA L  AAAAAAA
 2.71209991e+02 3.58000000e+02 5.73300005e-02 3.19999993e-01 1.33990005e-01 1.70000005e+00 2.09000000e+05
     3.343   678.300   274.950     AA L  AAAAAAA
 3.73339996e+02 3.58000000e+02 5.70149990e-02 3.19999993e-01 1.33629993e-01 1.70000005e+00 2.09000000e+05
     3.441   670.100   274.050     AA L  AAAAAAA
 4.91950012e+02 3.58000000e+02 5.70149990e-02 3.19999993e-01 1.33269995e-01 1.70000005e+00 2.09000000e+05
     3.544   661.500   273.250     AA L  AAAAAAA
 4.79709991e+02 3.58000000e+02 5.71200008e-02 3.19999993e-01 1.32890001e-01 1.70000005e+00 2.09000000e+05
     3.634   654.100   272.650     AA L  AAAAAAA
 6.28309998e+02 3.58000000e+02 5.55450015e-02 3.19999993e-01 1.32550001e-01 1.70000005e+00 2.09000000e+05
     3.725   646.600   272.350     AA L  AAAAAAA
 7.38979980e+02 3.58000000e+02 4.96649997e-02 3.19999993e-01 1.32220000e-01 1.70000005e+00 2.09000000e+05
     3.827   638.400   271.850     AA L  AAAAAAA
 6.51159973e+02 3.58000000e+02 5.00849991e-02 3.19999993e-01 1.31840006e-01 1.70000005e+00 2.09000000e+05
     3.917   631.300   271.450     AA L  AAAAAAA
 7.17169983e+02 3.58000000e+02 5.60699987e-02 3.19999993e-01 1.31510004e-01 1.70000005e+00 2.09000000e+05
     4.027   622.600   271.050     AA L  AAAAAAA
 1.02930005e+03 3.58000000e+02 5.94300008e-02 3.19999993e-01 1.31180003e-01 1.70000005e+00 2.09000000e+05
     4.074   618.900   270.850     AA L  AAAAAAA
 1.37440002e+03 3.58000000e+02 6.02699994e-02 3.19999993e-01 1.31129995e-01 1.70000005e+00 2.09000000e+05
     4.120   615.300   270.550     AA L  AAAAAAA
 1.94109998e+03 3.58000000e+02 5.86950000e-02 3.19999993e-01 1.31090000e-01 1.70000005e+00 2.09000000e+05
     4.164   611.900   270.350     AA L  AAAAAAA
 2.63000000e+03 3.58000000e+02 5.69100012e-02 3.19999993e-01 1.31050006e-01 1.70000005e+00 2.09000000e+05
     4.210   608.300   270.150     AA L  AAAAAAA
 2.90789990e+03 3.58000000e+02 5.22900012e-02 3.19999993e-01 1.31009996e-01 1.70000005e+00 2.09000000e+05
     4.254   605.000   270.150     AA L  AAAAAAA
 3.07939990e+03 3.58000000e+02 4.84050019e-02 3.19999993e-01 1.30970001e-01 1.70000005e+00 2.09000000e+05
     4.340   598.500   269.750     AA L  AAAAAAA
 2.89289990e+03 3.58000000e+02 4.32600009e-02 3.19999993e-01 1.30889997e-01 1.70000005e+00 2.09000000e+05
     4.527   584.500   268.850     AA L  AAAAAAA
 2.66169995e+03 3.58000000e+02 3.81149998e-02 3.19999993e-01 1.30730003e-01 1.70000005e+00 2.09000000e+05
     4.694   572.200   267.650     AA L  AAAAAAA
 2.47669995e+03 3.58000000e+02 3.72750013e-02 3.19999993e-01 1.30579993e-01 1.70000005e+00 2.09000000e+05
     4.863   559.900   266.150     AA L  AAAAAAA
 2.33650000e+03 3.58000000e+02 3.86400009e-02 3.19999993e-01 1.30419999e-01 1.70000005e+00 2.09000000e+05
     4.950   553.700   265.350     AA L  AAAAAAA
 2.31519995e+03 3.58000000e+02 3.97950009e-02 3.19999993e-01 1.30349994e-01 1.70000005e+00 2.09000000e+05
     5.033   547.800   264.750     AA L  AAAAAAA
 2.14419995e+03 3.58000000e+02 3.82200016e-02 3.19999993e-01 1.30250007e-01 1.70000005e+00 2.09000000e+05
     5.078   544.600   264.350     AA L  AAAAAAA
 1.93869995e+03 3.58000000e+02 3.79050001e-02 3.19999993e-01 1.30180001e-01 1.70000005e+00 2.09000000e+05
     5.203   535.900   263.550     AA L  AAAAAAA
 1.37580005e+03 3.58000000e+02 3.80100019e-02 3.19999993e-01 1.29999995e-01 1.70000005e+00 2.09000000e+05
     5.287   530.100   263.050     AA L  AAAAAAA
 1.28309998e+03 3.58000000e+02 3.88500006e-02 3.19999993e-01 1.29869998e-01 1.70000005e+00 2.09000000e+05
     5.419   521.000   262.350     AA L  AAAAAAA
 9.79119995e+02 3.58000000e+02 4.09500009e-02 3.19999993e-01 1.29669994e-01 1.70000005e+00 2.09000000e+05
     5.503   515.400   262.150     AA L  AAAAAAA
 8.64859985e+02 3.58000000e+02 4.08449991e-02 3.19999993e-01 1.29549995e-01 1.70000005e+00 2.09000000e+05
     5.688   503.100   260.950     AA L  AAAAAAA
 7.76479980e+02 3.58000000e+02 3.86400009e-02 3.19999993e-01 1.29270002e-01 1.70000005e+00 2.09000000e+05
     5.777   497.300   260.150     AA L  AAAAAAA
 7.46119995e+02 3.58000000e+02 3.83249995e-02 3.19999993e-01 1.29130006e-01 1.70000005e+00 2.09000000e+05
     5.942   486.600   258.850     AA L  AAAAAAA
 7.63039978e+02 3.58000000e+02 3.80100019e-02 3.19999993e-01 1.28889993e-01 1.70000005e+00 2.09000000e+05
     6.023   481.400   258.350     AA L  AAAAAAA
 7.07719971e+02 3.58000000e+02 3.77999985e-02 3.19999993e-01 1.28710002e-01 1.70000005e+00 2.09000000e+05
     6.195   470.500   257.850     AA L  AAAAAAA
 6.18429993e+02 3.58000000e+02 3.80100019e-02 3.19999993e-01 1.28000006e-01 1.69980001e+00 2.09000000e+05
     6.271   465.800   257.350     AA L  AAAAAAA
 6.03580017e+02 3.58000000e+02 3.80100019e-02 3.19999993e-01 1.27690002e-01 1.69970000e+00 2.09000000e+05
     6.441   455.500   255.950     AA L  AAAAAAA
 6.42890015e+02 3.58000000e+02 3.80100019e-02 3.19999993e-01 1.26990005e-01 1.69959998e+00 2.09000000e+05
     6.524   450.400   255.150     AA L  AAAAAAA
 6.21900024e+02 3.58000000e+02 3.80100019e-02 3.19999993e-01 1.26650006e-01 1.69949996e+00 2.09000000e+05
     6.701   439.800   253.650     AA L  AAAAAAA
 5.86090027e+02 3.58000000e+02 3.74850009e-02 3.19999993e-01 1.25929996e-01 1.69930005e+00 2.09000000e+05
     6.789   434.600   252.850     AA L  AAAAAAA
 5.48539978e+02 3.58000000e+02 3.72750013e-02 3.19999993e-01 1.25560001e-01 1.69920003e+00 2.09000000e+05
     6.878   429.500   252.550     AA L  AAAAAAA
 4.52799988e+02 3.58000000e+02 3.66449985e-02 3.19999993e-01 1.25200003e-01 1.69910002e+00 2.09000000e+05
     6.962   424.600   251.950     AA L  AAAAAAA
 3.91399994e+02 3.58000000e+02 3.55950002e-02 3.19999993e-01 1.24849997e-01 1.69900000e+00 2.09000000e+05
     7.403   399.800   249.150     AA L  AAAAAAA
 2.73880005e+02 3.58000000e+02 4.56749987e-02 3.19999993e-01 1.22199997e-01 1.69819999e+00 2.09000000e+05
     7.861   375.300   245.650     AA L  AAAAAAA
 1.96130005e+02 3.58000000e+02 4.63050016e-02 3.19999993e-01 1.19360000e-01 1.69729996e+00 2.09000000e+05
     8.344   350.700   241.750     AA L  AAAAAAA
 1.29630005e+02 3.58000000e+02 4.36800001e-02 3.19830000e-01 1.15369998e-01 1.69560003e+00 2.09000000e+05
     8.865   325.700   237.850     AA L  AAAAAAA
 9.96100006e+01 3.58000000e+02 4.45199988e-02 3.19570005e-01 1.10629998e-01 1.69350004e+00 2.09000000e+05
     9.412   300.800   233.150     AA L  AAAAAAA
 8.17360001e+01 3.58000000e+02 5.01900009e-02 3.18839997e-01 1.05370000e-01 1.68970001e+00 2.09000000e+05
    10.026   274.700   228.750     AA L  AAAAAAA
 4.67280006e+01 3.58000000e+02 5.69100012e-02 3.17799985e-01 9.93639976e-02 1.68470001e+00 2.09000000e+05
    10.654   249.900   224.950     AA L  AAAAAAA
 2.87959995e+01 3.58000000e+02 4.97700015e-02 3.15349996e-01 9.30939987e-02 1.67850006e+00 2.09000000e+05
    11.319   225.700   220.750     AA L  AAAAAAA
 2.21210003e+01 3.58000000e+02 5.69100012e-02 3.12570006e-01 8.59740004e-02 1.67089999e+00 2.09000000e+05
    12.062   200.900   215.750     AA L  AAAAAAA
 1.40640001e+01 3.58000000e+02 8.54699996e-02 3.09210002e-01 7.72499964e-02 1.66090000e+00 2.09000000e+05
    12.911   175.400   212.650     AA L  AAAAAAA
 1.24069996e+01 3.58000000e+02 1.14869997e-01 3.05220008e-01 6.50200024e-02 1.64649999e+00 2.09000000e+05
    13.865   150.500   213.850     AA L  AAAAAAA
 8.34210014e+00 3.58000000e+02 1.42695006e-01 3.00559998e-01 5.20710014e-02 1.62860000e+00 2.09000000e+05
    14.277   140.900   211.850     AA L  AAAAAAA
 5.61070013e+00 3.58000000e+02 2.05380003e-01 2.98379987e-01 4.72510010e-02 1.62020004e+00 2.09000000e+05
    15.238   120.600   210.650     AA L  AAAAAAA
 4.81589985e+00 3.58000000e+02 2.44125002e-01 2.92800009e-01 3.73319983e-02 1.59949994e+00 2.09000000e+05
    16.356   100.600   209.250     AA L  AAAAAAA
 3.57340002e+00 3.58000000e+02 3.01454987e-01 2.84359992e-01 2.86260005e-02 1.57169998e+00 2.09000000e+05
    17.037    90.000   208.750     AA L  AAAAAAA
 3.00309992e+00 3.58000000e+02 4.31340011e-01 2.77889997e-01 2.46980004e-02 1.55180001e+00 2.09000000e+05
    17.758    80.100   213.650     AA L  AAAAAAA
 6.12249994e+00 3.58000000e+02 6.80505020e-01 2.69809991e-01 2.09240001e-02 1.52869999e+00 2.09000000e+05
    18.555    70.500   212.850     AA L  AAAAAAA
 3.16160011e+00 3.58000000e+02 1.21362676e+00 2.59110004e-01 1.73470005e-02 1.49829996e+00 2.09000000e+05
    19.536    60.300   216.650     AA L  AAAAAAA
 5.77909994e+00 3.58000000e+02 2.00475445e+00 2.44010001e-01 1.43210003e-02 1.45000005e+00 2.09000000e+05
    20.000    56.020   216.210     AA L  AAAAAAA
 5.91909981e+00 3.58000000e+02 2.37403417e+00 2.36249998e-01 1.36399996e-02 1.42040002e+00 2.09000000e+05
    3    0    0
CCL4      F11       F12       
   97    0CAMEX Wallops
     0.000     AAA
 1.076e-04 2.744e-04 5.195e-04
     0.108     AAA
 1.076e-04 2.744e-04 5.195e-04
     0.169     AAA
 1.076e-04 2.744e-04 5.195e-04
     0.231     AAA
 1.076e-04 2.744e-04 5.195e-04
     0.293     AAA
 1.076e-04 2.744e-04 5.195e-04
     0.351     AAA
 1.076e-04 2.744e-04 5.195e-04
     0.468     AAA
 1.076e-04 2.744e-04 5.195e-04
     0.590     AAA
 1.076e-04 2.744e-04 5.195e-04
     0.699     AAA
 1.076e-04 2.744e-04 5.195e-04
     0.812     AAA
 1.076e-04 2.744e-04 5.195e-04
     0.926     AAA
 1.076e-04 2.744e-04 5.195e-04
     1.038     AAA
 1.076e-04 2.744e-04 5.195e-04
     1.155     AAA
 1.076e-04 2.744e-04 5.195e-04
     1.271     AAA
 1.076e-04 2.744e-04 5.195e-04
     1.377     AAA
 1.076e-04 2.744e-04 5.195e-04
     1.490     AAA
 1.076e-04 2.744e-04 5.195e-04
     1.600     AAA
 1.076e-04 2.744e-04 5.195e-04
     1.716     AAA
 1.076e-04 2.744e-04 5.195e-04
     1.825     AAA
 1.076e-04 2.744e-04 5.195e-04
     1.935     AAA
 1.076e-04 2.744e-04 5.195e-04
     2.051     AAA
 1.076e-04 2.744e-04 5.195e-04
     2.109     AAA
 1.076e-04 2.744e-04 5.195e-04
     2.164     AAA
 1.076e-04 2.744e-04 5.195e-04
     2.219     AAA
 1.076e-04 2.744e-04 5.195e-04
     2.276     AAA
 1.076e-04 2.744e-04 5.195e-04
     2.322     AAA
 1.076e-04 2.744e-04 5.195e-04
     2.364     AAA
 1.076e-04 2.744e-04 5.195e-04
     2.412     AAA
 1.076e-04 2.744e-04 5.195e-04
     2.461     AAA
 1.076e-04 2.744e-04 5.195e-04
     2.511     AAA
 1.076e-04 2.744e-04 5.195e-04
     2.561     AAA
 1.076e-04 2.744e-04 5.195e-04
     2.606     AAA
 1.076e-04 2.744e-04 5.195e-04
     2.661     AAA
 1.076e-04 2.744e-04 5.195e-04
     2.706     AAA
 1.076e-04 2.744e-04 5.195e-04
     2.755     AAA
 1.076e-04 2.744e-04 5.195e-04
     2.800     AAA
 1.076e-04 2.744e-04 5.195e-04
     2.846     AAA
 1.076e-04 2.744e-04 5.195e-04
     2.897     AAA
 1.076e-04 2.744e-04 5.195e-04
     2.946     AAA
 1.076e-04 2.744e-04 5.195e-04
     3.047     AAA
 1.076e-04 2.744e-04 5.195e-04
     3.149     AAA
 1.076e-04 2.744e-04 5.195e-04
     3.245     AAA
 1.076e-04 2.744e-04 5.195e-04
     3.343     AAA
 1.076e-04 2.744e-04 5.195e-04
     3.441     AAA
 1.076e-04 2.744e-04 5.195e-04
     3.544     AAA
 1.076e-04 2.744e-04 5.195e-04
     3.634     AAA
 1.076e-04 2.744e-04 5.195e-04
     3.725     AAA
 1.076e-04 2.744e-04 5.195e-04
     3.827     AAA
 1.076e-04 2.744e-04 5.195e-04
     3.917     AAA
 1.076e-04 2.744e-04 5.195e-04
     4.027     AAA
 1.076e-04 2.744e-04 5.195e-04
     4.074     AAA
 1.076e-04 2.744e-04 5.195e-04
     4.120     AAA
 1.076e-04 2.744e-04 5.195e-04
     4.164     AAA
 1.076e-04 2.744e-04 5.195e-04
     4.210     AAA
 1.076e-04 2.744e-04 5.195e-04
     4.254     AAA
 1.076e-04 2.744e-04 5.195e-04
     4.340     AAA
 1.076e-04 2.744e-04 5.195e-04
     4.527     AAA
 1.076e-04 2.744e-04 5.195e-04
     4.694     AAA
 1.076e-04 2.744e-04 5.195e-04
     4.863     AAA
 1.076e-04 2.744e-04 5.195e-04
     4.950     AAA
 1.076e-04 2.744e-04 5.195e-04
     5.033     AAA
 1.076e-04 2.744e-04 5.195e-04
     5.078     AAA
 1.076e-04 2.744e-04 5.195e-04
     5.203     AAA
 1.076e-04 2.744e-04 5.195e-04
     5.287     AAA
 1.076e-04 2.744e-04 5.195e-04
     5.419     AAA
 1.076e-04 2.744e-04 5.195e-04
     5.503     AAA
 1.076e-04 2.744e-04 5.195e-04
     5.688     AAA
 1.076e-04 2.744e-04 5.195e-04
     5.777     AAA
 1.076e-04 2.744e-04 5.195e-04
     5.942     AAA
 1.076e-04 2.744e-04 5.195e-04
     6.023     AAA
 1.076e-04 2.744e-04 5.195e-04
     6.195     AAA
 1.076e-04 2.744e-04 5.195e-04
     6.271     AAA
 1.076e-04 2.744e-04 5.195e-04
     6.441     AAA
 1.076e-04 2.744e-04 5.195e-04
     6.524     AAA
 1.076e-04 2.744e-04 5.195e-04
     6.701     AAA
 1.076e-04 2.744e-04 5.195e-04
     6.789     AAA
 1.076e-04 2.744e-04 5.195e-04
     6.878     AAA
 1.076e-04 2.744e-04 5.195e-04
     6.962     AAA
 1.076e-04 2.744e-04 5.195e-04
     7.403     AAA
 1.076e-04 2.744e-04 5.195e-04
     7.861     AAA
 1.076e-04 2.744e-04 5.195e-04
     8.344     AAA
 1.076e-04 2.744e-04 5.195e-04
     8.865     AAA
 1.076e-04 2.744e-04 5.195e-04
     9.412     AAA
 1.076e-04 2.744e-04 5.195e-04
    10.026     AAA
 1.076e-04 2.744e-04 5.195e-04
    10.654     AAA
 1.076e-04 2.744e-04 5.195e-04
    11.319     AAA
 1.076e-04 2.744e-04 5.195e-04
    12.062     AAA
 1.076e-04 2.744e-04 5.195e-04
    12.911     AAA
 1.076e-04 2.744e-04 5.195e-04
    13.865     AAA
 1.076e-04 2.744e-04 5.195e-04
    14.277     AAA
 1.076e-04 2.744e-04 5.195e-04
    15.238     AAA
 1.076e-04 2.744e-04 5.195e-04
    16.356     AAA
 1.076e-04 2.744e-04 5.195e-04
    17.037     AAA
 1.076e-04 2.744e-04 5.195e-04
    17.758     AAA
 1.076e-04 2.744e-04 5.195e-04
    18.555     AAA
 1.076e-04 2.744e-04 5.195e-04
    19.536     AAA
 1.076e-04 2.744e-04 5.195e-04
    20.000     AAA
 1.076e-04 2.744e-04 5.195e-04
1.5507311 600.0577111074.76489    1   -4        .275512   12    1    1   11
-1.
$ Transfer to ASCII plotting data
 HI=0 F4=0 CN=0 AE=0 EM=0 SC=0 FI=0 PL=1 TS=0 AM=0 MG=0 LA=0 MS=0 XS=0    0    0
# Plot title not used
600.0577111074.76489   10.2000  100.0000    5    0   11    0     1.000 0  0    0
    0.0000    1.2000    7.0200    0.2000    4    0    1    1    0    0 0    3 27
600.0577111074.76489   10.2000  100.0000    5    0   11    0     1.000 0  0    0
    0.0000    1.2000    7.0200    0.2000    4    0    1    1    1    0 0    3 28
-1.
%%%%%

