%  400.0000 3000.0000    1.0000      2601
 0.0560051  400.0000
 0.0560331  401.0000
 0.0560611  402.0000
 0.0560890  403.0000
 0.0561168  404.0000
 0.0561445  405.0000
 0.0561722  406.0000
 0.0561997  407.0000
 0.0562272  408.0000
 0.0562546  409.0000
 0.0562819  410.0000
 0.0563090  411.0000
 0.0563361  412.0000
 0.0563630  413.0000
 0.0563899  414.0000
 0.0564166  415.0000
 0.0564433  416.0000
 0.0564698  417.0000
 0.0564962  418.0000
 0.0565225  419.0000
 0.0565486  420.0000
 0.0565746  421.0000
 0.0566006  422.0000
 0.0566263  423.0000
 0.0566519  424.0000
 0.0566774  425.0000
 0.0567027  426.0000
 0.0567279  427.0000
 0.0567530  428.0000
 0.0567779  429.0000
 0.0568026  430.0000
 0.0568272  431.0000
 0.0568516  432.0000
 0.0568759  433.0000
 0.0569000  434.0000
 0.0569239  435.0000
 0.0569476  436.0000
 0.0569712  437.0000
 0.0569946  438.0000
 0.0570177  439.0000
 0.0570408  440.0000
 0.0570635  441.0000
 0.0570862  442.0000
 0.0571085  443.0000
 0.0571308  444.0000
 0.0571527  445.0000
 0.0571745  446.0000
 0.0571961  447.0000
 0.0572174  448.0000
 0.0572385  449.0000
 0.0572594  450.0000
 0.0572800  451.0000
 0.0573004  452.0000
 0.0573205  453.0000
 0.0573404  454.0000
 0.0573601  455.0000
 0.0573795  456.0000
 0.0573986  457.0000
 0.0574175  458.0000
 0.0574360  459.0000
 0.0574543  460.0000
 0.0574724  461.0000
 0.0574901  462.0000
 0.0575076  463.0000
 0.0575247  464.0000
 0.0575416  465.0000
 0.0575581  466.0000
 0.0575744  467.0000
 0.0575902  468.0000
 0.0576059  469.0000
 0.0576211  470.0000
 0.0576360  471.0000
 0.0576506  472.0000
 0.0576649  473.0000
 0.0576788  474.0000
 0.0576923  475.0000
 0.0577054  476.0000
 0.0577182  477.0000
 0.0577306  478.0000
 0.0577427  479.0000
 0.0577543  480.0000
 0.0577655  481.0000
 0.0577764  482.0000
 0.0577869  483.0000
 0.0577969  484.0000
 0.0578065  485.0000
 0.0578157  486.0000
 0.0578244  487.0000
 0.0578327  488.0000
 0.0578406  489.0000
 0.0578480  490.0000
 0.0578550  491.0000
 0.0578614  492.0000
 0.0578674  493.0000
 0.0578730  494.0000
 0.0578780  495.0000
 0.0578825  496.0000
 0.0578865  497.0000
 0.0578901  498.0000
 0.0578930  499.0000
 0.0578955  500.0000
 0.0578974  501.0000
 0.0578989  502.0000
 0.0578997  503.0000
 0.0579000  504.0000
 0.0578997  505.0000
 0.0578988  506.0000
 0.0578974  507.0000
 0.0578954  508.0000
 0.0578927  509.0000
 0.0578895  510.0000
 0.0578856  511.0000
 0.0578811  512.0000
 0.0578760  513.0000
 0.0578703  514.0000
 0.0578638  515.0000
 0.0578567  516.0000
 0.0578490  517.0000
 0.0578406  518.0000
 0.0578315  519.0000
 0.0578217  520.0000
 0.0578111  521.0000
 0.0577999  522.0000
 0.0577880  523.0000
 0.0577753  524.0000
 0.0577618  525.0000
 0.0577477  526.0000
 0.0577327  527.0000
 0.0577170  528.0000
 0.0577005  529.0000
 0.0576832  530.0000
 0.0576651  531.0000
 0.0576462  532.0000
 0.0576264  533.0000
 0.0576059  534.0000
 0.0575845  535.0000
 0.0575622  536.0000
 0.0575390  537.0000
 0.0575150  538.0000
 0.0574901  539.0000
 0.0574644  540.0000
 0.0574377  541.0000
 0.0574101  542.0000
 0.0573815  543.0000
 0.0573520  544.0000
 0.0573216  545.0000
 0.0572902  546.0000
 0.0572579  547.0000
 0.0572245  548.0000
 0.0571902  549.0000
 0.0571549  550.0000
 0.0571185  551.0000
 0.0570812  552.0000
 0.0570427  553.0000
 0.0570033  554.0000
 0.0569628  555.0000
 0.0569212  556.0000
 0.0568785  557.0000
 0.0568348  558.0000
 0.0567899  559.0000
 0.0567439  560.0000
 0.0566968  561.0000
 0.0566486  562.0000
 0.0565992  563.0000
 0.0565486  564.0000
 0.0564969  565.0000
 0.0564440  566.0000
 0.0563899  567.0000
 0.0563346  568.0000
 0.0562781  569.0000
 0.0562204  570.0000
 0.0561614  571.0000
 0.0561011  572.0000
 0.0560396  573.0000
 0.0559769  574.0000
 0.0559129  575.0000
 0.0558475  576.0000
 0.0557809  577.0000
 0.0557129  578.0000
 0.0556437  579.0000
 0.0555730  580.0000
 0.0555011  581.0000
 0.0554278  582.0000
 0.0553531  583.0000
 0.0552770  584.0000
 0.0551996  585.0000
 0.0551207  586.0000
 0.0550405  587.0000
 0.0549588  588.0000
 0.0548757  589.0000
 0.0547912  590.0000
 0.0547051  591.0000
 0.0546177  592.0000
 0.0545288  593.0000
 0.0544384  594.0000
 0.0543466  595.0000
 0.0542532  596.0000
 0.0541583  597.0000
 0.0540619  598.0000
 0.0539641  599.0000
 0.0538918  600.0000
 0.0537504  601.0000
 0.0536091  602.0000
 0.0534678  603.0000
 0.0533264  604.0000
 0.0531851  605.0000
 0.0530438  606.0000
 0.0529024  607.0000
 0.0527611  608.0000
 0.0526198  609.0000
 0.0524784  610.0000
 0.0523371  611.0000
 0.0521847  612.0000
 0.0520315  613.0000
 0.0518783  614.0000
 0.0517252  615.0000
 0.0515720  616.0000
 0.0514189  617.0000
 0.0512657  618.0000
 0.0511126  619.0000
 0.0509594  620.0000
 0.0508063  621.0000
 0.0506531  622.0000
 0.0504999  623.0000
 0.0503468  624.0000
 0.0501936  625.0000
 0.0500405  626.0000
 0.0498859  627.0000
 0.0497203  628.0000
 0.0495548  629.0000
 0.0493892  630.0000
 0.0492237  631.0000
 0.0490581  632.0000
 0.0488926  633.0000
 0.0487271  634.0000
 0.0485615  635.0000
 0.0483960  636.0000
 0.0482304  637.0000
 0.0480649  638.0000
 0.0478993  639.0000
 0.0477338  640.0000
 0.0475683  641.0000
 0.0474027  642.0000
 0.0472364  643.0000
 0.0470682  644.0000
 0.0468999  645.0000
 0.0467317  646.0000
 0.0465635  647.0000
 0.0463953  648.0000
 0.0462271  649.0000
 0.0460589  650.0000
 0.0458907  651.0000
 0.0457224  652.0000
 0.0455542  653.0000
 0.0453860  654.0000
 0.0452178  655.0000
 0.0450496  656.0000
 0.0448814  657.0000
 0.0447132  658.0000
 0.0445442  659.0000
 0.0443743  660.0000
 0.0442044  661.0000
 0.0440346  662.0000
 0.0438647  663.0000
 0.0436948  664.0000
 0.0435250  665.0000
 0.0433551  666.0000
 0.0431852  667.0000
 0.0430153  668.0000
 0.0428455  669.0000
 0.0426756  670.0000
 0.0425057  671.0000
 0.0423359  672.0000
 0.0421660  673.0000
 0.0419961  674.0000
 0.0418258  675.0000
 0.0416552  676.0000
 0.0414845  677.0000
 0.0413139  678.0000
 0.0411433  679.0000
 0.0409727  680.0000
 0.0408021  681.0000
 0.0406315  682.0000
 0.0404608  683.0000
 0.0402902  684.0000
 0.0401196  685.0000
 0.0399490  686.0000
 0.0397784  687.0000
 0.0396078  688.0000
 0.0394371  689.0000
 0.0392665  690.0000
 0.0390850  691.0000
 0.0389013  692.0000
 0.0387177  693.0000
 0.0385340  694.0000
 0.0383504  695.0000
 0.0381667  696.0000
 0.0379830  697.0000
 0.0377994  698.0000
 0.0376157  699.0000
 0.0374320  700.0000
 0.0372484  701.0000
 0.0370647  702.0000
 0.0368810  703.0000
 0.0366974  704.0000
 0.0365137  705.0000
 0.0363300  706.0000
 0.0361402  707.0000
 0.0359505  708.0000
 0.0357608  709.0000
 0.0355710  710.0000
 0.0353813  711.0000
 0.0351916  712.0000
 0.0350018  713.0000
 0.0348121  714.0000
 0.0346224  715.0000
 0.0344326  716.0000
 0.0342429  717.0000
 0.0340532  718.0000
 0.0338634  719.0000
 0.0336737  720.0000
 0.0334839  721.0000
 0.0332908  722.0000
 0.0330835  723.0000
 0.0328761  724.0000
 0.0326688  725.0000
 0.0324615  726.0000
 0.0322542  727.0000
 0.0320468  728.0000
 0.0318395  729.0000
 0.0316322  730.0000
 0.0314248  731.0000
 0.0312175  732.0000
 0.0310102  733.0000
 0.0308028  734.0000
 0.0305955  735.0000
 0.0303882  736.0000
 0.0301808  737.0000
 0.0299691  738.0000
 0.0297501  739.0000
 0.0295310  740.0000
 0.0293119  741.0000
 0.0290928  742.0000
 0.0288738  743.0000
 0.0286547  744.0000
 0.0284356  745.0000
 0.0282165  746.0000
 0.0279975  747.0000
 0.0277784  748.0000
 0.0275593  749.0000
 0.0273403  750.0000
 0.0271212  751.0000
 0.0269021  752.0000
 0.0266830  753.0000
 0.0264728  754.0000
 0.0262696  755.0000
 0.0260664  756.0000
 0.0258633  757.0000
 0.0256601  758.0000
 0.0254569  759.0000
 0.0252538  760.0000
 0.0250506  761.0000
 0.0248475  762.0000
 0.0246443  763.0000
 0.0244411  764.0000
 0.0242380  765.0000
 0.0240348  766.0000
 0.0238316  767.0000
 0.0236285  768.0000
 0.0234253  769.0000
 0.0232186  770.0000
 0.0230106  771.0000
 0.0228026  772.0000
 0.0225945  773.0000
 0.0223865  774.0000
 0.0221785  775.0000
 0.0219705  776.0000
 0.0217625  777.0000
 0.0215544  778.0000
 0.0213464  779.0000
 0.0211384  780.0000
 0.0209304  781.0000
 0.0207223  782.0000
 0.0205143  783.0000
 0.0203063  784.0000
 0.0200983  785.0000
 0.0199003  786.0000
 0.0197033  787.0000
 0.0195063  788.0000
 0.0193093  789.0000
 0.0191123  790.0000
 0.0189153  791.0000
 0.0187183  792.0000
 0.0185213  793.0000
 0.0183243  794.0000
 0.0181273  795.0000
 0.0179304  796.0000
 0.0177334  797.0000
 0.0175364  798.0000
 0.0173394  799.0000
 0.0171424  800.0000
 0.0169457  801.0000
 0.0167524  802.0000
 0.0165591  803.0000
 0.0163658  804.0000
 0.0161725  805.0000
 0.0159792  806.0000
 0.0157859  807.0000
 0.0155925  808.0000
 0.0153992  809.0000
 0.0152059  810.0000
 0.0150126  811.0000
 0.0148193  812.0000
 0.0146260  813.0000
 0.0144327  814.0000
 0.0142394  815.0000
 0.0140461  816.0000
 0.0138600  817.0000
 0.0136938  818.0000
 0.0135275  819.0000
 0.0133612  820.0000
 0.0131949  821.0000
 0.0130286  822.0000
 0.0128623  823.0000
 0.0126961  824.0000
 0.0125298  825.0000
 0.0123635  826.0000
 0.0121972  827.0000
 0.0120309  828.0000
 0.0118647  829.0000
 0.0116984  830.0000
 0.0115321  831.0000
 0.0113658  832.0000
 0.0112287  833.0000
 0.0111275  834.0000
 0.0110263  835.0000
 0.0109251  836.0000
 0.0108239  837.0000
 0.0107227  838.0000
 0.0106215  839.0000
 0.0105203  840.0000
 0.0104192  841.0000
 0.0103180  842.0000
 0.0102168  843.0000
 0.0101156  844.0000
 0.0100144  845.0000
 0.0099132  846.0000
 0.0098120  847.0000
 0.0097108  848.0000
 0.0096231  849.0000
 0.0095433  850.0000
 0.0094635  851.0000
 0.0093838  852.0000
 0.0093040  853.0000
 0.0092243  854.0000
 0.0091445  855.0000
 0.0090648  856.0000
 0.0089850  857.0000
 0.0089053  858.0000
 0.0088255  859.0000
 0.0087458  860.0000
 0.0086660  861.0000
 0.0085863  862.0000
 0.0085065  863.0000
 0.0084268  864.0000
 0.0083786  865.0000
 0.0083380  866.0000
 0.0082974  867.0000
 0.0082568  868.0000
 0.0082163  869.0000
 0.0081757  870.0000
 0.0081351  871.0000
 0.0080945  872.0000
 0.0080539  873.0000
 0.0080133  874.0000
 0.0079727  875.0000
 0.0079322  876.0000
 0.0078916  877.0000
 0.0078510  878.0000
 0.0078104  879.0000
 0.0077698  880.0000
 0.0077560  881.0000
 0.0077426  882.0000
 0.0077291  883.0000
 0.0077157  884.0000
 0.0077023  885.0000
 0.0076888  886.0000
 0.0076754  887.0000
 0.0076620  888.0000
 0.0076485  889.0000
 0.0076351  890.0000
 0.0076217  891.0000
 0.0076082  892.0000
 0.0075948  893.0000
 0.0075814  894.0000
 0.0075679  895.0000
 0.0075567  896.0000
 0.0075564  897.0000
 0.0075562  898.0000
 0.0075560  899.0000
 0.0075557  900.0000
 0.0075555  901.0000
 0.0075552  902.0000
 0.0075550  903.0000
 0.0075548  904.0000
 0.0075545  905.0000
 0.0075543  906.0000
 0.0075540  907.0000
 0.0075538  908.0000
 0.0075535  909.0000
 0.0075533  910.0000
 0.0075531  911.0000
 0.0075604  912.0000
 0.0075822  913.0000
 0.0076040  914.0000
 0.0076258  915.0000
 0.0076476  916.0000
 0.0076694  917.0000
 0.0076911  918.0000
 0.0077129  919.0000
 0.0077347  920.0000
 0.0077565  921.0000
 0.0077783  922.0000
 0.0078001  923.0000
 0.0078219  924.0000
 0.0078437  925.0000
 0.0078654  926.0000
 0.0078872  927.0000
 0.0079132  928.0000
 0.0079430  929.0000
 0.0079728  930.0000
 0.0080025  931.0000
 0.0080323  932.0000
 0.0080621  933.0000
 0.0080919  934.0000
 0.0081217  935.0000
 0.0081514  936.0000
 0.0081812  937.0000
 0.0082110  938.0000
 0.0082408  939.0000
 0.0082705  940.0000
 0.0083003  941.0000
 0.0083301  942.0000
 0.0083599  943.0000
 0.0083947  944.0000
 0.0084316  945.0000
 0.0084686  946.0000
 0.0085055  947.0000
 0.0085425  948.0000
 0.0085794  949.0000
 0.0086163  950.0000
 0.0086533  951.0000
 0.0086902  952.0000
 0.0087271  953.0000
 0.0087641  954.0000
 0.0088010  955.0000
 0.0088380  956.0000
 0.0088749  957.0000
 0.0089118  958.0000
 0.0089488  959.0000
 0.0089924  960.0000
 0.0090369  961.0000
 0.0090814  962.0000
 0.0091260  963.0000
 0.0091705  964.0000
 0.0092150  965.0000
 0.0092595  966.0000
 0.0093040  967.0000
 0.0093486  968.0000
 0.0093931  969.0000
 0.0094376  970.0000
 0.0094821  971.0000
 0.0095266  972.0000
 0.0095711  973.0000
 0.0096157  974.0000
 0.0096604  975.0000
 0.0097085  976.0000
 0.0097565  977.0000
 0.0098046  978.0000
 0.0098527  979.0000
 0.0099007  980.0000
 0.0099488  981.0000
 0.0099969  982.0000
 0.0100449  983.0000
 0.0100930  984.0000
 0.0101411  985.0000
 0.0101891  986.0000
 0.0102372  987.0000
 0.0102852  988.0000
 0.0103333  989.0000
 0.0103814  990.0000
 0.0104291  991.0000
 0.0104759  992.0000
 0.0105227  993.0000
 0.0105694  994.0000
 0.0106162  995.0000
 0.0106629  996.0000
 0.0107097  997.0000
 0.0107565  998.0000
 0.0108032  999.0000
 0.0108500 1000.0000
 0.0108968 1001.0000
 0.0109435 1002.0000
 0.0109903 1003.0000
 0.0110371 1004.0000
 0.0110838 1005.0000
 0.0111306 1006.0000
 0.0111750 1007.0000
 0.0112163 1008.0000
 0.0112576 1009.0000
 0.0112989 1010.0000
 0.0113402 1011.0000
 0.0113814 1012.0000
 0.0114227 1013.0000
 0.0114640 1014.0000
 0.0115053 1015.0000
 0.0115465 1016.0000
 0.0115878 1017.0000
 0.0116291 1018.0000
 0.0116704 1019.0000
 0.0117116 1020.0000
 0.0117529 1021.0000
 0.0117942 1022.0000
 0.0118312 1023.0000
 0.0118653 1024.0000
 0.0118994 1025.0000
 0.0119335 1026.0000
 0.0119676 1027.0000
 0.0120017 1028.0000
 0.0120358 1029.0000
 0.0120700 1030.0000
 0.0121041 1031.0000
 0.0121382 1032.0000
 0.0121723 1033.0000
 0.0122064 1034.0000
 0.0122405 1035.0000
 0.0122746 1036.0000
 0.0123087 1037.0000
 0.0123428 1038.0000
 0.0123745 1039.0000
 0.0124054 1040.0000
 0.0124363 1041.0000
 0.0124672 1042.0000
 0.0124981 1043.0000
 0.0125290 1044.0000
 0.0125599 1045.0000
 0.0125909 1046.0000
 0.0126218 1047.0000
 0.0126527 1048.0000
 0.0126836 1049.0000
 0.0127145 1050.0000
 0.0127454 1051.0000
 0.0127763 1052.0000
 0.0128073 1053.0000
 0.0128382 1054.0000
 0.0128667 1055.0000
 0.0128952 1056.0000
 0.0129237 1057.0000
 0.0129522 1058.0000
 0.0129806 1059.0000
 0.0130091 1060.0000
 0.0130376 1061.0000
 0.0130661 1062.0000
 0.0130945 1063.0000
 0.0131230 1064.0000
 0.0131515 1065.0000
 0.0131800 1066.0000
 0.0132084 1067.0000
 0.0132369 1068.0000
 0.0132654 1069.0000
 0.0132935 1070.0000
 0.0133193 1071.0000
 0.0133451 1072.0000
 0.0133709 1073.0000
 0.0133968 1074.0000
 0.0134226 1075.0000
 0.0134484 1076.0000
 0.0134742 1077.0000
 0.0135000 1078.0000
 0.0135258 1079.0000
 0.0135516 1080.0000
 0.0135775 1081.0000
 0.0136033 1082.0000
 0.0136291 1083.0000
 0.0136549 1084.0000
 0.0136807 1085.0000
 0.0137064 1086.0000
 0.0137317 1087.0000
 0.0137571 1088.0000
 0.0137825 1089.0000
 0.0138078 1090.0000
 0.0138332 1091.0000
 0.0138586 1092.0000
 0.0138840 1093.0000
 0.0139093 1094.0000
 0.0139347 1095.0000
 0.0139601 1096.0000
 0.0139854 1097.0000
 0.0140108 1098.0000
 0.0140362 1099.0000
 0.0140615 1100.0000
 0.0140869 1101.0000
 0.0141105 1102.0000
 0.0141323 1103.0000
 0.0141541 1104.0000
 0.0141759 1105.0000
 0.0141977 1106.0000
 0.0142195 1107.0000
 0.0142413 1108.0000
 0.0142631 1109.0000
 0.0142849 1110.0000
 0.0143067 1111.0000
 0.0143285 1112.0000
 0.0143503 1113.0000
 0.0143721 1114.0000
 0.0143939 1115.0000
 0.0144157 1116.0000
 0.0144375 1117.0000
 0.0144604 1118.0000
 0.0144837 1119.0000
 0.0145070 1120.0000
 0.0145304 1121.0000
 0.0145537 1122.0000
 0.0145770 1123.0000
 0.0146003 1124.0000
 0.0146237 1125.0000
 0.0146470 1126.0000
 0.0146703 1127.0000
 0.0146936 1128.0000
 0.0147170 1129.0000
 0.0147403 1130.0000
 0.0147636 1131.0000
 0.0147869 1132.0000
 0.0148103 1133.0000
 0.0148320 1134.0000
 0.0148534 1135.0000
 0.0148748 1136.0000
 0.0148962 1137.0000
 0.0149176 1138.0000
 0.0149390 1139.0000
 0.0149605 1140.0000
 0.0149819 1141.0000
 0.0150033 1142.0000
 0.0150247 1143.0000
 0.0150461 1144.0000
 0.0150675 1145.0000
 0.0150889 1146.0000
 0.0151104 1147.0000
 0.0151318 1148.0000
 0.0151532 1149.0000
 0.0151737 1150.0000
 0.0151943 1151.0000
 0.0152149 1152.0000
 0.0152354 1153.0000
 0.0152560 1154.0000
 0.0152766 1155.0000
 0.0152972 1156.0000
 0.0153177 1157.0000
 0.0153383 1158.0000
 0.0153589 1159.0000
 0.0153794 1160.0000
 0.0154000 1161.0000
 0.0154206 1162.0000
 0.0154411 1163.0000
 0.0154617 1164.0000
 0.0154822 1165.0000
 0.0155022 1166.0000
 0.0155222 1167.0000
 0.0155422 1168.0000
 0.0155622 1169.0000
 0.0155822 1170.0000
 0.0156022 1171.0000
 0.0156222 1172.0000
 0.0156422 1173.0000
 0.0156622 1174.0000
 0.0156822 1175.0000
 0.0157022 1176.0000
 0.0157222 1177.0000
 0.0157422 1178.0000
 0.0157622 1179.0000
 0.0157823 1180.0000
 0.0158017 1181.0000
 0.0158203 1182.0000
 0.0158389 1183.0000
 0.0158575 1184.0000
 0.0158761 1185.0000
 0.0158947 1186.0000
 0.0159133 1187.0000
 0.0159319 1188.0000
 0.0159505 1189.0000
 0.0159691 1190.0000
 0.0159877 1191.0000
 0.0160063 1192.0000
 0.0160250 1193.0000
 0.0160436 1194.0000
 0.0160622 1195.0000
 0.0160808 1196.0000
 0.0160980 1197.0000
 0.0161141 1198.0000
 0.0161302 1199.0000
 0.0161464 1200.0000
 0.0161625 1201.0000
 0.0161787 1202.0000
 0.0161948 1203.0000
 0.0162109 1204.0000
 0.0162271 1205.0000
 0.0162432 1206.0000
 0.0162594 1207.0000
 0.0162755 1208.0000
 0.0162917 1209.0000
 0.0163078 1210.0000
 0.0163239 1211.0000
 0.0163401 1212.0000
 0.0163560 1213.0000
 0.0163718 1214.0000
 0.0163877 1215.0000
 0.0164035 1216.0000
 0.0164194 1217.0000
 0.0164352 1218.0000
 0.0164510 1219.0000
 0.0164669 1220.0000
 0.0164827 1221.0000
 0.0164986 1222.0000
 0.0165144 1223.0000
 0.0165302 1224.0000
 0.0165461 1225.0000
 0.0165619 1226.0000
 0.0165778 1227.0000
 0.0165936 1228.0000
 0.0166092 1229.0000
 0.0166248 1230.0000
 0.0166404 1231.0000
 0.0166560 1232.0000
 0.0166716 1233.0000
 0.0166872 1234.0000
 0.0167028 1235.0000
 0.0167184 1236.0000
 0.0167340 1237.0000
 0.0167496 1238.0000
 0.0167652 1239.0000
 0.0167808 1240.0000
 0.0167964 1241.0000
 0.0168120 1242.0000
 0.0168276 1243.0000
 0.0168438 1244.0000
 0.0168649 1245.0000
 0.0168860 1246.0000
 0.0169071 1247.0000
 0.0169282 1248.0000
 0.0169493 1249.0000
 0.0169704 1250.0000
 0.0169914 1251.0000
 0.0170125 1252.0000
 0.0170336 1253.0000
 0.0170547 1254.0000
 0.0170758 1255.0000
 0.0170969 1256.0000
 0.0171180 1257.0000
 0.0171391 1258.0000
 0.0171602 1259.0000
 0.0171801 1260.0000
 0.0171968 1261.0000
 0.0172136 1262.0000
 0.0172304 1263.0000
 0.0172472 1264.0000
 0.0172639 1265.0000
 0.0172807 1266.0000
 0.0172975 1267.0000
 0.0173143 1268.0000
 0.0173310 1269.0000
 0.0173478 1270.0000
 0.0173646 1271.0000
 0.0173814 1272.0000
 0.0173981 1273.0000
 0.0174149 1274.0000
 0.0174317 1275.0000
 0.0174461 1276.0000
 0.0174578 1277.0000
 0.0174696 1278.0000
 0.0174813 1279.0000
 0.0174930 1280.0000
 0.0175048 1281.0000
 0.0175165 1282.0000
 0.0175282 1283.0000
 0.0175400 1284.0000
 0.0175517 1285.0000
 0.0175634 1286.0000
 0.0175752 1287.0000
 0.0175869 1288.0000
 0.0175986 1289.0000
 0.0176104 1290.0000
 0.0176221 1291.0000
 0.0176357 1292.0000
 0.0176504 1293.0000
 0.0176650 1294.0000
 0.0176797 1295.0000
 0.0176943 1296.0000
 0.0177090 1297.0000
 0.0177236 1298.0000
 0.0177383 1299.0000
 0.0177529 1300.0000
 0.0177676 1301.0000
 0.0177822 1302.0000
 0.0177969 1303.0000
 0.0178115 1304.0000
 0.0178262 1305.0000
 0.0178408 1306.0000
 0.0178554 1307.0000
 0.0178700 1308.0000
 0.0178846 1309.0000
 0.0178991 1310.0000
 0.0179137 1311.0000
 0.0179282 1312.0000
 0.0179427 1313.0000
 0.0179573 1314.0000
 0.0179718 1315.0000
 0.0179864 1316.0000
 0.0180009 1317.0000
 0.0180155 1318.0000
 0.0180300 1319.0000
 0.0180446 1320.0000
 0.0180591 1321.0000
 0.0180737 1322.0000
 0.0180882 1323.0000
 0.0181014 1324.0000
 0.0181145 1325.0000
 0.0181276 1326.0000
 0.0181408 1327.0000
 0.0181539 1328.0000
 0.0181670 1329.0000
 0.0181802 1330.0000
 0.0181933 1331.0000
 0.0182065 1332.0000
 0.0182196 1333.0000
 0.0182327 1334.0000
 0.0182459 1335.0000
 0.0182590 1336.0000
 0.0182721 1337.0000
 0.0182853 1338.0000
 0.0182988 1339.0000
 0.0183143 1340.0000
 0.0183298 1341.0000
 0.0183452 1342.0000
 0.0183607 1343.0000
 0.0183761 1344.0000
 0.0183916 1345.0000
 0.0184070 1346.0000
 0.0184225 1347.0000
 0.0184380 1348.0000
 0.0184534 1349.0000
 0.0184689 1350.0000
 0.0184843 1351.0000
 0.0184998 1352.0000
 0.0185152 1353.0000
 0.0185307 1354.0000
 0.0185445 1355.0000
 0.0185555 1356.0000
 0.0185665 1357.0000
 0.0185775 1358.0000
 0.0185885 1359.0000
 0.0185995 1360.0000
 0.0186105 1361.0000
 0.0186215 1362.0000
 0.0186324 1363.0000
 0.0186434 1364.0000
 0.0186544 1365.0000
 0.0186654 1366.0000
 0.0186764 1367.0000
 0.0186874 1368.0000
 0.0186984 1369.0000
 0.0187094 1370.0000
 0.0187230 1371.0000
 0.0187390 1372.0000
 0.0187549 1373.0000
 0.0187709 1374.0000
 0.0187868 1375.0000
 0.0188027 1376.0000
 0.0188187 1377.0000
 0.0188346 1378.0000
 0.0188506 1379.0000
 0.0188665 1380.0000
 0.0188825 1381.0000
 0.0188984 1382.0000
 0.0189143 1383.0000
 0.0189303 1384.0000
 0.0189462 1385.0000
 0.0189622 1386.0000
 0.0189748 1387.0000
 0.0189861 1388.0000
 0.0189974 1389.0000
 0.0190087 1390.0000
 0.0190200 1391.0000
 0.0190313 1392.0000
 0.0190426 1393.0000
 0.0190539 1394.0000
 0.0190652 1395.0000
 0.0190765 1396.0000
 0.0190878 1397.0000
 0.0190991 1398.0000
 0.0191104 1399.0000
 0.0191217 1400.0000
 0.0191330 1401.0000
 0.0191443 1402.0000
 0.0191574 1403.0000
 0.0191707 1404.0000
 0.0191841 1405.0000
 0.0191974 1406.0000
 0.0192107 1407.0000
 0.0192240 1408.0000
 0.0192373 1409.0000
 0.0192506 1410.0000
 0.0192639 1411.0000
 0.0192773 1412.0000
 0.0192906 1413.0000
 0.0193039 1414.0000
 0.0193172 1415.0000
 0.0193305 1416.0000
 0.0193438 1417.0000
 0.0193574 1418.0000
 0.0193743 1419.0000
 0.0193911 1420.0000
 0.0194080 1421.0000
 0.0194249 1422.0000
 0.0194417 1423.0000
 0.0194586 1424.0000
 0.0194754 1425.0000
 0.0194923 1426.0000
 0.0195091 1427.0000
 0.0195260 1428.0000
 0.0195429 1429.0000
 0.0195597 1430.0000
 0.0195766 1431.0000
 0.0195934 1432.0000
 0.0196103 1433.0000
 0.0196279 1434.0000
 0.0196480 1435.0000
 0.0196680 1436.0000
 0.0196880 1437.0000
 0.0197080 1438.0000
 0.0197280 1439.0000
 0.0197480 1440.0000
 0.0197680 1441.0000
 0.0197880 1442.0000
 0.0198080 1443.0000
 0.0198280 1444.0000
 0.0198480 1445.0000
 0.0198680 1446.0000
 0.0198880 1447.0000
 0.0199080 1448.0000
 0.0199280 1449.0000
 0.0199458 1450.0000
 0.0199607 1451.0000
 0.0199756 1452.0000
 0.0199906 1453.0000
 0.0200055 1454.0000
 0.0200204 1455.0000
 0.0200353 1456.0000
 0.0200503 1457.0000
 0.0200652 1458.0000
 0.0200801 1459.0000
 0.0200950 1460.0000
 0.0201100 1461.0000
 0.0201249 1462.0000
 0.0201398 1463.0000
 0.0201547 1464.0000
 0.0201696 1465.0000
 0.0201884 1466.0000
 0.0202097 1467.0000
 0.0202309 1468.0000
 0.0202521 1469.0000
 0.0202733 1470.0000
 0.0202945 1471.0000
 0.0203157 1472.0000
 0.0203370 1473.0000
 0.0203582 1474.0000
 0.0203794 1475.0000
 0.0204006 1476.0000
 0.0204218 1477.0000
 0.0204430 1478.0000
 0.0204643 1479.0000
 0.0204855 1480.0000
 0.0205067 1481.0000
 0.0205304 1482.0000
 0.0205548 1483.0000
 0.0205792 1484.0000
 0.0206036 1485.0000
 0.0206280 1486.0000
 0.0206524 1487.0000
 0.0206768 1488.0000
 0.0207012 1489.0000
 0.0207256 1490.0000
 0.0207499 1491.0000
 0.0207743 1492.0000
 0.0207987 1493.0000
 0.0208231 1494.0000
 0.0208475 1495.0000
 0.0208719 1496.0000
 0.0208963 1497.0000
 0.0209208 1498.0000
 0.0209453 1499.0000
 0.0209698 1500.0000
 0.0209943 1501.0000
 0.0210188 1502.0000
 0.0210433 1503.0000
 0.0210678 1504.0000
 0.0210923 1505.0000
 0.0211169 1506.0000
 0.0211414 1507.0000
 0.0211659 1508.0000
 0.0211904 1509.0000
 0.0212149 1510.0000
 0.0212394 1511.0000
 0.0212639 1512.0000
 0.0212884 1513.0000
 0.0213132 1514.0000
 0.0213379 1515.0000
 0.0213626 1516.0000
 0.0213873 1517.0000
 0.0214120 1518.0000
 0.0214368 1519.0000
 0.0214615 1520.0000
 0.0214862 1521.0000
 0.0215109 1522.0000
 0.0215356 1523.0000
 0.0215604 1524.0000
 0.0215851 1525.0000
 0.0216098 1526.0000
 0.0216345 1527.0000
 0.0216592 1528.0000
 0.0216858 1529.0000
 0.0217160 1530.0000
 0.0217462 1531.0000
 0.0217763 1532.0000
 0.0218065 1533.0000
 0.0218367 1534.0000
 0.0218669 1535.0000
 0.0218971 1536.0000
 0.0219273 1537.0000
 0.0219575 1538.0000
 0.0219877 1539.0000
 0.0220178 1540.0000
 0.0220480 1541.0000
 0.0220782 1542.0000
 0.0221084 1543.0000
 0.0221386 1544.0000
 0.0221734 1545.0000
 0.0222125 1546.0000
 0.0222517 1547.0000
 0.0222908 1548.0000
 0.0223300 1549.0000
 0.0223691 1550.0000
 0.0224083 1551.0000
 0.0224474 1552.0000
 0.0224866 1553.0000
 0.0225257 1554.0000
 0.0225649 1555.0000
 0.0226040 1556.0000
 0.0226432 1557.0000
 0.0226823 1558.0000
 0.0227215 1559.0000
 0.0227606 1560.0000
 0.0228073 1561.0000
 0.0228572 1562.0000
 0.0229072 1563.0000
 0.0229571 1564.0000
 0.0230071 1565.0000
 0.0230570 1566.0000
 0.0231070 1567.0000
 0.0231569 1568.0000
 0.0232069 1569.0000
 0.0232568 1570.0000
 0.0233068 1571.0000
 0.0233567 1572.0000
 0.0234067 1573.0000
 0.0234566 1574.0000
 0.0235066 1575.0000
 0.0235565 1576.0000
 0.0236081 1577.0000
 0.0236600 1578.0000
 0.0237119 1579.0000
 0.0237638 1580.0000
 0.0238156 1581.0000
 0.0238675 1582.0000
 0.0239194 1583.0000
 0.0239712 1584.0000
 0.0240231 1585.0000
 0.0240750 1586.0000
 0.0241269 1587.0000
 0.0241787 1588.0000
 0.0242306 1589.0000
 0.0242825 1590.0000
 0.0243343 1591.0000
 0.0243863 1592.0000
 0.0244406 1593.0000
 0.0244948 1594.0000
 0.0245490 1595.0000
 0.0246032 1596.0000
 0.0246575 1597.0000
 0.0247117 1598.0000
 0.0247659 1599.0000
 0.0248201 1600.0000
 0.0248744 1601.0000
 0.0249286 1602.0000
 0.0249828 1603.0000
 0.0250370 1604.0000
 0.0250913 1605.0000
 0.0251455 1606.0000
 0.0251997 1607.0000
 0.0252265 1608.0000
 0.0251612 1609.0000
 0.0250959 1610.0000
 0.0250307 1611.0000
 0.0249654 1612.0000
 0.0249001 1613.0000
 0.0248348 1614.0000
 0.0247695 1615.0000
 0.0247043 1616.0000
 0.0246390 1617.0000
 0.0245737 1618.0000
 0.0245084 1619.0000
 0.0244431 1620.0000
 0.0243779 1621.0000
 0.0243126 1622.0000
 0.0242473 1623.0000
 0.0241662 1624.0000
 0.0240624 1625.0000
 0.0239585 1626.0000
 0.0238546 1627.0000
 0.0237507 1628.0000
 0.0236468 1629.0000
 0.0235429 1630.0000
 0.0234390 1631.0000
 0.0233352 1632.0000
 0.0232313 1633.0000
 0.0231274 1634.0000
 0.0230235 1635.0000
 0.0229196 1636.0000
 0.0228157 1637.0000
 0.0227118 1638.0000
 0.0226080 1639.0000
 0.0224301 1640.0000
 0.0222004 1641.0000
 0.0219707 1642.0000
 0.0217410 1643.0000
 0.0215114 1644.0000
 0.0212817 1645.0000
 0.0210520 1646.0000
 0.0208223 1647.0000
 0.0205926 1648.0000
 0.0203629 1649.0000
 0.0201332 1650.0000
 0.0199035 1651.0000
 0.0196739 1652.0000
 0.0194442 1653.0000
 0.0192145 1654.0000
 0.0189848 1655.0000
 0.0187855 1656.0000
 0.0185955 1657.0000
 0.0184054 1658.0000
 0.0182154 1659.0000
 0.0180254 1660.0000
 0.0178353 1661.0000
 0.0176453 1662.0000
 0.0174552 1663.0000
 0.0172652 1664.0000
 0.0170751 1665.0000
 0.0168851 1666.0000
 0.0166951 1667.0000
 0.0165050 1668.0000
 0.0163150 1669.0000
 0.0161249 1670.0000
 0.0159349 1671.0000
 0.0158219 1672.0000
 0.0157133 1673.0000
 0.0156047 1674.0000
 0.0154961 1675.0000
 0.0153875 1676.0000
 0.0152789 1677.0000
 0.0151703 1678.0000
 0.0150617 1679.0000
 0.0149531 1680.0000
 0.0148445 1681.0000
 0.0147359 1682.0000
 0.0146273 1683.0000
 0.0145187 1684.0000
 0.0144101 1685.0000
 0.0143015 1686.0000
 0.0142017 1687.0000
 0.0141633 1688.0000
 0.0141250 1689.0000
 0.0140866 1690.0000
 0.0140483 1691.0000
 0.0140099 1692.0000
 0.0139716 1693.0000
 0.0139332 1694.0000
 0.0138949 1695.0000
 0.0138565 1696.0000
 0.0138182 1697.0000
 0.0137798 1698.0000
 0.0137415 1699.0000
 0.0137031 1700.0000
 0.0136648 1701.0000
 0.0136264 1702.0000
 0.0136078 1703.0000
 0.0136340 1704.0000
 0.0136602 1705.0000
 0.0136864 1706.0000
 0.0137126 1707.0000
 0.0137388 1708.0000
 0.0137650 1709.0000
 0.0137913 1710.0000
 0.0138175 1711.0000
 0.0138437 1712.0000
 0.0138699 1713.0000
 0.0138961 1714.0000
 0.0139223 1715.0000
 0.0139486 1716.0000
 0.0139748 1717.0000
 0.0140010 1718.0000
 0.0140323 1719.0000
 0.0140690 1720.0000
 0.0141058 1721.0000
 0.0141425 1722.0000
 0.0141793 1723.0000
 0.0142160 1724.0000
 0.0142527 1725.0000
 0.0142895 1726.0000
 0.0143262 1727.0000
 0.0143630 1728.0000
 0.0143997 1729.0000
 0.0144365 1730.0000
 0.0144732 1731.0000
 0.0145100 1732.0000
 0.0145467 1733.0000
 0.0145834 1734.0000
 0.0146236 1735.0000
 0.0146656 1736.0000
 0.0147076 1737.0000
 0.0147495 1738.0000
 0.0147915 1739.0000
 0.0148335 1740.0000
 0.0148754 1741.0000
 0.0149174 1742.0000
 0.0149594 1743.0000
 0.0150013 1744.0000
 0.0150433 1745.0000
 0.0150853 1746.0000
 0.0151272 1747.0000
 0.0151692 1748.0000
 0.0152112 1749.0000
 0.0152531 1750.0000
 0.0152912 1751.0000
 0.0153286 1752.0000
 0.0153661 1753.0000
 0.0154035 1754.0000
 0.0154409 1755.0000
 0.0154783 1756.0000
 0.0155157 1757.0000
 0.0155531 1758.0000
 0.0155905 1759.0000
 0.0156279 1760.0000
 0.0156653 1761.0000
 0.0157027 1762.0000
 0.0157401 1763.0000
 0.0157775 1764.0000
 0.0158149 1765.0000
 0.0158523 1766.0000
 0.0158881 1767.0000
 0.0159240 1768.0000
 0.0159598 1769.0000
 0.0159957 1770.0000
 0.0160315 1771.0000
 0.0160674 1772.0000
 0.0161032 1773.0000
 0.0161391 1774.0000
 0.0161749 1775.0000
 0.0162108 1776.0000
 0.0162466 1777.0000
 0.0162825 1778.0000
 0.0163184 1779.0000
 0.0163542 1780.0000
 0.0163901 1781.0000
 0.0164246 1782.0000
 0.0164537 1783.0000
 0.0164828 1784.0000
 0.0165119 1785.0000
 0.0165409 1786.0000
 0.0165700 1787.0000
 0.0165991 1788.0000
 0.0166282 1789.0000
 0.0166573 1790.0000
 0.0166864 1791.0000
 0.0167155 1792.0000
 0.0167446 1793.0000
 0.0167737 1794.0000
 0.0168028 1795.0000
 0.0168319 1796.0000
 0.0168610 1797.0000
 0.0168893 1798.0000
 0.0169163 1799.0000
 0.0169433 1800.0000
 0.0169703 1801.0000
 0.0169973 1802.0000
 0.0170242 1803.0000
 0.0170512 1804.0000
 0.0170782 1805.0000
 0.0171052 1806.0000
 0.0171322 1807.0000
 0.0171592 1808.0000
 0.0171862 1809.0000
 0.0172131 1810.0000
 0.0172401 1811.0000
 0.0172671 1812.0000
 0.0172941 1813.0000
 0.0173186 1814.0000
 0.0173411 1815.0000
 0.0173636 1816.0000
 0.0173862 1817.0000
 0.0174087 1818.0000
 0.0174312 1819.0000
 0.0174537 1820.0000
 0.0174763 1821.0000
 0.0174988 1822.0000
 0.0175213 1823.0000
 0.0175438 1824.0000
 0.0175664 1825.0000
 0.0175889 1826.0000
 0.0176114 1827.0000
 0.0176339 1828.0000
 0.0176565 1829.0000
 0.0176776 1830.0000
 0.0176983 1831.0000
 0.0177190 1832.0000
 0.0177396 1833.0000
 0.0177603 1834.0000
 0.0177810 1835.0000
 0.0178016 1836.0000
 0.0178223 1837.0000
 0.0178430 1838.0000
 0.0178637 1839.0000
 0.0178843 1840.0000
 0.0179050 1841.0000
 0.0179257 1842.0000
 0.0179464 1843.0000
 0.0179670 1844.0000
 0.0179877 1845.0000
 0.0180081 1846.0000
 0.0180286 1847.0000
 0.0180490 1848.0000
 0.0180694 1849.0000
 0.0180898 1850.0000
 0.0181102 1851.0000
 0.0181307 1852.0000
 0.0181511 1853.0000
 0.0181715 1854.0000
 0.0181919 1855.0000
 0.0182123 1856.0000
 0.0182328 1857.0000
 0.0182532 1858.0000
 0.0182736 1859.0000
 0.0182940 1860.0000
 0.0183144 1861.0000
 0.0183347 1862.0000
 0.0183549 1863.0000
 0.0183752 1864.0000
 0.0183955 1865.0000
 0.0184157 1866.0000
 0.0184360 1867.0000
 0.0184563 1868.0000
 0.0184765 1869.0000
 0.0184968 1870.0000
 0.0185171 1871.0000
 0.0185373 1872.0000
 0.0185576 1873.0000
 0.0185779 1874.0000
 0.0185981 1875.0000
 0.0186184 1876.0000
 0.0186380 1877.0000
 0.0186561 1878.0000
 0.0186742 1879.0000
 0.0186923 1880.0000
 0.0187104 1881.0000
 0.0187285 1882.0000
 0.0187466 1883.0000
 0.0187647 1884.0000
 0.0187828 1885.0000
 0.0188009 1886.0000
 0.0188190 1887.0000
 0.0188370 1888.0000
 0.0188551 1889.0000
 0.0188732 1890.0000
 0.0188913 1891.0000
 0.0189094 1892.0000
 0.0189257 1893.0000
 0.0189399 1894.0000
 0.0189540 1895.0000
 0.0189682 1896.0000
 0.0189823 1897.0000
 0.0189965 1898.0000
 0.0190106 1899.0000
 0.0190248 1900.0000
 0.0190389 1901.0000
 0.0190531 1902.0000
 0.0190672 1903.0000
 0.0190814 1904.0000
 0.0190955 1905.0000
 0.0191097 1906.0000
 0.0191238 1907.0000
 0.0191380 1908.0000
 0.0191521 1909.0000
 0.0191663 1910.0000
 0.0191805 1911.0000
 0.0191946 1912.0000
 0.0192088 1913.0000
 0.0192230 1914.0000
 0.0192372 1915.0000
 0.0192513 1916.0000
 0.0192655 1917.0000
 0.0192797 1918.0000
 0.0192939 1919.0000
 0.0193080 1920.0000
 0.0193222 1921.0000
 0.0193364 1922.0000
 0.0193505 1923.0000
 0.0193647 1924.0000
 0.0193786 1925.0000
 0.0193924 1926.0000
 0.0194062 1927.0000
 0.0194200 1928.0000
 0.0194338 1929.0000
 0.0194476 1930.0000
 0.0194614 1931.0000
 0.0194752 1932.0000
 0.0194890 1933.0000
 0.0195028 1934.0000
 0.0195166 1935.0000
 0.0195304 1936.0000
 0.0195442 1937.0000
 0.0195580 1938.0000
 0.0195718 1939.0000
 0.0195856 1940.0000
 0.0195994 1941.0000
 0.0196133 1942.0000
 0.0196272 1943.0000
 0.0196410 1944.0000
 0.0196549 1945.0000
 0.0196687 1946.0000
 0.0196826 1947.0000
 0.0196964 1948.0000
 0.0197103 1949.0000
 0.0197241 1950.0000
 0.0197380 1951.0000
 0.0197519 1952.0000
 0.0197657 1953.0000
 0.0197796 1954.0000
 0.0197934 1955.0000
 0.0198066 1956.0000
 0.0198165 1957.0000
 0.0198264 1958.0000
 0.0198363 1959.0000
 0.0198462 1960.0000
 0.0198561 1961.0000
 0.0198660 1962.0000
 0.0198759 1963.0000
 0.0198858 1964.0000
 0.0198957 1965.0000
 0.0199056 1966.0000
 0.0199155 1967.0000
 0.0199255 1968.0000
 0.0199354 1969.0000
 0.0199453 1970.0000
 0.0199552 1971.0000
 0.0199644 1972.0000
 0.0199725 1973.0000
 0.0199807 1974.0000
 0.0199888 1975.0000
 0.0199969 1976.0000
 0.0200050 1977.0000
 0.0200131 1978.0000
 0.0200212 1979.0000
 0.0200293 1980.0000
 0.0200374 1981.0000
 0.0200455 1982.0000
 0.0200536 1983.0000
 0.0200617 1984.0000
 0.0200698 1985.0000
 0.0200779 1986.0000
 0.0200860 1987.0000
 0.0200941 1988.0000
 0.0201022 1989.0000
 0.0201103 1990.0000
 0.0201183 1991.0000
 0.0201264 1992.0000
 0.0201345 1993.0000
 0.0201425 1994.0000
 0.0201506 1995.0000
 0.0201587 1996.0000
 0.0201667 1997.0000
 0.0201748 1998.0000
 0.0201829 1999.0000
 0.0201909 2000.0000
 0.0201990 2001.0000
 0.0202071 2002.0000
 0.0202151 2003.0000
 0.0202230 2004.0000
 0.0202309 2005.0000
 0.0202387 2006.0000
 0.0202465 2007.0000
 0.0202544 2008.0000
 0.0202622 2009.0000
 0.0202701 2010.0000
 0.0202779 2011.0000
 0.0202857 2012.0000
 0.0202936 2013.0000
 0.0203014 2014.0000
 0.0203092 2015.0000
 0.0203171 2016.0000
 0.0203249 2017.0000
 0.0203327 2018.0000
 0.0203406 2019.0000
 0.0203484 2020.0000
 0.0203563 2021.0000
 0.0203641 2022.0000
 0.0203720 2023.0000
 0.0203798 2024.0000
 0.0203877 2025.0000
 0.0203955 2026.0000
 0.0204034 2027.0000
 0.0204112 2028.0000
 0.0204191 2029.0000
 0.0204269 2030.0000
 0.0204348 2031.0000
 0.0204426 2032.0000
 0.0204505 2033.0000
 0.0204583 2034.0000
 0.0204661 2035.0000
 0.0204722 2036.0000
 0.0204783 2037.0000
 0.0204845 2038.0000
 0.0204906 2039.0000
 0.0204967 2040.0000
 0.0205028 2041.0000
 0.0205090 2042.0000
 0.0205151 2043.0000
 0.0205212 2044.0000
 0.0205273 2045.0000
 0.0205335 2046.0000
 0.0205396 2047.0000
 0.0205457 2048.0000
 0.0205518 2049.0000
 0.0205580 2050.0000
 0.0205638 2051.0000
 0.0205690 2052.0000
 0.0205741 2053.0000
 0.0205792 2054.0000
 0.0205843 2055.0000
 0.0205894 2056.0000
 0.0205945 2057.0000
 0.0205996 2058.0000
 0.0206047 2059.0000
 0.0206098 2060.0000
 0.0206149 2061.0000
 0.0206200 2062.0000
 0.0206251 2063.0000
 0.0206302 2064.0000
 0.0206353 2065.0000
 0.0206404 2066.0000
 0.0206456 2067.0000
 0.0206507 2068.0000
 0.0206558 2069.0000
 0.0206609 2070.0000
 0.0206660 2071.0000
 0.0206711 2072.0000
 0.0206762 2073.0000
 0.0206813 2074.0000
 0.0206864 2075.0000
 0.0206916 2076.0000
 0.0206967 2077.0000
 0.0207018 2078.0000
 0.0207069 2079.0000
 0.0207120 2080.0000
 0.0207171 2081.0000
 0.0207222 2082.0000
 0.0207245 2083.0000
 0.0207249 2084.0000
 0.0207253 2085.0000
 0.0207256 2086.0000
 0.0207260 2087.0000
 0.0207264 2088.0000
 0.0207268 2089.0000
 0.0207272 2090.0000
 0.0207276 2091.0000
 0.0207280 2092.0000
 0.0207284 2093.0000
 0.0207287 2094.0000
 0.0207291 2095.0000
 0.0207295 2096.0000
 0.0207299 2097.0000
 0.0207303 2098.0000
 0.0207304 2099.0000
 0.0207305 2100.0000
 0.0207306 2101.0000
 0.0207307 2102.0000
 0.0207308 2103.0000
 0.0207309 2104.0000
 0.0207310 2105.0000
 0.0207311 2106.0000
 0.0207312 2107.0000
 0.0207313 2108.0000
 0.0207314 2109.0000
 0.0207315 2110.0000
 0.0207315 2111.0000
 0.0207316 2112.0000
 0.0207317 2113.0000
 0.0207318 2114.0000
 0.0207319 2115.0000
 0.0207320 2116.0000
 0.0207320 2117.0000
 0.0207321 2118.0000
 0.0207321 2119.0000
 0.0207322 2120.0000
 0.0207323 2121.0000
 0.0207323 2122.0000
 0.0207324 2123.0000
 0.0207325 2124.0000
 0.0207325 2125.0000
 0.0207326 2126.0000
 0.0207326 2127.0000
 0.0207327 2128.0000
 0.0207328 2129.0000
 0.0207328 2130.0000
 0.0207327 2131.0000
 0.0207325 2132.0000
 0.0207324 2133.0000
 0.0207323 2134.0000
 0.0207322 2135.0000
 0.0207321 2136.0000
 0.0207319 2137.0000
 0.0207318 2138.0000
 0.0207317 2139.0000
 0.0207316 2140.0000
 0.0207314 2141.0000
 0.0207313 2142.0000
 0.0207312 2143.0000
 0.0207311 2144.0000
 0.0207309 2145.0000
 0.0207308 2146.0000
 0.0207307 2147.0000
 0.0207306 2148.0000
 0.0207304 2149.0000
 0.0207303 2150.0000
 0.0207302 2151.0000
 0.0207301 2152.0000
 0.0207300 2153.0000
 0.0207298 2154.0000
 0.0207297 2155.0000
 0.0207296 2156.0000
 0.0207295 2157.0000
 0.0207293 2158.0000
 0.0207292 2159.0000
 0.0207291 2160.0000
 0.0207290 2161.0000
 0.0207293 2162.0000
 0.0207301 2163.0000
 0.0207309 2164.0000
 0.0207317 2165.0000
 0.0207325 2166.0000
 0.0207333 2167.0000
 0.0207341 2168.0000
 0.0207349 2169.0000
 0.0207357 2170.0000
 0.0207365 2171.0000
 0.0207373 2172.0000
 0.0207381 2173.0000
 0.0207388 2174.0000
 0.0207396 2175.0000
 0.0207404 2176.0000
 0.0207412 2177.0000
 0.0207443 2178.0000
 0.0207484 2179.0000
 0.0207526 2180.0000
 0.0207567 2181.0000
 0.0207608 2182.0000
 0.0207650 2183.0000
 0.0207691 2184.0000
 0.0207732 2185.0000
 0.0207774 2186.0000
 0.0207815 2187.0000
 0.0207856 2188.0000
 0.0207898 2189.0000
 0.0207939 2190.0000
 0.0207980 2191.0000
 0.0208022 2192.0000
 0.0208063 2193.0000
 0.0208104 2194.0000
 0.0208146 2195.0000
 0.0208187 2196.0000
 0.0208229 2197.0000
 0.0208270 2198.0000
 0.0208312 2199.0000
 0.0208353 2200.0000
 0.0208395 2201.0000
 0.0208436 2202.0000
 0.0208478 2203.0000
 0.0208519 2204.0000
 0.0208561 2205.0000
 0.0208602 2206.0000
 0.0208644 2207.0000
 0.0208685 2208.0000
 0.0208727 2209.0000
 0.0208768 2210.0000
 0.0208810 2211.0000
 0.0208851 2212.0000
 0.0208892 2213.0000
 0.0208934 2214.0000
 0.0208975 2215.0000
 0.0209017 2216.0000
 0.0209058 2217.0000
 0.0209099 2218.0000
 0.0209141 2219.0000
 0.0209182 2220.0000
 0.0209224 2221.0000
 0.0209265 2222.0000
 0.0209306 2223.0000
 0.0209348 2224.0000
 0.0209389 2225.0000
 0.0209429 2226.0000
 0.0209469 2227.0000
 0.0209510 2228.0000
 0.0209550 2229.0000
 0.0209590 2230.0000
 0.0209630 2231.0000
 0.0209670 2232.0000
 0.0209711 2233.0000
 0.0209751 2234.0000
 0.0209791 2235.0000
 0.0209831 2236.0000
 0.0209872 2237.0000
 0.0209912 2238.0000
 0.0209952 2239.0000
 0.0209992 2240.0000
 0.0210032 2241.0000
 0.0210073 2242.0000
 0.0210113 2243.0000
 0.0210153 2244.0000
 0.0210194 2245.0000
 0.0210234 2246.0000
 0.0210274 2247.0000
 0.0210315 2248.0000
 0.0210355 2249.0000
 0.0210395 2250.0000
 0.0210435 2251.0000
 0.0210476 2252.0000
 0.0210516 2253.0000
 0.0210556 2254.0000
 0.0210597 2255.0000
 0.0210637 2256.0000
 0.0210677 2257.0000
 0.0210718 2258.0000
 0.0210758 2259.0000
 0.0210799 2260.0000
 0.0210839 2261.0000
 0.0210880 2262.0000
 0.0210920 2263.0000
 0.0210961 2264.0000
 0.0211001 2265.0000
 0.0211042 2266.0000
 0.0211082 2267.0000
 0.0211123 2268.0000
 0.0211163 2269.0000
 0.0211204 2270.0000
 0.0211244 2271.0000
 0.0211285 2272.0000
 0.0211354 2273.0000
 0.0211432 2274.0000
 0.0211509 2275.0000
 0.0211587 2276.0000
 0.0211665 2277.0000
 0.0211743 2278.0000
 0.0211821 2279.0000
 0.0211899 2280.0000
 0.0211977 2281.0000
 0.0212055 2282.0000
 0.0212133 2283.0000
 0.0212211 2284.0000
 0.0212289 2285.0000
 0.0212367 2286.0000
 0.0212445 2287.0000
 0.0212523 2288.0000
 0.0212602 2289.0000
 0.0212681 2290.0000
 0.0212761 2291.0000
 0.0212840 2292.0000
 0.0212919 2293.0000
 0.0212999 2294.0000
 0.0213078 2295.0000
 0.0213157 2296.0000
 0.0213236 2297.0000
 0.0213316 2298.0000
 0.0213395 2299.0000
 0.0213474 2300.0000
 0.0213554 2301.0000
 0.0213633 2302.0000
 0.0213712 2303.0000
 0.0213792 2304.0000
 0.0213871 2305.0000
 0.0213951 2306.0000
 0.0214030 2307.0000
 0.0214110 2308.0000
 0.0214189 2309.0000
 0.0214269 2310.0000
 0.0214349 2311.0000
 0.0214428 2312.0000
 0.0214508 2313.0000
 0.0214587 2314.0000
 0.0214667 2315.0000
 0.0214746 2316.0000
 0.0214826 2317.0000
 0.0214905 2318.0000
 0.0214985 2319.0000
 0.0215064 2320.0000
 0.0215142 2321.0000
 0.0215219 2322.0000
 0.0215297 2323.0000
 0.0215375 2324.0000
 0.0215452 2325.0000
 0.0215530 2326.0000
 0.0215608 2327.0000
 0.0215685 2328.0000
 0.0215763 2329.0000
 0.0215841 2330.0000
 0.0215918 2331.0000
 0.0215996 2332.0000
 0.0216074 2333.0000
 0.0216151 2334.0000
 0.0216229 2335.0000
 0.0216306 2336.0000
 0.0216382 2337.0000
 0.0216459 2338.0000
 0.0216535 2339.0000
 0.0216612 2340.0000
 0.0216688 2341.0000
 0.0216765 2342.0000
 0.0216841 2343.0000
 0.0216918 2344.0000
 0.0216994 2345.0000
 0.0217070 2346.0000
 0.0217147 2347.0000
 0.0217223 2348.0000
 0.0217300 2349.0000
 0.0217376 2350.0000
 0.0217453 2351.0000
 0.0217529 2352.0000
 0.0217606 2353.0000
 0.0217683 2354.0000
 0.0217759 2355.0000
 0.0217836 2356.0000
 0.0217913 2357.0000
 0.0217989 2358.0000
 0.0218066 2359.0000
 0.0218143 2360.0000
 0.0218220 2361.0000
 0.0218296 2362.0000
 0.0218373 2363.0000
 0.0218450 2364.0000
 0.0218526 2365.0000
 0.0218603 2366.0000
 0.0218680 2367.0000
 0.0218756 2368.0000
 0.0218833 2369.0000
 0.0218909 2370.0000
 0.0218986 2371.0000
 0.0219062 2372.0000
 0.0219138 2373.0000
 0.0219215 2374.0000
 0.0219291 2375.0000
 0.0219368 2376.0000
 0.0219444 2377.0000
 0.0219521 2378.0000
 0.0219597 2379.0000
 0.0219674 2380.0000
 0.0219750 2381.0000
 0.0219826 2382.0000
 0.0219903 2383.0000
 0.0219976 2384.0000
 0.0220050 2385.0000
 0.0220124 2386.0000
 0.0220197 2387.0000
 0.0220271 2388.0000
 0.0220345 2389.0000
 0.0220418 2390.0000
 0.0220492 2391.0000
 0.0220565 2392.0000
 0.0220639 2393.0000
 0.0220713 2394.0000
 0.0220786 2395.0000
 0.0220860 2396.0000
 0.0220934 2397.0000
 0.0221007 2398.0000
 0.0221081 2399.0000
 0.0221155 2400.0000
 0.0221228 2401.0000
 0.0221302 2402.0000
 0.0221376 2403.0000
 0.0221450 2404.0000
 0.0221524 2405.0000
 0.0221597 2406.0000
 0.0221671 2407.0000
 0.0221745 2408.0000
 0.0221819 2409.0000
 0.0221893 2410.0000
 0.0221966 2411.0000
 0.0222040 2412.0000
 0.0222114 2413.0000
 0.0222188 2414.0000
 0.0222261 2415.0000
 0.0222335 2416.0000
 0.0222409 2417.0000
 0.0222483 2418.0000
 0.0222557 2419.0000
 0.0222631 2420.0000
 0.0222705 2421.0000
 0.0222779 2422.0000
 0.0222852 2423.0000
 0.0222926 2424.0000
 0.0223000 2425.0000
 0.0223074 2426.0000
 0.0223148 2427.0000
 0.0223222 2428.0000
 0.0223296 2429.0000
 0.0223370 2430.0000
 0.0223447 2431.0000
 0.0223528 2432.0000
 0.0223608 2433.0000
 0.0223689 2434.0000
 0.0223770 2435.0000
 0.0223850 2436.0000
 0.0223931 2437.0000
 0.0224012 2438.0000
 0.0224092 2439.0000
 0.0224173 2440.0000
 0.0224254 2441.0000
 0.0224334 2442.0000
 0.0224415 2443.0000
 0.0224496 2444.0000
 0.0224576 2445.0000
 0.0224657 2446.0000
 0.0224744 2447.0000
 0.0224832 2448.0000
 0.0224921 2449.0000
 0.0225010 2450.0000
 0.0225098 2451.0000
 0.0225187 2452.0000
 0.0225275 2453.0000
 0.0225364 2454.0000
 0.0225453 2455.0000
 0.0225541 2456.0000
 0.0225630 2457.0000
 0.0225719 2458.0000
 0.0225807 2459.0000
 0.0225896 2460.0000
 0.0225985 2461.0000
 0.0226073 2462.0000
 0.0226162 2463.0000
 0.0226251 2464.0000
 0.0226340 2465.0000
 0.0226428 2466.0000
 0.0226517 2467.0000
 0.0226606 2468.0000
 0.0226695 2469.0000
 0.0226783 2470.0000
 0.0226872 2471.0000
 0.0226961 2472.0000
 0.0227050 2473.0000
 0.0227138 2474.0000
 0.0227227 2475.0000
 0.0227316 2476.0000
 0.0227405 2477.0000
 0.0227494 2478.0000
 0.0227583 2479.0000
 0.0227672 2480.0000
 0.0227760 2481.0000
 0.0227849 2482.0000
 0.0227938 2483.0000
 0.0228027 2484.0000
 0.0228116 2485.0000
 0.0228205 2486.0000
 0.0228294 2487.0000
 0.0228383 2488.0000
 0.0228472 2489.0000
 0.0228561 2490.0000
 0.0228650 2491.0000
 0.0228739 2492.0000
 0.0228828 2493.0000
 0.0228919 2494.0000
 0.0229016 2495.0000
 0.0229113 2496.0000
 0.0229210 2497.0000
 0.0229307 2498.0000
 0.0229403 2499.0000
 0.0229500 2500.0000
 0.0229597 2501.0000
 0.0229694 2502.0000
 0.0229791 2503.0000
 0.0229888 2504.0000
 0.0229985 2505.0000
 0.0230081 2506.0000
 0.0230178 2507.0000
 0.0230275 2508.0000
 0.0230372 2509.0000
 0.0230471 2510.0000
 0.0230573 2511.0000
 0.0230675 2512.0000
 0.0230778 2513.0000
 0.0230880 2514.0000
 0.0230982 2515.0000
 0.0231084 2516.0000
 0.0231186 2517.0000
 0.0231288 2518.0000
 0.0231390 2519.0000
 0.0231493 2520.0000
 0.0231595 2521.0000
 0.0231697 2522.0000
 0.0231799 2523.0000
 0.0231901 2524.0000
 0.0232003 2525.0000
 0.0232106 2526.0000
 0.0232208 2527.0000
 0.0232310 2528.0000
 0.0232413 2529.0000
 0.0232515 2530.0000
 0.0232618 2531.0000
 0.0232720 2532.0000
 0.0232822 2533.0000
 0.0232925 2534.0000
 0.0233027 2535.0000
 0.0233130 2536.0000
 0.0233232 2537.0000
 0.0233334 2538.0000
 0.0233437 2539.0000
 0.0233539 2540.0000
 0.0233642 2541.0000
 0.0233744 2542.0000
 0.0233847 2543.0000
 0.0233949 2544.0000
 0.0234052 2545.0000
 0.0234155 2546.0000
 0.0234257 2547.0000
 0.0234360 2548.0000
 0.0234462 2549.0000
 0.0234565 2550.0000
 0.0234668 2551.0000
 0.0234770 2552.0000
 0.0234873 2553.0000
 0.0234976 2554.0000
 0.0235078 2555.0000
 0.0235181 2556.0000
 0.0235283 2557.0000
 0.0235392 2558.0000
 0.0235501 2559.0000
 0.0235610 2560.0000
 0.0235719 2561.0000
 0.0235828 2562.0000
 0.0235937 2563.0000
 0.0236047 2564.0000
 0.0236156 2565.0000
 0.0236265 2566.0000
 0.0236374 2567.0000
 0.0236483 2568.0000
 0.0236592 2569.0000
 0.0236701 2570.0000
 0.0236810 2571.0000
 0.0236919 2572.0000
 0.0237029 2573.0000
 0.0237143 2574.0000
 0.0237258 2575.0000
 0.0237372 2576.0000
 0.0237486 2577.0000
 0.0237601 2578.0000
 0.0237715 2579.0000
 0.0237830 2580.0000
 0.0237944 2581.0000
 0.0238059 2582.0000
 0.0238173 2583.0000
 0.0238287 2584.0000
 0.0238402 2585.0000
 0.0238516 2586.0000
 0.0238631 2587.0000
 0.0238745 2588.0000
 0.0238860 2589.0000
 0.0238974 2590.0000
 0.0239089 2591.0000
 0.0239204 2592.0000
 0.0239318 2593.0000
 0.0239433 2594.0000
 0.0239547 2595.0000
 0.0239662 2596.0000
 0.0239777 2597.0000
 0.0239891 2598.0000
 0.0240006 2599.0000
 0.0240121 2600.0000
 0.0240235 2601.0000
 0.0240350 2602.0000
 0.0240465 2603.0000
 0.0240579 2604.0000
 0.0240694 2605.0000
 0.0240809 2606.0000
 0.0240924 2607.0000
 0.0241039 2608.0000
 0.0241154 2609.0000
 0.0241269 2610.0000
 0.0241383 2611.0000
 0.0241498 2612.0000
 0.0241613 2613.0000
 0.0241728 2614.0000
 0.0241843 2615.0000
 0.0241958 2616.0000
 0.0242073 2617.0000
 0.0242188 2618.0000
 0.0242303 2619.0000
 0.0242418 2620.0000
 0.0242541 2621.0000
 0.0242668 2622.0000
 0.0242795 2623.0000
 0.0242922 2624.0000
 0.0243049 2625.0000
 0.0243176 2626.0000
 0.0243303 2627.0000
 0.0243430 2628.0000
 0.0243557 2629.0000
 0.0243684 2630.0000
 0.0243811 2631.0000
 0.0243938 2632.0000
 0.0244065 2633.0000
 0.0244192 2634.0000
 0.0244319 2635.0000
 0.0244446 2636.0000
 0.0244600 2637.0000
 0.0244756 2638.0000
 0.0244913 2639.0000
 0.0245070 2640.0000
 0.0245226 2641.0000
 0.0245383 2642.0000
 0.0245540 2643.0000
 0.0245697 2644.0000
 0.0245853 2645.0000
 0.0246010 2646.0000
 0.0246167 2647.0000
 0.0246323 2648.0000
 0.0246480 2649.0000
 0.0246637 2650.0000
 0.0246794 2651.0000
 0.0246950 2652.0000
 0.0247107 2653.0000
 0.0247265 2654.0000
 0.0247422 2655.0000
 0.0247579 2656.0000
 0.0247736 2657.0000
 0.0247893 2658.0000
 0.0248051 2659.0000
 0.0248208 2660.0000
 0.0248365 2661.0000
 0.0248522 2662.0000
 0.0248679 2663.0000
 0.0248837 2664.0000
 0.0248994 2665.0000
 0.0249151 2666.0000
 0.0249308 2667.0000
 0.0249466 2668.0000
 0.0249623 2669.0000
 0.0249781 2670.0000
 0.0249939 2671.0000
 0.0250097 2672.0000
 0.0250254 2673.0000
 0.0250412 2674.0000
 0.0250570 2675.0000
 0.0250728 2676.0000
 0.0250885 2677.0000
 0.0251043 2678.0000
 0.0251201 2679.0000
 0.0251359 2680.0000
 0.0251517 2681.0000
 0.0251674 2682.0000
 0.0251832 2683.0000
 0.0251990 2684.0000
 0.0252148 2685.0000
 0.0252306 2686.0000
 0.0252465 2687.0000
 0.0252623 2688.0000
 0.0252781 2689.0000
 0.0252939 2690.0000
 0.0253097 2691.0000
 0.0253255 2692.0000
 0.0253414 2693.0000
 0.0253572 2694.0000
 0.0253730 2695.0000
 0.0253888 2696.0000
 0.0254046 2697.0000
 0.0254205 2698.0000
 0.0254363 2699.0000
 0.0254525 2700.0000
 0.0254689 2701.0000
 0.0254853 2702.0000
 0.0255017 2703.0000
 0.0255181 2704.0000
 0.0255346 2705.0000
 0.0255510 2706.0000
 0.0255674 2707.0000
 0.0255838 2708.0000
 0.0256002 2709.0000
 0.0256167 2710.0000
 0.0256331 2711.0000
 0.0256495 2712.0000
 0.0256659 2713.0000
 0.0256823 2714.0000
 0.0256988 2715.0000
 0.0257153 2716.0000
 0.0257319 2717.0000
 0.0257486 2718.0000
 0.0257652 2719.0000
 0.0257818 2720.0000
 0.0257984 2721.0000
 0.0258150 2722.0000
 0.0258316 2723.0000
 0.0258482 2724.0000
 0.0258649 2725.0000
 0.0258815 2726.0000
 0.0258981 2727.0000
 0.0259147 2728.0000
 0.0259313 2729.0000
 0.0259479 2730.0000
 0.0259645 2731.0000
 0.0259812 2732.0000
 0.0259979 2733.0000
 0.0260145 2734.0000
 0.0260312 2735.0000
 0.0260479 2736.0000
 0.0260645 2737.0000
 0.0260812 2738.0000
 0.0260979 2739.0000
 0.0261146 2740.0000
 0.0261312 2741.0000
 0.0261479 2742.0000
 0.0261646 2743.0000
 0.0261812 2744.0000
 0.0261979 2745.0000
 0.0262146 2746.0000
 0.0262312 2747.0000
 0.0262480 2748.0000
 0.0262647 2749.0000
 0.0262814 2750.0000
 0.0262981 2751.0000
 0.0263148 2752.0000
 0.0263316 2753.0000
 0.0263483 2754.0000
 0.0263650 2755.0000
 0.0263817 2756.0000
 0.0263985 2757.0000
 0.0264152 2758.0000
 0.0264319 2759.0000
 0.0264486 2760.0000
 0.0264653 2761.0000
 0.0264821 2762.0000
 0.0264989 2763.0000
 0.0265159 2764.0000
 0.0265329 2765.0000
 0.0265499 2766.0000
 0.0265669 2767.0000
 0.0265839 2768.0000
 0.0266009 2769.0000
 0.0266179 2770.0000
 0.0266349 2771.0000
 0.0266519 2772.0000
 0.0266689 2773.0000
 0.0266859 2774.0000
 0.0267029 2775.0000
 0.0267199 2776.0000
 0.0267369 2777.0000
 0.0267539 2778.0000
 0.0267732 2779.0000
 0.0267950 2780.0000
 0.0268168 2781.0000
 0.0268385 2782.0000
 0.0268603 2783.0000
 0.0268821 2784.0000
 0.0269038 2785.0000
 0.0269256 2786.0000
 0.0269474 2787.0000
 0.0269692 2788.0000
 0.0269909 2789.0000
 0.0270127 2790.0000
 0.0270345 2791.0000
 0.0270562 2792.0000
 0.0270780 2793.0000
 0.0270998 2794.0000
 0.0271216 2795.0000
 0.0271435 2796.0000
 0.0271654 2797.0000
 0.0271872 2798.0000
 0.0272091 2799.0000
 0.0272310 2800.0000
 0.0272528 2801.0000
 0.0272747 2802.0000
 0.0272966 2803.0000
 0.0273184 2804.0000
 0.0273403 2805.0000
 0.0273622 2806.0000
 0.0273840 2807.0000
 0.0274059 2808.0000
 0.0274278 2809.0000
 0.0274496 2810.0000
 0.0274716 2811.0000
 0.0274936 2812.0000
 0.0275155 2813.0000
 0.0275375 2814.0000
 0.0275595 2815.0000
 0.0275815 2816.0000
 0.0276034 2817.0000
 0.0276254 2818.0000
 0.0276474 2819.0000
 0.0276694 2820.0000
 0.0276913 2821.0000
 0.0277133 2822.0000
 0.0277353 2823.0000
 0.0277573 2824.0000
 0.0277792 2825.0000
 0.0278012 2826.0000
 0.0278233 2827.0000
 0.0278453 2828.0000
 0.0278674 2829.0000
 0.0278895 2830.0000
 0.0279115 2831.0000
 0.0279336 2832.0000
 0.0279556 2833.0000
 0.0279777 2834.0000
 0.0279998 2835.0000
 0.0280218 2836.0000
 0.0280439 2837.0000
 0.0280659 2838.0000
 0.0280880 2839.0000
 0.0281101 2840.0000
 0.0281321 2841.0000
 0.0281542 2842.0000
 0.0281766 2843.0000
 0.0281989 2844.0000
 0.0282213 2845.0000
 0.0282436 2846.0000
 0.0282659 2847.0000
 0.0282883 2848.0000
 0.0283106 2849.0000
 0.0283329 2850.0000
 0.0283553 2851.0000
 0.0283776 2852.0000
 0.0284000 2853.0000
 0.0284223 2854.0000
 0.0284446 2855.0000
 0.0284670 2856.0000
 0.0284893 2857.0000
 0.0285141 2858.0000
 0.0285426 2859.0000
 0.0285712 2860.0000
 0.0285997 2861.0000
 0.0286283 2862.0000
 0.0286568 2863.0000
 0.0286854 2864.0000
 0.0287139 2865.0000
 0.0287425 2866.0000
 0.0287710 2867.0000
 0.0287996 2868.0000
 0.0288281 2869.0000
 0.0288567 2870.0000
 0.0288853 2871.0000
 0.0289138 2872.0000
 0.0289424 2873.0000
 0.0289710 2874.0000
 0.0289997 2875.0000
 0.0290285 2876.0000
 0.0290572 2877.0000
 0.0290859 2878.0000
 0.0291147 2879.0000
 0.0291434 2880.0000
 0.0291721 2881.0000
 0.0292008 2882.0000
 0.0292296 2883.0000
 0.0292583 2884.0000
 0.0292870 2885.0000
 0.0293158 2886.0000
 0.0293445 2887.0000
 0.0293732 2888.0000
 0.0294019 2889.0000
 0.0294306 2890.0000
 0.0294592 2891.0000
 0.0294879 2892.0000
 0.0295165 2893.0000
 0.0295452 2894.0000
 0.0295738 2895.0000
 0.0296024 2896.0000
 0.0296311 2897.0000
 0.0296597 2898.0000
 0.0296883 2899.0000
 0.0297170 2900.0000
 0.0297456 2901.0000
 0.0297743 2902.0000
 0.0298029 2903.0000
 0.0298315 2904.0000
 0.0298602 2905.0000
 0.0298886 2906.0000
 0.0299171 2907.0000
 0.0299456 2908.0000
 0.0299740 2909.0000
 0.0300025 2910.0000
 0.0300309 2911.0000
 0.0300594 2912.0000
 0.0300878 2913.0000
 0.0301163 2914.0000
 0.0301447 2915.0000
 0.0301732 2916.0000
 0.0302016 2917.0000
 0.0302301 2918.0000
 0.0302585 2919.0000
 0.0302870 2920.0000
 0.0303155 2921.0000
 0.0303441 2922.0000
 0.0303728 2923.0000
 0.0304015 2924.0000
 0.0304301 2925.0000
 0.0304588 2926.0000
 0.0304875 2927.0000
 0.0305161 2928.0000
 0.0305448 2929.0000
 0.0305735 2930.0000
 0.0306021 2931.0000
 0.0306308 2932.0000
 0.0306595 2933.0000
 0.0306882 2934.0000
 0.0307168 2935.0000
 0.0307455 2936.0000
 0.0307752 2937.0000
 0.0308075 2938.0000
 0.0308399 2939.0000
 0.0308722 2940.0000
 0.0309045 2941.0000
 0.0309369 2942.0000
 0.0309692 2943.0000
 0.0310015 2944.0000
 0.0310339 2945.0000
 0.0310662 2946.0000
 0.0310985 2947.0000
 0.0311308 2948.0000
 0.0311632 2949.0000
 0.0311955 2950.0000
 0.0312278 2951.0000
 0.0312602 2952.0000
 0.0312933 2953.0000
 0.0313272 2954.0000
 0.0313612 2955.0000
 0.0313951 2956.0000
 0.0314291 2957.0000
 0.0314630 2958.0000
 0.0314970 2959.0000
 0.0315310 2960.0000
 0.0315649 2961.0000
 0.0315989 2962.0000
 0.0316328 2963.0000
 0.0316668 2964.0000
 0.0317007 2965.0000
 0.0317347 2966.0000
 0.0317687 2967.0000
 0.0318026 2968.0000
 0.0318367 2969.0000
 0.0318710 2970.0000
 0.0319052 2971.0000
 0.0319395 2972.0000
 0.0319737 2973.0000
 0.0320080 2974.0000
 0.0320422 2975.0000
 0.0320764 2976.0000
 0.0321107 2977.0000
 0.0321449 2978.0000
 0.0321792 2979.0000
 0.0322134 2980.0000
 0.0322476 2981.0000
 0.0322819 2982.0000
 0.0323161 2983.0000
 0.0323504 2984.0000
 0.0323974 2985.0000
 0.0324472 2986.0000
 0.0324971 2987.0000
 0.0325469 2988.0000
 0.0325968 2989.0000
 0.0326466 2990.0000
 0.0326964 2991.0000
 0.0327463 2992.0000
 0.0327961 2993.0000
 0.0328459 2994.0000
 0.0328958 2995.0000
 0.0329456 2996.0000
 0.0329954 2997.0000
 0.0330453 2998.0000
 0.0330951 2999.0000
 0.0331449 3000.0000
