  0.0000000e+000  1.0000000e+000
  2.9999994e-002  1.8364124e+003
  5.9999995e-002  4.6720861e+002
  8.9999996e-002  2.1131435e+002
  1.2000000e-001  1.2096291e+002
  1.5000001e-001  7.8783064e+001
  1.8000001e-001  5.5676393e+001
  2.1000004e-001  4.1627288e+001
  2.4000001e-001  3.2433592e+001
  2.7000004e-001  2.6078982e+001
  3.0000001e-001  2.1496931e+001
  3.3000004e-001  1.8079722e+001
  3.6000001e-001  1.5460211e+001
  3.9000005e-001  1.3405773e+001
  4.2000002e-001  1.1763140e+001
  4.4999999e-001  1.0427918e+001
  4.7999996e-001  9.3269769e+000
  5.0999993e-001  8.4078272e+000
  5.3999990e-001  7.6319824e+000
  5.6999987e-001  6.9706924e+000
  5.9999985e-001  6.4021209e+000
  6.2999982e-001  5.9094357e+000
  6.5999979e-001  5.4794879e+000
  6.8999976e-001  5.1018819e+000
  7.1999973e-001  4.7683082e+000
  7.4999970e-001  4.4720589e+000
  7.7999967e-001  4.2076690e+000
  8.0999964e-001  3.9706487e+000
  8.3999962e-001  3.7572808e+000
  8.6999959e-001  3.5644658e+000
  8.9999956e-001  3.3896016e+000
  9.2999953e-001  3.2304908e+000
  9.5999950e-001  3.0852663e+000
  9.8999947e-001  2.9523338e+000
  1.0199994e+000  2.8303247e+000
  1.0499994e+000  2.7180580e+000
  1.0799993e+000  2.6145113e+000
  1.1099993e+000  2.5187949e+000
  1.1399993e+000  2.4301315e+000
  1.1699992e+000  2.3478399e+000
  1.1999992e+000  2.2713205e+000
  1.2299992e+000  2.2000442e+000
  1.2599992e+000  2.1335423e+000
  1.2899991e+000  2.0713984e+000
  1.3199991e+000  2.0132417e+000
  1.3499991e+000  1.9587407e+000
  1.3799990e+000  1.9075988e+000
  1.4099990e+000  1.8595493e+000
  1.4399990e+000  1.8143525e+000
  1.4699990e+000  1.7717918e+000
  1.4999989e+000  1.7316717e+000
  1.5299989e+000  1.6938148e+000
  1.5599989e+000  1.6580602e+000
  1.5899988e+000  1.6242616e+000
  1.6199988e+000  1.5922854e+000
  1.6499988e+000  1.5620098e+000
  1.6799988e+000  1.5333235e+000
  1.7099987e+000  1.5061244e+000
  1.7399987e+000  1.4803189e+000
  1.7699987e+000  1.4558210e+000
  1.7999986e+000  1.4325514e+000
  1.8299986e+000  1.4104372e+000
  1.8599986e+000  1.3894111e+000
  1.8899986e+000  1.3694108e+000
  1.9199985e+000  1.3503788e+000
  1.9499984e+000  1.3322618e+000
  1.9799986e+000  1.3150101e+000
  2.0099983e+000  1.2985782e+000
  2.0399985e+000  1.2829229e+000
  2.0699983e+000  1.2680050e+000
  2.0999985e+000  1.2537869e+000
  2.1299982e+000  1.2402347e+000
  2.1599984e+000  1.2273156e+000
  2.1899981e+000  1.2150000e+000
  2.2199984e+000  1.2032593e+000
  2.2499981e+000  1.1920676e+000
  2.2799983e+000  1.1813998e+000
  2.3099980e+000  1.1712332e+000
  2.3399982e+000  1.1615457e+000
  2.3699980e+000  1.1523173e+000
  2.3999982e+000  1.1435284e+000
  2.4299979e+000  1.1351615e+000
  2.4599981e+000  1.1271992e+000
  2.4899979e+000  1.1196259e+000
  2.5199981e+000  1.1124262e+000
  2.5499978e+000  1.1055864e+000
  2.5799980e+000  1.0990927e+000
  2.6099977e+000  1.0929328e+000
  2.6399980e+000  1.0870945e+000
  2.6699977e+000  1.0815668e+000
  2.6999979e+000  1.0763389e+000
  2.7299976e+000  1.0714009e+000
  2.7599978e+000  1.0667431e+000
  2.7899976e+000  1.0623566e+000
  2.8199978e+000  1.0582328e+000
  2.8499975e+000  1.0543637e+000
  2.8799977e+000  1.0507415e+000
  2.9099975e+000  1.0473591e+000
  2.9399977e+000  1.0442094e+000
  2.9699974e+000  1.0412862e+000
  2.9999976e+000  1.0385830e+000
  3.0299973e+000  1.0360940e+000
  3.0599976e+000  1.0338137e+000
  3.0899973e+000  1.0317367e+000
  3.1199975e+000  1.0298580e+000
  3.1499972e+000  1.0281729e+000
  3.1799974e+000  1.0266768e+000
  3.2099972e+000  1.0253653e+000
  3.2399974e+000  1.0242344e+000
  3.2699971e+000  1.0232803e+000
  3.2999973e+000  1.0224991e+000
  3.3299971e+000  1.0218875e+000
  3.3599973e+000  1.0214419e+000
  3.3899970e+000  1.0211594e+000
  3.4199972e+000  1.0284663e+000
  3.4499969e+000  1.0246825e+000
  3.4799972e+000  1.0241039e+000
  3.5099969e+000  1.0221541e+000
  3.5399971e+000  1.0219677e+000
  3.5699968e+000  1.0244789e+000
  3.5999970e+000  1.0180518e+000
  3.6299968e+000  1.0198312e+000
  3.6599970e+000  1.0208433e+000
  3.6899967e+000  1.0170148e+000
  3.7199969e+000  1.0198383e+000
  3.7499967e+000  1.0173206e+000
  3.7799969e+000  1.0173393e+000
  3.8099966e+000  1.0128910e+000
  3.8399968e+000  1.0162926e+000
  3.8699965e+000  1.0129308e+000
  3.8999968e+000  1.0120354e+000
  3.9299967e+000  1.0147128e+000
  3.9599974e+000  1.0112755e+000
  3.9899971e+000  1.0109539e+000
  4.0199981e+000  1.0101307e+000
  4.0499978e+000  1.0060483e+000
  4.0799985e+000  1.0100456e+000
  4.1099982e+000  1.0110409e+000
  4.1399989e+000  1.0067844e+000
  4.1699986e+000  1.0075255e+000
  4.1999993e+000  1.0109756e+000
  4.2299991e+000  1.0027543e+000
  4.2599998e+000  1.0063278e+000
  4.2899995e+000  1.0025367e+000
  4.3200002e+000  1.0046107e+000
  4.3499999e+000  1.0068435e+000
  4.3800006e+000  1.0072639e+000
  4.4100003e+000  1.0019507e+000
  4.4400010e+000  1.0063793e+000
  4.4700007e+000  1.0114123e+000
  4.5000014e+000  1.0116848e+000
  4.5300012e+000  1.0058819e+000
  4.5600019e+000  1.0076752e+000
  4.5900016e+000  1.0059048e+000
  4.6200023e+000  1.0064772e+000
  4.6500020e+000  1.0047371e+000
  4.6800027e+000  1.0029761e+000
  4.7100024e+000  1.0011668e+000
  4.7400031e+000  1.0015844e+000
  4.7700028e+000  1.0021723e+000
  4.8000035e+000  9.9269676e-001
  4.8300033e+000  9.9487999e-001
  4.8600039e+000  9.9765264e-001
  4.8900037e+000  9.9636836e-001
  4.9200044e+000  9.9795298e-001
  4.9500041e+000  9.9955793e-001
  4.9800048e+000  9.9475091e-001
  5.0100045e+000  9.9894826e-001
  5.0400052e+000  9.9019350e-001
  5.0700049e+000  9.9702139e-001
  5.1000056e+000  9.8944413e-001
  5.1300054e+000  9.9620945e-001
  5.1600060e+000  9.9616805e-001
  5.1900058e+000  9.9907628e-001
  5.2200065e+000  9.9062349e-001
  5.2500062e+000  9.9410790e-001
  5.2800069e+000  9.8694684e-001
  5.3100066e+000  9.9357285e-001
  5.3400073e+000  9.9206790e-001
  5.3700070e+000  9.9444815e-001
  5.4000077e+000  9.9046877e-001
  5.4300075e+000  9.8496340e-001
  5.4600081e+000  9.8491561e-001
  5.4900079e+000  9.8992037e-001
  5.5200086e+000  1.0000000e+000
  5.5500083e+000  1.0000000e+000
  5.5800090e+000  1.0000000e+000
  5.6100087e+000  1.0000000e+000
  5.6400094e+000  1.0000000e+000
  5.6700091e+000  1.0000000e+000
  5.7000098e+000  1.0000000e+000
  5.7300096e+000  1.0000000e+000
  5.7600102e+000  1.0000000e+000
  5.7900100e+000  1.0000000e+000
  5.8200107e+000  1.0000000e+000
  5.8500104e+000  1.0000000e+000
  5.8800111e+000  1.0000000e+000
  5.9100108e+000  1.0000000e+000
  5.9400115e+000  1.0000000e+000
  5.9700112e+000  1.0000000e+000
  6.0000119e+000  1.0000000e+000
  6.0300117e+000  1.0000000e+000
  6.0600123e+000  1.0000000e+000
  6.0900121e+000  1.0000000e+000
  6.1200128e+000  1.0000000e+000
  6.1500125e+000  1.0000000e+000
  6.1800132e+000  1.0000000e+000
  6.2100129e+000  1.0000000e+000
  6.2400136e+000  1.0000000e+000
  6.2700133e+000  1.0000000e+000
  6.3000140e+000  1.0000000e+000
  6.3300138e+000  1.0000000e+000
  6.3600144e+000  1.0000000e+000
  6.3900142e+000  1.0000000e+000
  6.4200149e+000  1.0000000e+000
  6.4500146e+000  1.0000000e+000
  6.4800153e+000  1.0000000e+000
  6.5100150e+000  1.0000000e+000
  6.5400157e+000  1.0000000e+000
  6.5700154e+000  1.0000000e+000
  6.6000161e+000  1.0000000e+000
  6.6300159e+000  1.0000000e+000
  6.6600165e+000  1.0000000e+000
  6.6900163e+000  1.0000000e+000
  6.7200170e+000  1.0000000e+000
  6.7500167e+000  1.0000000e+000
  6.7800174e+000  1.0000000e+000
  6.8100171e+000  1.0000000e+000
  6.8400178e+000  1.0000000e+000
  6.8700175e+000  1.0000000e+000
  6.9000182e+000  1.0000000e+000
  6.9300179e+000  1.0000000e+000
  6.9600186e+000  1.0000000e+000
  6.9900184e+000  1.0000000e+000
  7.0200191e+000  1.0000000e+000
  7.0500188e+000  1.0000000e+000
  7.0800195e+000  1.0000000e+000
  7.1100192e+000  1.0000000e+000
  7.1400199e+000  1.0000000e+000
  7.1700196e+000  1.0000000e+000
  7.2000203e+000  1.0000000e+000
  7.2300200e+000  1.0000000e+000
  7.2600207e+000  1.0000000e+000
  7.2900205e+000  1.0000000e+000
  7.3200212e+000  1.0000000e+000
  7.3500209e+000  1.0000000e+000
  7.3800216e+000  1.0000000e+000
  7.4100213e+000  1.0000000e+000
  7.4400220e+000  1.0000000e+000
  7.4700217e+000  1.0000000e+000
  7.5000224e+000  1.0000000e+000
  7.5300221e+000  1.0000000e+000
  7.5600228e+000  1.0000000e+000
  7.5900226e+000  1.0000000e+000
  7.6200233e+000  1.0000000e+000
  7.6500230e+000  1.0000000e+000
  7.6800237e+000  1.0000000e+000
  7.7100234e+000  1.0000000e+000
  7.7400241e+000  1.0000000e+000
  7.7700238e+000  1.0000000e+000
  7.8000245e+000  1.0000000e+000
  7.8300242e+000  1.0000000e+000
  7.8600249e+000  1.0000000e+000
  7.8900247e+000  1.0000000e+000
  7.9200253e+000  1.0000000e+000
  7.9500237e+000  1.0000000e+000
  7.9800243e+000  1.0000000e+000
  8.0100231e+000  1.0000000e+000
  8.0400238e+000  1.0000000e+000
  8.0700226e+000  1.0000000e+000
  8.1000233e+000  1.0000000e+000
  8.1300220e+000  1.0000000e+000
  8.1600227e+000  1.0000000e+000
  8.1900215e+000  1.0000000e+000
  8.2200222e+000  1.0000000e+000
  8.2500210e+000  1.0000000e+000
  8.2800217e+000  1.0000000e+000
  8.3100204e+000  1.0000000e+000
  8.3400211e+000  1.0000000e+000
  8.3700199e+000  1.0000000e+000
  8.4000206e+000  1.0000000e+000
  8.4300194e+000  1.0000000e+000
  8.4600201e+000  1.0000000e+000
  8.4900188e+000  1.0000000e+000
  8.5200195e+000  1.0000000e+000
  8.5500183e+000  1.0000000e+000
  8.5800190e+000  1.0000000e+000
  8.6100178e+000  1.0000000e+000
  8.6400185e+000  1.0000000e+000
  8.6700172e+000  1.0000000e+000
  8.7000179e+000  1.0000000e+000
  8.7300167e+000  1.0000000e+000
  8.7600174e+000  1.0000000e+000
  8.7900162e+000  1.0000000e+000
  8.8200169e+000  1.0000000e+000
  8.8500156e+000  1.0000000e+000
  8.8800163e+000  1.0000000e+000
  8.9100151e+000  1.0000000e+000
  8.9400158e+000  1.0000000e+000
  8.9700146e+000  1.0000000e+000
  9.0000153e+000  1.0000000e+000
  9.0300140e+000  1.0000000e+000
  9.0600147e+000  1.0000000e+000
  9.0900135e+000  1.0000000e+000
  9.1200142e+000  1.0000000e+000
  9.1500130e+000  1.0000000e+000
  9.1800137e+000  1.0000000e+000
  9.2100124e+000  1.0000000e+000
  9.2400131e+000  1.0000000e+000
  9.2700119e+000  1.0000000e+000
  9.3000126e+000  1.0000000e+000
  9.3300114e+000  1.0000000e+000
  9.3600121e+000  1.0000000e+000
  9.3900108e+000  1.0000000e+000
  9.4200115e+000  1.0000000e+000
  9.4500103e+000  1.0000000e+000
  9.4800110e+000  1.0000000e+000
  9.5100098e+000  1.0000000e+000
  9.5400105e+000  1.0000000e+000
  9.5700092e+000  1.0000000e+000
  9.6000099e+000  1.0000000e+000
  9.6300087e+000  1.0000000e+000
  9.6600094e+000  1.0000000e+000
  9.6900082e+000  1.0000000e+000
  9.7200089e+000  1.0000000e+000
  9.7500076e+000  1.0000000e+000
  9.7800083e+000  1.0000000e+000
  9.8100071e+000  1.0000000e+000
  9.8400078e+000  1.0000000e+000
  9.8700066e+000  1.0000000e+000
  9.9000072e+000  1.0000000e+000
  9.9300060e+000  1.0000000e+000
  9.9600067e+000  1.0000000e+000
  9.9900055e+000  1.0000000e+000
  1.0020006e+001  1.0000000e+000
  1.0050005e+001  1.0000000e+000
  1.0080006e+001  1.0000000e+000
  1.0110004e+001  1.0000000e+000
  1.0140005e+001  1.0000000e+000
  1.0170004e+001  1.0000000e+000
  1.0200005e+001  1.0000000e+000
  1.0230003e+001  1.0000000e+000
  1.0260004e+001  1.0000000e+000
  1.0290003e+001  1.0000000e+000
  1.0320004e+001  1.0000000e+000
  1.0350002e+001  1.0000000e+000
  1.0380003e+001  1.0000000e+000
  1.0410002e+001  1.0000000e+000
  1.0440002e+001  1.0000000e+000
  1.0470001e+001  1.0000000e+000
  1.0500002e+001  1.0000000e+000
  1.0530001e+001  1.0000000e+000
  1.0560001e+001  1.0000000e+000
  1.0590000e+001  1.0000000e+000
  1.0620001e+001  1.0000000e+000
  1.0650000e+001  1.0000000e+000
  1.0680000e+001  1.0000000e+000
  1.0709999e+001  1.0000000e+000
  1.0740000e+001  1.0000000e+000
  1.0769999e+001  1.0000000e+000
  1.0799999e+001  1.0000000e+000
  1.0829998e+001  1.0000000e+000
  1.0859999e+001  1.0000000e+000
  1.0889997e+001  1.0000000e+000
  1.0919998e+001  1.0000000e+000
  1.0949997e+001  1.0000000e+000
  1.0979998e+001  1.0000000e+000
  1.1009996e+001  1.0000000e+000
  1.1039997e+001  1.0000000e+000
  1.1069996e+001  1.0000000e+000
  1.1099997e+001  1.0000000e+000
  1.1129995e+001  1.0000000e+000
  1.1159996e+001  1.0000000e+000
  1.1189995e+001  1.0000000e+000
  1.1219995e+001  1.0000000e+000
  1.1249994e+001  1.0000000e+000
  1.1279995e+001  1.0000000e+000
  1.1309994e+001  1.0000000e+000
  1.1339994e+001  1.0000000e+000
  1.1369993e+001  1.0000000e+000
  1.1399994e+001  1.0000000e+000
  1.1429993e+001  1.0000000e+000
  1.1459993e+001  1.0000000e+000
  1.1489992e+001  1.0000000e+000
  1.1519993e+001  1.0000000e+000
  1.1549992e+001  1.0000000e+000
  1.1579992e+001  1.0000000e+000
  1.1609991e+001  1.0000000e+000
  1.1639992e+001  1.0000000e+000
  1.1669991e+001  1.0000000e+000
  1.1699991e+001  1.0000000e+000
  1.1729990e+001  1.0000000e+000
  1.1759991e+001  1.0000000e+000
  1.1789989e+001  1.0000000e+000
  1.1819990e+001  1.0000000e+000
  1.1849989e+001  1.0000000e+000
  1.1879990e+001  1.0000000e+000
  1.1909988e+001  1.0000000e+000
  1.1939989e+001  1.0000000e+000
  1.1969988e+001  1.0000000e+000
  1.1999989e+001  1.0000000e+000
  1.2029987e+001  1.0000000e+000
  1.2059988e+001  1.0000000e+000
  1.2089987e+001  1.0000000e+000
  1.2119987e+001  1.0000000e+000
  1.2149986e+001  1.0000000e+000
  1.2179987e+001  1.0000000e+000
  1.2209986e+001  1.0000000e+000
  1.2239986e+001  1.0000000e+000
  1.2269985e+001  1.0000000e+000
  1.2299986e+001  1.0000000e+000
  1.2329985e+001  1.0000000e+000
  1.2359985e+001  1.0000000e+000
  1.2389984e+001  1.0000000e+000
  1.2419985e+001  1.0000000e+000
  1.2449984e+001  1.0000000e+000
  1.2479984e+001  1.0000000e+000
  1.2509983e+001  1.0000000e+000
  1.2539984e+001  1.0000000e+000
  1.2569983e+001  1.0000000e+000
  1.2599983e+001  1.0000000e+000
  1.2629982e+001  1.0000000e+000
  1.2659983e+001  1.0000000e+000
  1.2689981e+001  1.0000000e+000
  1.2719982e+001  1.0000000e+000
  1.2749981e+001  1.0000000e+000
  1.2779982e+001  1.0000000e+000
  1.2809980e+001  1.0000000e+000
  1.2839981e+001  1.0000000e+000
  1.2869980e+001  1.0000000e+000
  1.2899981e+001  1.0000000e+000
  1.2929979e+001  1.0000000e+000
  1.2959980e+001  1.0000000e+000
  1.2989979e+001  1.0000000e+000
  1.3019979e+001  1.0000000e+000
  1.3049978e+001  1.0000000e+000
  1.3079979e+001  1.0000000e+000
  1.3109978e+001  1.0000000e+000
  1.3139978e+001  1.0000000e+000
  1.3169977e+001  1.0000000e+000
  1.3199978e+001  1.0000000e+000
  1.3229977e+001  1.0000000e+000
  1.3259977e+001  1.0000000e+000
  1.3289976e+001  1.0000000e+000
  1.3319977e+001  1.0000000e+000
  1.3349976e+001  1.0000000e+000
  1.3379976e+001  1.0000000e+000
  1.3409975e+001  1.0000000e+000
  1.3439976e+001  1.0000000e+000
  1.3469975e+001  1.0000000e+000
  1.3499975e+001  1.0000000e+000
  1.3529974e+001  1.0000000e+000
  1.3559975e+001  1.0000000e+000
  1.3589973e+001  1.0000000e+000
  1.3619974e+001  1.0000000e+000
  1.3649973e+001  1.0000000e+000
  1.3679974e+001  1.0000000e+000
  1.3709972e+001  1.0000000e+000
  1.3739973e+001  1.0000000e+000
  1.3769972e+001  1.0000000e+000
  1.3799973e+001  1.0000000e+000
  1.3829971e+001  1.0000000e+000
  1.3859972e+001  1.0000000e+000
  1.3889971e+001  1.0000000e+000
  1.3919971e+001  1.0000000e+000
  1.3949970e+001  1.0000000e+000
  1.3979971e+001  1.0000000e+000
  1.4009970e+001  1.0000000e+000
  1.4039970e+001  1.0000000e+000
  1.4069969e+001  1.0000000e+000
  1.4099970e+001  1.0000000e+000
  1.4129969e+001  1.0000000e+000
  1.4159969e+001  1.0000000e+000
  1.4189968e+001  1.0000000e+000
  1.4219969e+001  1.0000000e+000
  1.4249968e+001  1.0000000e+000
  1.4279968e+001  1.0000000e+000
  1.4309967e+001  1.0000000e+000
  1.4339968e+001  1.0000000e+000
  1.4369967e+001  1.0000000e+000
  1.4399967e+001  1.0000000e+000
  1.4429966e+001  1.0000000e+000
  1.4459967e+001  1.0000000e+000
  1.4489965e+001  1.0000000e+000
  1.4519966e+001  1.0000000e+000
  1.4549965e+001  1.0000000e+000
  1.4579966e+001  1.0000000e+000
  1.4609964e+001  1.0000000e+000
  1.4639965e+001  1.0000000e+000
  1.4669964e+001  1.0000000e+000
  1.4699965e+001  1.0000000e+000
  1.4729963e+001  1.0000000e+000
  1.4759964e+001  1.0000000e+000
  1.4789963e+001  1.0000000e+000
  1.4819963e+001  1.0000000e+000
  1.4849962e+001  1.0000000e+000
  1.4879963e+001  1.0000000e+000
  1.4909962e+001  1.0000000e+000
  1.4939962e+001  1.0000000e+000
  1.4969961e+001  1.0000000e+000
  1.4999962e+001  1.0000000e+000
  1.5029961e+001  1.0000000e+000
  1.5059961e+001  1.0000000e+000
  1.5089960e+001  1.0000000e+000
  1.5119961e+001  1.0000000e+000
  1.5149960e+001  1.0000000e+000
  1.5179960e+001  1.0000000e+000
  1.5209959e+001  1.0000000e+000
  1.5239960e+001  1.0000000e+000
  1.5269958e+001  1.0000000e+000
  1.5299959e+001  1.0000000e+000
  1.5329958e+001  1.0000000e+000
  1.5359959e+001  1.0000000e+000
  1.5389957e+001  1.0000000e+000
  1.5419958e+001  1.0000000e+000
  1.5449957e+001  1.0000000e+000
  1.5479958e+001  1.0000000e+000
  1.5509956e+001  1.0000000e+000
  1.5539957e+001  1.0000000e+000
  1.5569956e+001  1.0000000e+000
  1.5599957e+001  1.0000000e+000
  1.5629955e+001  1.0000000e+000
  1.5659956e+001  1.0000000e+000
  1.5689955e+001  1.0000000e+000
  1.5719955e+001  1.0000000e+000
  1.5749954e+001  1.0000000e+000
  1.5779955e+001  1.0000000e+000
  1.5809954e+001  1.0000000e+000
  1.5839954e+001  1.0000000e+000
  1.5869953e+001  1.0000000e+000
  1.5899954e+001  1.0000000e+000
  1.5929955e+001  1.0000000e+000
  1.5959954e+001  1.0000000e+000
  1.5989957e+001  1.0000000e+000
  1.6019955e+001  1.0000000e+000
  1.6049957e+001  1.0000000e+000
  1.6079956e+001  1.0000000e+000
  1.6109959e+001  1.0000000e+000
  1.6139957e+001  1.0000000e+000
  1.6169960e+001  1.0000000e+000
  1.6199959e+001  1.0000000e+000
  1.6229961e+001  1.0000000e+000
  1.6259960e+001  1.0000000e+000
  1.6289963e+001  1.0000000e+000
  1.6319962e+001  1.0000000e+000
  1.6349964e+001  1.0000000e+000
  1.6379963e+001  1.0000000e+000
  1.6409966e+001  1.0000000e+000
  1.6439964e+001  1.0000000e+000
  1.6469967e+001  1.0000000e+000
  1.6499966e+001  1.0000000e+000
  1.6529968e+001  1.0000000e+000
  1.6559967e+001  1.0000000e+000
  1.6589970e+001  1.0000000e+000
  1.6619968e+001  1.0000000e+000
  1.6649971e+001  1.0000000e+000
  1.6679970e+001  1.0000000e+000
  1.6709972e+001  1.0000000e+000
  1.6739971e+001  1.0000000e+000
  1.6769974e+001  1.0000000e+000
  1.6799973e+001  1.0000000e+000
  1.6829975e+001  1.0000000e+000
  1.6859974e+001  1.0000000e+000
  1.6889977e+001  1.0000000e+000
  1.6919975e+001  1.0000000e+000
  1.6949978e+001  1.0000000e+000
  1.6979977e+001  1.0000000e+000
  1.7009979e+001  1.0000000e+000
  1.7039978e+001  1.0000000e+000
  1.7069981e+001  1.0000000e+000
  1.7099979e+001  1.0000000e+000
  1.7129982e+001  1.0000000e+000
  1.7159981e+001  1.0000000e+000
  1.7189983e+001  1.0000000e+000
  1.7219982e+001  1.0000000e+000
  1.7249985e+001  1.0000000e+000
  1.7279984e+001  1.0000000e+000
  1.7309986e+001  1.0000000e+000
  1.7339985e+001  1.0000000e+000
  1.7369987e+001  1.0000000e+000
  1.7399986e+001  1.0000000e+000
  1.7429989e+001  1.0000000e+000
  1.7459988e+001  1.0000000e+000
  1.7489990e+001  1.0000000e+000
  1.7519989e+001  1.0000000e+000
  1.7549992e+001  1.0000000e+000
  1.7579990e+001  1.0000000e+000
  1.7609993e+001  1.0000000e+000
  1.7639992e+001  1.0000000e+000
  1.7669994e+001  1.0000000e+000
  1.7699993e+001  1.0000000e+000
  1.7729996e+001  1.0000000e+000
  1.7759995e+001  1.0000000e+000
  1.7789997e+001  1.0000000e+000
  1.7819996e+001  1.0000000e+000
  1.7849998e+001  1.0000000e+000
  1.7879997e+001  1.0000000e+000
  1.7910000e+001  1.0000000e+000
  1.7939999e+001  1.0000000e+000
  1.7970001e+001  1.0000000e+000
  1.8000000e+001  1.0000000e+000
  1.8030003e+001  1.0000000e+000
  1.8060001e+001  1.0000000e+000
  1.8090004e+001  1.0000000e+000
  1.8120003e+001  1.0000000e+000
  1.8150005e+001  1.0000000e+000
  1.8180004e+001  1.0000000e+000
  1.8210007e+001  1.0000000e+000
  1.8240005e+001  1.0000000e+000
  1.8270008e+001  1.0000000e+000
  1.8300007e+001  1.0000000e+000
  1.8330009e+001  1.0000000e+000
  1.8360008e+001  1.0000000e+000
  1.8390011e+001  1.0000000e+000
  1.8420010e+001  1.0000000e+000
  1.8450012e+001  1.0000000e+000
  1.8480011e+001  1.0000000e+000
  1.8510014e+001  1.0000000e+000
  1.8540012e+001  1.0000000e+000
  1.8570015e+001  1.0000000e+000
  1.8600014e+001  1.0000000e+000
  1.8630016e+001  1.0000000e+000
  1.8660015e+001  1.0000000e+000
  1.8690018e+001  1.0000000e+000
  1.8720016e+001  1.0000000e+000
  1.8750019e+001  1.0000000e+000
  1.8780018e+001  1.0000000e+000
  1.8810020e+001  1.0000000e+000
  1.8840019e+001  1.0000000e+000
  1.8870022e+001  1.0000000e+000
  1.8900021e+001  1.0000000e+000
  1.8930023e+001  1.0000000e+000
  1.8960022e+001  1.0000000e+000
  1.8990025e+001  1.0000000e+000
  1.9020023e+001  1.0000000e+000
  1.9050026e+001  1.0000000e+000
  1.9080025e+001  1.0000000e+000
  1.9110027e+001  1.0000000e+000
  1.9140026e+001  1.0000000e+000
  1.9170029e+001  1.0000000e+000
  1.9200027e+001  1.0000000e+000
  1.9230030e+001  1.0000000e+000
  1.9260029e+001  1.0000000e+000
  1.9290031e+001  1.0000000e+000
  1.9320030e+001  1.0000000e+000
  1.9350033e+001  1.0000000e+000
  1.9380032e+001  1.0000000e+000
  1.9410034e+001  1.0000000e+000
  1.9440033e+001  1.0000000e+000
  1.9470036e+001  1.0000000e+000
  1.9500034e+001  1.0000000e+000
  1.9530037e+001  1.0000000e+000
  1.9560036e+001  1.0000000e+000
  1.9590038e+001  1.0000000e+000
  1.9620037e+001  1.0000000e+000
  1.9650040e+001  1.0000000e+000
  1.9680038e+001  1.0000000e+000
  1.9710041e+001  1.0000000e+000
  1.9740040e+001  1.0000000e+000
  1.9770042e+001  1.0000000e+000
  1.9800041e+001  1.0000000e+000
  1.9830044e+001  1.0000000e+000
  1.9860043e+001  1.0000000e+000
  1.9890045e+001  1.0000000e+000
  1.9920044e+001  1.0000000e+000
  1.9950047e+001  1.0000000e+000
  1.9980045e+001  1.0000000e+000
  2.0010048e+001  1.0000000e+000
  2.0040047e+001  1.0000000e+000
  2.0070049e+001  1.0000000e+000
  2.0100048e+001  1.0000000e+000
  2.0130051e+001  1.0000000e+000
  2.0160049e+001  1.0000000e+000
  2.0190052e+001  1.0000000e+000
  2.0220051e+001  1.0000000e+000
  2.0250053e+001  1.0000000e+000
  2.0280052e+001  1.0000000e+000
  2.0310055e+001  1.0000000e+000
  2.0340054e+001  1.0000000e+000
  2.0370056e+001  1.0000000e+000
  2.0400055e+001  1.0000000e+000
  2.0430058e+001  1.0000000e+000
  2.0460056e+001  1.0000000e+000
  2.0490059e+001  1.0000000e+000
  2.0520058e+001  1.0000000e+000
  2.0550060e+001  1.0000000e+000
  2.0580059e+001  1.0000000e+000
  2.0610062e+001  1.0000000e+000
  2.0640060e+001  1.0000000e+000
  2.0670063e+001  1.0000000e+000
  2.0700062e+001  1.0000000e+000
  2.0730064e+001  1.0000000e+000
  2.0760063e+001  1.0000000e+000
  2.0790066e+001  1.0000000e+000
  2.0820065e+001  1.0000000e+000
  2.0850067e+001  1.0000000e+000
  2.0880066e+001  1.0000000e+000
  2.0910069e+001  1.0000000e+000
  2.0940067e+001  1.0000000e+000
  2.0970070e+001  1.0000000e+000
  2.1000069e+001  1.0000000e+000
  2.1030071e+001  1.0000000e+000
  2.1060070e+001  1.0000000e+000
  2.1090073e+001  1.0000000e+000
  2.1120071e+001  1.0000000e+000
  2.1150074e+001  1.0000000e+000
  2.1180073e+001  1.0000000e+000
  2.1210075e+001  1.0000000e+000
  2.1240074e+001  1.0000000e+000
  2.1270077e+001  1.0000000e+000
  2.1300076e+001  1.0000000e+000
  2.1330078e+001  1.0000000e+000
  2.1360077e+001  1.0000000e+000
  2.1390079e+001  1.0000000e+000
  2.1420078e+001  1.0000000e+000
  2.1450081e+001  1.0000000e+000
  2.1480080e+001  1.0000000e+000
  2.1510082e+001  1.0000000e+000
  2.1540081e+001  1.0000000e+000
  2.1570084e+001  1.0000000e+000
  2.1600082e+001  1.0000000e+000
  2.1630085e+001  1.0000000e+000
  2.1660084e+001  1.0000000e+000
  2.1690086e+001  1.0000000e+000
  2.1720085e+001  1.0000000e+000
  2.1750088e+001  1.0000000e+000
  2.1780087e+001  1.0000000e+000
  2.1810089e+001  1.0000000e+000
  2.1840088e+001  1.0000000e+000
  2.1870090e+001  1.0000000e+000
  2.1900089e+001  1.0000000e+000
  2.1930092e+001  1.0000000e+000
  2.1960091e+001  1.0000000e+000
  2.1990093e+001  1.0000000e+000
  2.2020092e+001  1.0000000e+000
  2.2050095e+001  1.0000000e+000
  2.2080093e+001  1.0000000e+000
  2.2110096e+001  1.0000000e+000
  2.2140095e+001  1.0000000e+000
  2.2170097e+001  1.0000000e+000
  2.2200096e+001  1.0000000e+000
  2.2230099e+001  1.0000000e+000
  2.2260098e+001  1.0000000e+000
  2.2290100e+001  1.0000000e+000
  2.2320099e+001  1.0000000e+000
  2.2350101e+001  1.0000000e+000
  2.2380100e+001  1.0000000e+000
  2.2410103e+001  1.0000000e+000
  2.2440102e+001  1.0000000e+000
  2.2470104e+001  1.0000000e+000
  2.2500103e+001  1.0000000e+000
  2.2530106e+001  1.0000000e+000
  2.2560104e+001  1.0000000e+000
  2.2590107e+001  1.0000000e+000
  2.2620106e+001  1.0000000e+000
  2.2650108e+001  1.0000000e+000
  2.2680107e+001  1.0000000e+000
  2.2710110e+001  1.0000000e+000
  2.2740108e+001  1.0000000e+000
  2.2770111e+001  1.0000000e+000
  2.2800110e+001  1.0000000e+000
  2.2830112e+001  1.0000000e+000
  2.2860111e+001  1.0000000e+000
  2.2890114e+001  1.0000000e+000
  2.2920113e+001  1.0000000e+000
  2.2950115e+001  1.0000000e+000
  2.2980114e+001  1.0000000e+000
  2.3010117e+001  1.0000000e+000
  2.3040115e+001  1.0000000e+000
  2.3070118e+001  1.0000000e+000
  2.3100117e+001  1.0000000e+000
  2.3130119e+001  1.0000000e+000
  2.3160118e+001  1.0000000e+000
  2.3190121e+001  1.0000000e+000
  2.3220119e+001  1.0000000e+000
  2.3250122e+001  1.0000000e+000
  2.3280121e+001  1.0000000e+000
  2.3310123e+001  1.0000000e+000
  2.3340122e+001  1.0000000e+000
  2.3370125e+001  1.0000000e+000
  2.3400124e+001  1.0000000e+000
  2.3430126e+001  1.0000000e+000
  2.3460125e+001  1.0000000e+000
  2.3490128e+001  1.0000000e+000
  2.3520126e+001  1.0000000e+000
  2.3550129e+001  1.0000000e+000
  2.3580128e+001  1.0000000e+000
  2.3610130e+001  1.0000000e+000
  2.3640129e+001  1.0000000e+000
  2.3670132e+001  1.0000000e+000
  2.3700130e+001  1.0000000e+000
  2.3730133e+001  1.0000000e+000
  2.3760132e+001  1.0000000e+000
  2.3790134e+001  1.0000000e+000
  2.3820133e+001  1.0000000e+000
  2.3850136e+001  1.0000000e+000
  2.3880135e+001  1.0000000e+000
  2.3910137e+001  1.0000000e+000
  2.3940136e+001  1.0000000e+000
  2.3970139e+001  1.0000000e+000
  2.4000137e+001  1.0000000e+000
  2.4030140e+001  1.0000000e+000
  2.4060139e+001  1.0000000e+000
  2.4090141e+001  1.0000000e+000
  2.4120140e+001  1.0000000e+000
  2.4150143e+001  1.0000000e+000
  2.4180141e+001  1.0000000e+000
  2.4210144e+001  1.0000000e+000
  2.4240143e+001  1.0000000e+000
  2.4270145e+001  1.0000000e+000
  2.4300144e+001  1.0000000e+000
  2.4330147e+001  1.0000000e+000
  2.4360146e+001  1.0000000e+000
  2.4390148e+001  1.0000000e+000
  2.4420147e+001  1.0000000e+000
  2.4450150e+001  1.0000000e+000
  2.4480148e+001  1.0000000e+000
  2.4510151e+001  1.0000000e+000
  2.4540150e+001  1.0000000e+000
  2.4570152e+001  1.0000000e+000
  2.4600151e+001  1.0000000e+000
  2.4630154e+001  1.0000000e+000
  2.4660152e+001  1.0000000e+000
  2.4690155e+001  1.0000000e+000
  2.4720154e+001  1.0000000e+000
  2.4750156e+001  1.0000000e+000
  2.4780155e+001  1.0000000e+000
  2.4810158e+001  1.0000000e+000
  2.4840157e+001  1.0000000e+000
  2.4870159e+001  1.0000000e+000
  2.4900158e+001  1.0000000e+000
  2.4930161e+001  1.0000000e+000
  2.4960159e+001  1.0000000e+000
  2.4990162e+001  1.0000000e+000
  2.5020161e+001  1.0000000e+000
  2.5050163e+001  1.0000000e+000
  2.5080162e+001  1.0000000e+000
  2.5110165e+001  1.0000000e+000
  2.5140163e+001  1.0000000e+000
  2.5170166e+001  1.0000000e+000
  2.5200165e+001  1.0000000e+000
  2.5230167e+001  1.0000000e+000
  2.5260166e+001  1.0000000e+000
  2.5290169e+001  1.0000000e+000
  2.5320168e+001  1.0000000e+000
  2.5350170e+001  1.0000000e+000
  2.5380169e+001  1.0000000e+000
  2.5410172e+001  1.0000000e+000
  2.5440170e+001  1.0000000e+000
  2.5470173e+001  1.0000000e+000
  2.5500172e+001  1.0000000e+000
  2.5530174e+001  1.0000000e+000
  2.5560173e+001  1.0000000e+000
  2.5590176e+001  1.0000000e+000
  2.5620174e+001  1.0000000e+000
  2.5650177e+001  1.0000000e+000
  2.5680176e+001  1.0000000e+000
  2.5710178e+001  1.0000000e+000
  2.5740177e+001  1.0000000e+000
  2.5770180e+001  1.0000000e+000
  2.5800179e+001  1.0000000e+000
  2.5830181e+001  1.0000000e+000
  2.5860180e+001  1.0000000e+000
  2.5890182e+001  1.0000000e+000
  2.5920181e+001  1.0000000e+000
  2.5950184e+001  1.0000000e+000
  2.5980183e+001  1.0000000e+000
  2.6010185e+001  1.0000000e+000
  2.6040184e+001  1.0000000e+000
  2.6070187e+001  1.0000000e+000
  2.6100185e+001  1.0000000e+000
  2.6130188e+001  1.0000000e+000
  2.6160187e+001  1.0000000e+000
  2.6190189e+001  1.0000000e+000
  2.6220188e+001  1.0000000e+000
  2.6250191e+001  1.0000000e+000
  2.6280190e+001  1.0000000e+000
  2.6310192e+001  1.0000000e+000
  2.6340191e+001  1.0000000e+000
  2.6370193e+001  1.0000000e+000
  2.6400192e+001  1.0000000e+000
  2.6430195e+001  1.0000000e+000
  2.6460194e+001  1.0000000e+000
  2.6490196e+001  1.0000000e+000
  2.6520195e+001  1.0000000e+000
  2.6550198e+001  1.0000000e+000
  2.6580196e+001  1.0000000e+000
  2.6610199e+001  1.0000000e+000
  2.6640198e+001  1.0000000e+000
  2.6670200e+001  1.0000000e+000
  2.6700199e+001  1.0000000e+000
  2.6730202e+001  1.0000000e+000
  2.6760201e+001  1.0000000e+000
  2.6790203e+001  1.0000000e+000
  2.6820202e+001  1.0000000e+000
  2.6850204e+001  1.0000000e+000
  2.6880203e+001  1.0000000e+000
  2.6910206e+001  1.0000000e+000
  2.6940205e+001  1.0000000e+000
  2.6970207e+001  1.0000000e+000
  2.7000206e+001  1.0000000e+000
  2.7030209e+001  1.0000000e+000
  2.7060207e+001  1.0000000e+000
  2.7090210e+001  1.0000000e+000
  2.7120209e+001  1.0000000e+000
  2.7150211e+001  1.0000000e+000
  2.7180210e+001  1.0000000e+000
  2.7210213e+001  1.0000000e+000
  2.7240211e+001  1.0000000e+000
  2.7270214e+001  1.0000000e+000
  2.7300213e+001  1.0000000e+000
  2.7330215e+001  1.0000000e+000
  2.7360214e+001  1.0000000e+000
  2.7390217e+001  1.0000000e+000
  2.7420216e+001  1.0000000e+000
  2.7450218e+001  1.0000000e+000
  2.7480217e+001  1.0000000e+000
  2.7510220e+001  1.0000000e+000
  2.7540218e+001  1.0000000e+000
  2.7570221e+001  1.0000000e+000
  2.7600220e+001  1.0000000e+000
  2.7630222e+001  1.0000000e+000
  2.7660221e+001  1.0000000e+000
  2.7690224e+001  1.0000000e+000
  2.7720222e+001  1.0000000e+000
  2.7750225e+001  1.0000000e+000
  2.7780224e+001  1.0000000e+000
  2.7810226e+001  1.0000000e+000
  2.7840225e+001  1.0000000e+000
  2.7870228e+001  1.0000000e+000
  2.7900227e+001  1.0000000e+000
  2.7930229e+001  1.0000000e+000
  2.7960228e+001  1.0000000e+000
  2.7990231e+001  1.0000000e+000
  2.8020229e+001  1.0000000e+000
  2.8050232e+001  1.0000000e+000
  2.8080231e+001  1.0000000e+000
  2.8110233e+001  1.0000000e+000
  2.8140232e+001  1.0000000e+000
  2.8170235e+001  1.0000000e+000
  2.8200233e+001  1.0000000e+000
  2.8230236e+001  1.0000000e+000
  2.8260235e+001  1.0000000e+000
  2.8290237e+001  1.0000000e+000
  2.8320236e+001  1.0000000e+000
  2.8350239e+001  1.0000000e+000
  2.8380238e+001  1.0000000e+000
  2.8410240e+001  1.0000000e+000
  2.8440239e+001  1.0000000e+000
  2.8470242e+001  1.0000000e+000
  2.8500240e+001  1.0000000e+000
  2.8530243e+001  1.0000000e+000
  2.8560242e+001  1.0000000e+000
  2.8590244e+001  1.0000000e+000
  2.8620243e+001  1.0000000e+000
  2.8650246e+001  1.0000000e+000
  2.8680244e+001  1.0000000e+000
  2.8710247e+001  1.0000000e+000
  2.8740246e+001  1.0000000e+000
  2.8770248e+001  1.0000000e+000
  2.8800247e+001  1.0000000e+000
  2.8830250e+001  1.0000000e+000
  2.8860249e+001  1.0000000e+000
  2.8890251e+001  1.0000000e+000
  2.8920250e+001  1.0000000e+000
  2.8950253e+001  1.0000000e+000
  2.8980251e+001  1.0000000e+000
  2.9010254e+001  1.0000000e+000
  2.9040253e+001  1.0000000e+000
  2.9070255e+001  1.0000000e+000
  2.9100254e+001  1.0000000e+000
  2.9130257e+001  1.0000000e+000
  2.9160255e+001  1.0000000e+000
  2.9190258e+001  1.0000000e+000
  2.9220257e+001  1.0000000e+000
  2.9250259e+001  1.0000000e+000
  2.9280258e+001  1.0000000e+000
  2.9310261e+001  1.0000000e+000
  2.9340260e+001  1.0000000e+000
  2.9370262e+001  1.0000000e+000
  2.9400261e+001  1.0000000e+000
  2.9430264e+001  1.0000000e+000
  2.9460262e+001  1.0000000e+000
  2.9490265e+001  1.0000000e+000
  2.9520264e+001  1.0000000e+000
  2.9550266e+001  1.0000000e+000
  2.9580265e+001  1.0000000e+000
  2.9610268e+001  1.0000000e+000
  2.9640266e+001  1.0000000e+000
  2.9670269e+001  1.0000000e+000
  2.9700268e+001  1.0000000e+000
  2.9730270e+001  1.0000000e+000
  2.9760269e+001  1.0000000e+000
  2.9790272e+001  1.0000000e+000
  2.9820271e+001  1.0000000e+000
  2.9850273e+001  1.0000000e+000
  2.9880272e+001  1.0000000e+000
  2.9910275e+001  1.0000000e+000
  2.9940273e+001  1.0000000e+000
  2.9970276e+001  1.0000000e+000
