41.1147 40.3683 0.09193
41.0785 40.3441 0.08575
41.0906 40.3683 0.08542
41.0785 40.3924 0.08508
41.1147 40.3562 0.08504
41.0422 40.3683 0.08491
41.0785 40.3803 0.08494
41.0664 40.3562 0.08497
41.0906 40.3562 0.08487
41.0422 40.3200 0.08484
41.0664 40.3803 0.08484
41.0785 40.3803 0.08480
41.0422 40.3562 0.08514
41.0422 40.3320 0.08460
41.0060 40.3683 0.08521
41.0422 40.3200 0.08508
41.0301 40.3320 0.08467
41.0301 40.3562 0.08467
41.0664 40.3200 0.08464
41.0180 40.3200 0.08514
41.0301 40.3441 0.08491
41.0664 40.3441 0.08497
41.0422 40.3320 0.08450
41.0180 40.2958 0.08480
41.0060 40.3320 0.08521
41.0180 40.3441 0.08542
41.0543 40.3441 0.08497
41.0301 40.3079 0.08504
41.0180 40.3441 0.08521
41.0180 40.3441 0.08494
41.0664 40.3441 0.08453
41.0301 40.3079 0.08426
41.0180 40.3562 0.08548
41.0180 40.3562 0.08494
41.0664 40.3683 0.08477
41.0180 40.3200 0.08453
40.9939 40.3079 0.08569
41.0422 40.3441 0.08572
41.0180 40.3562 0.08528
41.0422 40.3200 0.08470
40.9939 40.2958 0.08491
41.0180 40.3320 0.08521
41.0301 40.3441 0.08504
41.0543 40.3683 0.08447
41.0422 40.3079 0.08457
40.9939 40.3562 0.08531
41.0180 40.3562 0.08508
41.0301 40.3562 0.08474
41.0180 40.3200 0.08464
40.9576 40.2958 0.08514
41.0060 40.3441 0.08487
41.0301 40.3562 0.08511
41.0543 40.3562 0.08464
41.0180 40.3441 0.08436
41.0060 40.3320 0.08521
41.0301 40.3683 0.08531
41.0301 40.3683 0.08477
41.0180 40.3441 0.08453
41.0180 40.3200 0.08457
40.9818 40.3320 0.08525
41.0060 40.3803 0.08484
41.0180 40.3924 0.08447
41.0301 40.3562 0.08447
41.0060 40.3200 0.08447
41.0180 40.3562 0.08525
41.0180 40.3924 0.08484
41.0785 40.4045 0.08464
41.0422 40.3441 0.08409
40.8247 40.2234 0.08480
41.0301 40.3200 0.08538
41.0422 40.4045 0.08494
41.0301 40.4045 0.08464
41.0422 40.3441 0.08436
40.9697 40.3079 0.08470
41.0060 40.3803 0.08518
41.0180 40.3683 0.08494
41.0422 40.4165 0.08467
41.0664 40.3562 0.08453
40.9576 40.3200 0.08464
41.0180 40.3562 0.08569
41.0422 40.3683 0.08494
41.0422 40.3683 0.08460
41.0180 40.3200 0.08450
40.9939 40.2958 0.08501
41.0060 40.3683 0.08494
41.0301 40.3562 0.08467
41.0785 40.4165 0.08453
41.0422 40.3441 0.08440
40.9818 40.3200 0.08467
41.0180 40.3562 0.08497
41.0422 40.4045 0.08477
41.0906 40.4165 0.08453
41.0785 40.3683 0.08447
41.0301 40.3200 0.08419
41.0060 40.3562 0.08508
41.0422 40.3803 0.08470
41.0422 40.3683 0.08447
41.0301 40.3562 0.08453
41.0422 40.3441 0.08450
40.9939 40.3683 0.08497
41.0180 40.3803 0.08477
41.0664 40.3803 0.08464
41.0060 40.3924 0.08443
41.0301 40.3320 0.08467
40.9818 40.3803 0.08514
41.0664 40.4045 0.08494
41.0422 40.4165 0.08450
41.0180 40.3683 0.08447
41.0301 40.3320 0.08470
41.0060 40.3562 0.08525
41.0301 40.3683 0.08501
41.0180 40.4165 0.08477
41.0664 40.3683 0.08457
41.0301 40.3200 0.08464
41.0180 40.3200 0.08484
41.0180 40.3924 0.08480
41.0664 40.4165 0.08474
41.1147 40.4165 0.08480
41.0422 40.3803 0.08457
41.0301 40.3441 0.08440
41.0422 40.3803 0.08518
41.0180 40.4045 0.08497
41.0422 40.4286 0.08464
41.0664 40.3924 0.08450
41.0422 40.3441 0.08457
41.0060 40.3441 0.08518
41.0664 40.4045 0.08491
41.0422 40.4286 0.08504
41.1026 40.4165 0.08453
41.0543 40.3562 0.08460
41.0301 40.3320 0.08474
41.0422 40.3562 0.08514
41.0422 40.3562 0.08491
41.0664 40.4286 0.08467
41.0664 40.4165 0.08457
41.0664 40.3683 0.08450
41.0180 40.3441 0.08504
41.0301 40.3803 0.08511
41.0664 40.4045 0.08491
41.0906 40.4045 0.08453
41.0664 40.3803 0.08464
41.0664 40.3562 0.08464
41.0422 40.4165 0.08521
41.0785 40.4045 0.08484
41.0906 40.4528 0.08464
41.0422 40.4165 0.08477
41.0785 40.3683 0.08470
41.0180 40.3441 0.08521
41.0301 40.4286 0.08501
41.0422 40.4407 0.08487
41.1026 40.4648 0.08470
41.0785 40.3683 0.08464
41.0543 40.3441 0.08460
41.0422 40.3924 0.08525
41.0664 40.3924 0.08491
41.0422 40.4286 0.08457
41.1268 40.4045 0.08447
41.0785 40.3924 0.08433
41.0180 40.3200 0.08487
41.0301 40.3803 0.08542
41.0906 40.4407 0.08497
41.1389 40.4286 0.08477
41.0785 40.4045 0.08464
41.0785 40.3562 0.08467
41.0422 40.3562 0.08545
41.0422 40.4407 0.08501
41.0906 40.4165 0.08457
41.0906 40.3924 0.08453
41.0785 40.3924 0.08467
41.0060 40.3079 0.08474
41.0664 40.3924 0.08535
41.0422 40.4045 0.08497
41.0785 40.4528 0.08491
41.0906 40.3924 0.08453
41.0664 40.3803 0.08450
41.0180 40.3562 0.08531
41.0785 40.3803 0.08538
41.0906 40.4165 0.08508
41.1389 40.4407 0.08447
41.0906 40.4165 0.08484
41.0785 40.3562 0.08457
41.0422 40.3924 0.08558
41.0664 40.4165 0.08521
41.0785 40.4286 0.08508
41.0785 40.4165 0.08464
41.0906 40.4165 0.08464
41.0180 40.3441 0.08514
41.0422 40.4165 0.08538
41.0906 40.4165 0.08504
41.0906 40.4407 0.08467
41.0906 40.4045 0.08480
41.0664 40.3562 0.08447
41.0664 40.3683 0.08545
41.0664 40.4286 0.08538
41.0906 40.4648 0.08504
41.1147 40.4528 0.08464
41.0906 40.4165 0.08464
41.0785 40.3562 0.08480
41.0180 40.4045 0.08548
41.0906 40.4528 0.08497
41.0664 40.4528 0.08464
41.0906 40.4165 0.08460
41.0664 40.3924 0.08453
41.0180 40.3200 0.08497
41.0543 40.4165 0.08511
41.0664 40.4528 0.08501
41.0906 40.4648 0.08467
41.1389 40.4045 0.08494
41.1147 40.3803 0.08474
41.0422 40.3562 0.08514
41.0785 40.4165 0.08525
41.0785 40.4407 0.08504
41.1389 40.4769 0.08470
41.1147 40.3924 0.08460
41.0785 40.3924 0.08467
41.0422 40.4045 0.08565
41.0906 40.4407 0.08528
41.0906 40.4890 0.08474
41.1268 40.4528 0.08457
41.1147 40.3683 0.08467
41.1026 40.3924 0.08474
41.0301 40.4286 0.08538
41.1147 40.4286 0.08504
41.1147 40.4648 0.08460
41.1147 40.4045 0.08477
41.0906 40.4045 0.08464
41.0664 40.3562 0.08528
41.0906 40.4286 0.08521
41.1147 40.4769 0.08508
41.1147 40.4528 0.08484
41.1147 40.4165 0.08477
41.0906 40.3924 0.08474
41.0422 40.3683 0.08538
41.1026 40.4165 0.08653
41.1389 40.4648 0.08833
41.1147 40.4165 0.08677
41.1147 40.3683 0.08647
41.0785 40.4045 0.08931
41.1631 40.4407 0.08660
41.1510 40.3803 0.08915
27.5420 30.4191 0.04768
27.8320 30.7572 0.04934
28.1584 31.0590 0.05042
28.5572 31.3488 0.05107
28.8110 31.6265 0.05171
29.1494 31.9042 0.05215
29.4395 32.1095 0.05300
29.7416 32.3993 0.05378
29.9955 32.6045 0.05432
30.2855 32.7977 0.05517
30.5635 33.0030 0.05568
30.8294 33.2082 0.05666
31.0711 33.4256 0.05680
31.3128 33.5463 0.05737
31.5425 33.7757 0.05822
31.7479 33.9327 0.05876
31.9655 34.0534 0.05907
32.1710 34.2346 0.06012
32.3643 34.3674 0.06056
32.5577 34.4881 0.06110
32.7269 34.6692 0.06171
32.9445 34.7537 0.06202
33.0774 34.9107 0.06202
33.2829 35.0073 0.06304
33.4400 35.1039 0.06327
33.5730 35.2005 0.06392
33.7301 35.3333 0.06436
33.8630 35.4299 0.06470
34.0201 35.5023 0.06507
34.1652 35.6231 0.06551
34.2498 35.7197 0.06605
34.4069 35.7801 0.06646
34.5399 35.8525 0.06670
34.6728 35.9129 0.06694
34.7937 36.0095 0.06755
34.8904 36.0940 0.06788
34.9870 36.1544 0.06816
35.1079 36.2147 0.06843
35.1804 36.2630 0.06904
35.2892 36.3475 0.06934
35.3980 36.3958 0.06934
35.4826 36.4441 0.06968
35.5672 36.5407 0.07022
35.6760 36.5528 0.07046
35.7485 36.6494 0.07046
35.8452 36.6856 0.07073
35.9298 36.7581 0.07114
35.9902 36.7822 0.07121
36.0506 36.8064 0.07148
36.1352 36.8788 0.07172
36.2077 36.9030 0.07158
36.2561 36.9271 0.07195
36.3407 36.9875 0.07229
36.4011 37.0599 0.07226
36.4374 37.0599 0.07290
36.5099 37.1082 0.07256
36.5462 37.1324 0.07267
36.6066 37.1565 0.07277
36.6670 37.2169 0.07300
36.7033 37.2531 0.07304
36.7758 37.2773 0.07351
36.8121 37.3014 0.07368
36.8725 37.3256 0.07389
36.9208 37.3738 0.07409
36.9692 37.4221 0.07409
37.0296 37.4342 0.07419
37.0296 37.4584 0.07446
37.0659 37.4704 0.07487
37.1263 37.4825 0.07463
37.1746 37.5067 0.07494
37.1988 37.5067 0.07480
37.2472 37.5550 0.07484
37.2834 37.5791 0.07504
37.3438 37.5791 0.07528
37.3076 37.6153 0.07551
37.3801 37.6516 0.07568
37.4164 37.6516 0.07538
37.4043 37.6757 0.07579
37.5131 37.7240 0.07602
37.4889 37.7119 0.07595
37.5493 37.7723 0.07589
37.5251 37.7602 0.07616
37.5977 37.7844 0.07643
37.5977 37.7964 0.07616
37.6460 37.8206 0.07633
37.6823 37.8447 0.07707
37.6702 37.8206 0.07670
37.7306 37.8447 0.07667
37.7064 37.8810 0.07684
37.7789 37.8689 0.07684
37.7548 37.8930 0.07653
37.8031 37.9172 0.07684
37.8031 37.9051 0.07684
37.8273 37.9413 0.07673
37.8877 37.9172 0.07711
37.8515 37.9896 0.07724
37.9119 37.9655 0.07741
37.9240 37.9896 0.07707
37.9240 37.9776 0.07728
37.9240 38.0259 0.07731
37.9723 37.9896 0.07755
37.9965 38.0017 0.07762
38.0086 38.0621 0.07762
38.0328 38.0379 0.07765
38.0328 38.0621 0.07775
38.0811 38.0621 0.07779
38.0932 38.0983 0.07775
38.1053 38.0862 0.07813
38.0569 38.0983 0.07792
38.1053 38.0983 0.07809
38.1174 38.0983 0.07779
38.1657 38.1345 0.07785
38.1536 38.1345 0.07772
38.1657 38.1224 0.07772
38.1657 38.1466 0.07707
38.1778 38.1345 0.07694
38.2141 38.1828 0.07680
38.2141 38.1707 0.07643
38.2503 38.1949 0.07599
38.2503 38.1828 0.07606
38.2745 38.1949 0.07589
38.2624 38.2190 0.07568
38.3107 38.1949 0.07562
38.2745 38.1828 0.07555
38.3107 38.2311 0.07572
38.3107 38.2673 0.07572
38.3228 38.2432 0.07592
38.3228 38.2432 0.07616
38.3349 38.2432 0.07623
38.3349 38.2794 0.07609
38.3591 38.2673 0.07606
38.4074 38.2915 0.07623
38.3591 38.2794 0.07575
38.3591 38.2915 0.07599
38.3953 38.2794 0.07616
38.4074 38.3036 0.07572
38.4074 38.3277 0.07572
38.4316 38.3277 0.07558
38.4316 38.2915 0.07595
38.4074 38.3277 0.07575
38.4558 38.3398 0.07558
38.4920 38.3156 0.07592
38.4679 38.3519 0.07609
38.4558 38.2915 0.07589
38.5041 38.3760 0.07606
38.5041 38.3760 0.07619
38.4920 38.3519 0.07653
38.5283 38.3639 0.07653
38.5041 38.3519 0.07619
38.5041 38.3398 0.07640
38.5041 38.3639 0.07585
38.5766 38.4122 0.07643
38.5162 38.3760 0.07626
38.5404 38.4122 0.07582
38.5645 38.4122 0.07595
38.5525 38.4243 0.07633
38.5645 38.3760 0.07643
38.5645 38.4364 0.07660
38.5887 38.4364 0.07633
38.5887 38.4243 0.07623
38.5887 38.4243 0.07619
38.6250 38.4243 0.07640
38.6008 38.4485 0.07657
38.6492 38.4726 0.07646
38.6371 38.4485 0.07650
38.6250 38.4364 0.07660
38.6250 38.4364 0.07704
38.6250 38.4726 0.07670
38.6492 38.4243 0.07677
38.6371 38.4847 0.07731
38.6129 38.4847 0.07728
38.6492 38.4726 0.07673
38.6492 38.4726 0.07724
38.6854 38.4847 0.07728
38.6612 38.4967 0.07738
38.6975 38.4847 0.07728
38.6733 38.4847 0.07711
38.7096 38.4847 0.07745
38.6975 38.5571 0.07724
38.6975 38.5209 0.07731
38.7096 38.5330 0.07704
38.7096 38.5450 0.07745
38.6975 38.5450 0.07741
38.7096 38.5209 0.07731
38.7096 38.5330 0.07745
38.7096 38.5330 0.07751
38.7338 38.5209 0.07751
38.7458 38.5209 0.07758
38.7217 38.5088 0.07765
38.7579 38.5450 0.07755
38.7700 38.5330 0.07755
38.7579 38.5450 0.07755
38.7458 38.5209 0.07731
38.7458 38.5571 0.07751
38.7700 38.5571 0.07748
38.7942 38.5571 0.07751
38.7700 38.5692 0.07768
38.7579 38.5571 0.07768
38.7579 38.5813 0.07762
38.7821 38.5571 0.07765
38.8304 38.5571 0.07775
38.7700 38.5813 0.07782
38.7942 38.5813 0.07802
38.7942 38.5692 0.07768
38.7942 38.5692 0.07792
38.8184 38.5692 0.07796
38.7942 38.5813 0.07816
38.8063 38.5933 0.07823
38.8304 38.5813 0.07850
38.8063 38.6175 0.07819
38.8425 38.5813 0.07785
38.8425 38.5813 0.07765
38.8184 38.6296 0.07809
38.8304 38.6175 0.07843
38.8304 38.6175 0.07850
38.8667 38.6054 0.07823
38.8546 38.6054 0.07853
38.8546 38.6296 0.07860
38.8425 38.6296 0.07840
38.8546 38.6054 0.07857
38.8546 38.6175 0.07806
38.8667 38.6296 0.07853
38.8546 38.6416 0.07853
38.8425 38.6175 0.07826
38.8546 38.6537 0.07796
38.8667 38.6658 0.07813
38.8425 38.6296 0.07840
38.8546 38.6658 0.07813
38.8909 38.6658 0.07823
38.8667 38.6658 0.07863
38.8909 38.6175 0.07829
38.9030 38.6658 0.07789
38.9030 38.6537 0.07802
38.9030 38.6416 0.07836
38.9030 38.6779 0.07823
38.9030 38.6899 0.07840
38.9030 38.6658 0.07840
38.8909 38.6537 0.07799
38.9392 38.6658 0.07846
38.9392 38.6779 0.07826
38.9150 38.6658 0.07829
38.9271 38.6779 0.07809
38.9513 38.6537 0.07826
38.9392 38.6658 0.07843
38.9271 38.6899 0.07857
38.9513 38.6899 0.07857
38.9513 38.6899 0.07836
38.9513 38.7262 0.07857
38.9634 38.6899 0.07877
38.9996 38.6658 0.07836
38.9634 38.6779 0.07853
38.9634 38.6779 0.07809
38.9876 38.7141 0.07870
38.9876 38.6658 0.07836
38.9634 38.6899 0.07819
38.9634 38.6899 0.07846
38.9513 38.6779 0.07890
38.9996 38.7141 0.07867
38.9755 38.7141 0.07857
39.0238 38.7141 0.07857
39.0117 38.7262 0.07853
38.9876 38.7503 0.07877
38.9755 38.7262 0.07846
38.9996 38.7141 0.07850
38.9876 38.7382 0.07836
39.0238 38.7020 0.07836
38.9996 38.7262 0.07863
38.9876 38.7262 0.07840
39.0117 38.7141 0.07819
39.0238 38.7503 0.07819
39.0117 38.7262 0.07867
38.9876 38.7141 0.07890
39.0238 38.7624 0.07877
39.0359 38.7624 0.07870
39.0480 38.7503 0.07904
39.0359 38.7262 0.07911
39.0117 38.7503 0.07907
39.0238 38.7503 0.07911
39.0722 38.7262 0.07860
39.0359 38.7503 0.07918
39.0117 38.7624 0.07924
39.0480 38.7503 0.07914
39.0480 38.7503 0.07874
39.0722 38.7503 0.07897
39.0480 38.7865 0.07897
39.0601 38.7745 0.07921
39.0359 38.7624 0.07887
39.0238 38.7503 0.07884
39.0601 38.7624 0.07948
39.0480 38.7624 0.07904
39.0601 38.7745 0.07901
39.0480 38.7624 0.07894
39.0480 38.7745 0.07907
39.0843 38.7624 0.07911
39.0480 38.7382 0.07907
39.0480 38.7745 0.07918
39.0480 38.7865 0.07904
39.0963 38.7986 0.07890
39.0601 38.7745 0.07887
39.0843 38.7745 0.07894
39.0843 38.7745 0.07890
39.0843 38.7745 0.07941
39.0963 38.7745 0.07914
39.0601 38.7865 0.07911
39.0963 38.7986 0.07907
39.0843 38.8107 0.07918
39.1326 38.8107 0.07907
39.0963 38.7986 0.07887
39.0843 38.8107 0.07924
39.1084 38.7865 0.07884
39.1084 38.7865 0.07928
39.0963 38.7986 0.07890
39.1084 38.8107 0.07907
39.0963 38.7986 0.07901
39.0963 38.8228 0.07887
39.1205 38.8228 0.07857
39.1205 38.8107 0.07884
39.1084 38.8107 0.07914
39.0843 38.8107 0.07918
39.1447 38.8348 0.07890
39.1084 38.8107 0.07894
39.1084 38.8348 0.07894
39.1326 38.8107 0.07924
39.1326 38.8348 0.07884
39.1447 38.8228 0.07914
39.1326 38.8228 0.07911
39.1447 38.8228 0.07931
39.1326 38.8348 0.07911
39.1568 38.8107 0.07921
39.1568 38.8228 0.07928
39.1447 38.7986 0.07914
39.1568 38.8107 0.07921
39.1447 38.8590 0.07890
39.1447 38.8228 0.07897
39.1447 38.8348 0.07907
39.1930 38.8710 0.07890
39.1809 38.8469 0.07884
39.1809 38.8107 0.07911
39.1568 38.8710 0.07911
39.1447 38.8469 0.07907
39.1809 38.8469 0.07918
39.1689 38.8590 0.07890
39.1568 38.8590 0.07935
39.1689 38.8710 0.07904
39.1809 38.8831 0.07918
39.1809 38.8710 0.07935
39.1689 38.8590 0.07952
39.1326 38.8348 0.07921
39.1809 38.8469 0.07928
39.1809 38.8590 0.07901
39.1689 38.8590 0.07918
39.1930 38.8469 0.07935
39.1809 38.8590 0.07931
39.1809 38.8710 0.07904
39.1930 38.8348 0.07928
39.2172 38.8710 0.07931
39.2172 38.8831 0.07938
39.2172 38.9073 0.07880
39.2293 38.8348 0.07901
39.2172 38.8952 0.07890
39.2172 38.8469 0.07897
39.2051 38.8831 0.07870
39.2172 38.8710 0.07894
39.2051 38.8831 0.07948
39.2293 38.9073 0.07887
39.2172 38.8952 0.07890
39.2414 38.9073 0.07911
39.2293 38.9073 0.07901
39.2293 38.9073 0.07904
39.2293 38.9073 0.07911
39.2172 38.9073 0.07897
39.2414 38.9073 0.07904
39.2293 38.9193 0.07921
39.1930 38.8831 0.07897
39.2414 38.8952 0.07911
39.2414 38.8952 0.07941
39.2414 38.9073 0.07931
39.2535 38.8710 0.07968
39.2414 38.9073 0.07962
39.2172 38.9435 0.07924
39.2655 38.8831 0.07928
39.2293 38.9073 0.07907
39.2414 38.8952 0.07914
39.2172 38.9193 0.07884
39.2655 38.9073 0.07863
39.2414 38.8952 0.07914
39.2414 38.8952 0.07907
39.2655 38.9314 0.07911
39.2655 38.9073 0.07941
39.2655 38.9073 0.07955
39.2655 38.9193 0.07928
39.2414 38.8952 0.07945
39.2776 38.9073 0.07941
39.2897 38.9556 0.07914
39.2776 38.9073 0.07935
39.2897 38.9435 0.07948
39.2776 38.9435 0.07887
39.2655 38.9193 0.07931
39.2897 38.9073 0.07948
39.2897 38.9556 0.07948
39.2655 38.9435 0.07958
39.2535 38.9314 0.07911
39.2655 38.9556 0.07887
39.2776 38.9435 0.07907
39.2776 38.9193 0.07935
39.2776 38.9676 0.07904
39.2414 38.9314 0.07935
39.3139 38.9314 0.07911
39.3018 38.9435 0.07880
39.2776 38.9556 0.07914
39.2897 38.9193 0.07931
39.2897 38.9193 0.07921
39.2897 38.9435 0.07914
39.3139 38.9556 0.07941
39.3139 38.9556 0.07945
39.2897 38.9676 0.07921
39.3139 38.9435 0.07928
39.2897 38.9676 0.07938
39.3139 38.9676 0.07914
39.2776 38.9676 0.07897
39.3139 38.9556 0.07941
39.3018 38.9435 0.07880
39.2776 38.9314 0.07952
39.3260 38.9556 0.07914
39.3139 38.9435 0.07904
39.3260 38.9676 0.07928
39.3018 38.9676 0.07924
39.3139 38.9918 0.07931
39.3139 38.9676 0.07884
39.3139 39.0039 0.07918
39.3381 38.9676 0.07928
39.3139 38.9918 0.07935
39.3501 38.9314 0.07918
39.3260 38.9918 0.07958
39.3501 38.9676 0.07941
39.3381 39.0039 0.07914
39.3501 38.9918 0.07901
39.3260 38.9676 0.07945
39.3260 38.9676 0.07955
39.3381 39.0039 0.07952
39.3381 38.9435 0.07962
39.3381 38.9676 0.07945
39.3260 38.9556 0.07935
39.3381 38.9918 0.07948
39.3381 39.0039 0.07965
39.3381 38.9918 0.07948
39.3381 38.9918 0.07938
39.3381 38.9918 0.07935
39.3381 39.0039 0.07945
39.3864 38.9918 0.07921
39.3381 38.9676 0.07901
39.3501 38.9918 0.07931
39.3501 39.0039 0.07931
39.3622 39.0039 0.07921
39.3864 38.9918 0.07918
39.3139 39.0039 0.07928
39.3622 39.0039 0.07945
39.3864 39.0039 0.07948
39.3501 39.0039 0.07999
39.3381 39.0039 0.07952
39.3381 39.0039 0.07901
39.3501 38.9797 0.08002
39.3501 39.0280 0.07914
39.3501 38.9918 0.07928
39.3381 38.9797 0.07941
39.3501 38.9918 0.07962
39.3743 39.0039 0.07941
39.3381 38.9918 0.07931
39.3864 39.0039 0.07928
39.3501 39.0039 0.07938
39.4106 39.0039 0.07938
39.3743 39.0522 0.07935
39.3622 39.0159 0.08002
39.3864 39.0039 0.07972
39.3622 38.9918 0.07972
39.4106 38.9918 0.07985
39.3743 38.9918 0.07952
39.3381 39.0039 0.07982
39.3743 39.0039 0.08009
39.3864 39.0039 0.08013
39.3864 39.0039 0.08016
39.3864 39.0039 0.07979
39.3864 39.0039 0.07992
39.3864 39.0159 0.07955
39.3985 39.0522 0.07979
39.4106 39.0159 0.07989
39.3985 39.0159 0.08013
39.3864 39.0039 0.08013
39.4106 39.0280 0.08016
39.3864 39.0401 0.07992
39.3743 39.0401 0.07979
39.3864 39.0522 0.07968
39.4468 39.0401 0.07972
39.4106 39.0039 0.08016
39.3864 39.0159 0.08006
39.3985 39.0401 0.07972
39.4227 39.0642 0.07982
39.3985 39.0159 0.07989
39.4106 39.0280 0.07996
39.4106 39.0522 0.07985
39.4106 39.0159 0.07989
39.3743 39.0401 0.07999
39.3743 39.0522 0.07996
39.4106 39.0159 0.07996
39.3864 39.0522 0.07989
39.4106 39.0280 0.08002
39.4227 39.0522 0.08009
39.4348 39.0401 0.07979
39.4348 39.0280 0.07992
39.3985 39.0522 0.07975
39.4227 39.0159 0.07992
39.4348 39.0401 0.08006
39.4106 39.0280 0.07968
39.4227 39.0642 0.07992
39.4227 39.0280 0.07989
39.3985 39.0522 0.07962
39.4227 39.0642 0.07962
39.4106 39.0642 0.08026
39.4468 39.0280 0.07996
39.4348 39.0642 0.07952
39.3743 39.0159 0.08013
39.4227 39.0642 0.08043
39.3985 39.0280 0.07979
39.4106 39.0401 0.08036
39.4227 39.0522 0.07992
39.4348 39.0522 0.07999
39.4348 39.0642 0.07999
39.4106 39.0642 0.08067
39.4348 39.0642 0.08046
39.4348 39.0159 0.08019
39.4227 39.0763 0.08067
39.4348 39.0522 0.07999
39.4710 39.0401 0.08002
39.3743 39.0642 0.07996
39.4227 39.0642 0.07992
39.4589 39.0763 0.07989
39.4468 39.0763 0.08016
39.4227 39.0522 0.08030
39.4348 39.1005 0.08158
39.4710 39.0642 0.08185
39.4348 39.0884 0.08185
39.4589 39.1005 0.08172
39.4348 39.0642 0.08182
39.4589 39.1005 0.07636
39.5314 39.0763 0.07636
39.4831 39.0642 0.07799
39.4831 39.0884 0.08440
27.8683 30.8296 0.04991
28.2067 31.1677 0.05059
28.5814 31.4937 0.05141
28.8110 31.6748 0.05181
29.1252 31.9646 0.05276
29.4395 32.2061 0.05344
29.7054 32.3993 0.05368
29.9955 32.6045 0.05466
30.2493 32.8219 0.05544
30.4668 33.0271 0.05585
30.7569 33.2082 0.05653
30.9986 33.3894 0.05683
31.2162 33.5705 0.05744
31.4458 33.7757 0.05825
31.6996 33.9327 0.05880
31.7963 34.0534 0.05903
32.0380 34.1863 0.05944
32.2193 34.3432 0.06005
32.4006 34.4640 0.06032
32.5940 34.5968 0.06083
32.7632 34.7054 0.06134
32.9082 34.8262 0.06188
33.0895 34.9349 0.06226
33.2466 35.0556 0.06259
33.3796 35.1280 0.06283
33.4884 35.2246 0.06310
33.6576 35.3333 0.06344
33.7905 35.4178 0.06375
33.8993 35.5023 0.06446
34.0564 35.5748 0.06456
34.1652 35.6714 0.06510
34.2981 35.7559 0.06548
34.3948 35.8163 0.06592
34.5157 35.9008 0.06649
34.6245 35.9491 0.06646
34.7091 36.0095 0.06710
34.8299 36.0940 0.06690
34.9024 36.1664 0.06741
35.0112 36.2147 0.06778
35.0958 36.2389 0.06812
35.1804 36.3355 0.06812
35.2529 36.3475 0.06856
35.3738 36.4079 0.06866
35.4463 36.4562 0.06894
35.5188 36.5407 0.06914
35.5672 36.5890 0.06948
35.6276 36.6373 0.06961
35.7243 36.6494 0.06972
35.7726 36.7098 0.06999
35.8572 36.7822 0.07026
35.8935 36.8064 0.07077
35.9660 36.8426 0.07087
36.0506 36.8788 0.07080
36.0869 36.9271 0.07073
36.1473 36.9512 0.07097
36.1836 36.9754 0.07104
36.2440 37.0237 0.07124
36.2923 37.0478 0.07138
36.3407 37.0478 0.07148
36.4011 37.1203 0.07148
36.4495 37.0961 0.07161
36.4978 37.1565 0.07209
36.4978 37.1565 0.07219
36.5582 37.2290 0.07233
36.5824 37.2290 0.07222
36.6670 37.2652 0.07256
36.6670 37.2773 0.07246
36.7154 37.2893 0.07273
36.7395 37.3376 0.07294
36.7637 37.3497 0.07311
36.8362 37.3618 0.07317
36.8604 37.3980 0.07317
36.8967 37.4221 0.07348
36.9087 37.4463 0.07345
36.9571 37.4584 0.07362
36.9933 37.4946 0.07358
37.0175 37.4946 0.07378
37.0296 37.5067 0.07406
37.0538 37.5550 0.07392
37.1142 37.5550 0.07419
37.1263 37.5550 0.07409
37.1384 37.5791 0.07436
37.1746 37.5912 0.07453
37.1988 37.6153 0.07446
37.2592 37.6516 0.07470
37.2351 37.6153 0.07480
37.2592 37.6516 0.07501
37.2713 37.7119 0.07501
37.2955 37.6999 0.07501
37.3197 37.6999 0.07487
37.3559 37.7240 0.07524
37.3438 37.7240 0.07470
37.3680 37.7119 0.07470
37.4043 37.7481 0.07497
37.4164 37.7481 0.07484
37.4405 37.7723 0.07497
37.4889 37.7964 0.07497
37.4889 37.8085 0.07534
37.5010 37.7964 0.07494
37.5251 37.8085 0.07517
37.5372 37.8327 0.07534
37.5493 37.8327 0.07528
37.5856 37.8447 0.07551
37.5856 37.8568 0.07565
37.5856 37.8568 0.07575
37.5856 37.9051 0.07592
37.6460 37.8810 0.07606
37.6460 37.8930 0.07616
37.6097 37.9293 0.07599
37.6339 37.8930 0.07582
37.6823 37.9534 0.07595
37.6823 37.9293 0.07555
37.7185 37.9172 0.07568
37.7185 37.9534 0.07572
37.7427 37.9534 0.07589
37.7185 37.9534 0.07585
37.7669 37.9655 0.07555
37.7669 37.9776 0.07582
37.7789 38.0017 0.07646
37.7910 38.0017 0.07707
37.8273 38.0017 0.07667
37.7910 38.0138 0.07657
37.8031 38.0259 0.07694
37.8031 38.0379 0.07684
37.8394 38.0379 0.07677
37.8635 38.0379 0.07657
37.8515 38.0500 0.07673
37.8756 38.0621 0.07657
37.9119 38.0500 0.07643
37.9240 38.0500 0.07646
37.9119 38.0500 0.07643
37.9361 38.0862 0.07609
37.9240 38.0500 0.07619
37.9240 38.0621 0.07612
37.9240 38.0983 0.07616
37.9361 38.0983 0.07585
37.9240 38.0983 0.07629
37.9482 38.1104 0.07677
37.9723 38.1104 0.07633
37.9844 38.1224 0.07616
37.9844 38.1587 0.07650
37.9965 38.0983 0.07657
37.9723 38.1466 0.07701
38.0086 38.1345 0.07684
38.0207 38.1345 0.07680
38.0207 38.1707 0.07670
38.0328 38.1345 0.07690
38.0448 38.1345 0.07687
38.0569 38.1828 0.07684
38.0448 38.1707 0.07687
38.0690 38.1587 0.07707
38.0690 38.1707 0.07724
38.0811 38.1828 0.07697
38.0690 38.1828 0.07718
38.0811 38.1949 0.07738
38.0811 38.2190 0.07728
38.0811 38.1949 0.07731
38.1415 38.1949 0.07745
38.1174 38.2070 0.07735
38.1174 38.2432 0.07755
38.1415 38.2553 0.07751
38.0811 38.2432 0.07755
38.1294 38.2553 0.07741
38.1294 38.2311 0.07748
38.1536 38.2311 0.07731
38.1415 38.2190 0.07775
38.1415 38.2311 0.07755
38.1657 38.2915 0.07758
38.1657 38.2432 0.07748
38.1899 38.2673 0.07782
38.1899 38.2673 0.07755
38.2020 38.2794 0.07758
38.1899 38.2794 0.07762
38.1778 38.2794 0.07684
38.2020 38.2432 0.07633
38.2141 38.2673 0.07609
38.2141 38.3036 0.07640
38.2141 38.3036 0.07595
38.2141 38.2915 0.07731
38.2261 38.2915 0.07701
38.2261 38.2794 0.07728
38.2382 38.2915 0.07704
38.2261 38.3277 0.07724
38.2141 38.3036 0.07724
38.2382 38.3156 0.07687
38.2624 38.2915 0.07707
38.2261 38.3036 0.07643
38.2624 38.3277 0.07748
38.2503 38.3156 0.07728
38.2624 38.3277 0.07680
38.2745 38.3398 0.07704
38.2745 38.3760 0.07697
38.3107 38.3277 0.07677
38.2745 38.3277 0.07619
38.3107 38.3398 0.07694
38.3107 38.3277 0.07667
38.2745 38.3760 0.07670
38.3107 38.3398 0.07684
38.2866 38.3398 0.07640
38.3107 38.3760 0.07660
38.3107 38.3398 0.07711
38.3228 38.3519 0.07687
38.3228 38.3881 0.07602
38.3228 38.4122 0.07704
38.3228 38.3881 0.07660
38.3349 38.3881 0.07640
38.3228 38.4243 0.07595
38.3349 38.3881 0.07579
38.3349 38.3760 0.07585
38.3591 38.4364 0.07606
38.3591 38.3881 0.07568
38.3712 38.4122 0.07582
38.3591 38.3881 0.07572
38.3833 38.4122 0.07585
38.3591 38.4243 0.07640
38.3712 38.4243 0.07673
38.3833 38.3881 0.07640
38.4195 38.4122 0.07653
38.3833 38.4243 0.07640
38.3712 38.4243 0.07653
38.4074 38.4122 0.07667
38.4074 38.4122 0.07680
38.4195 38.4122 0.07646
38.4195 38.4243 0.07704
38.4316 38.4243 0.07680
38.4074 38.4485 0.07694
38.4316 38.4122 0.07667
38.4437 38.4364 0.07667
38.4316 38.4243 0.07657
38.4195 38.4485 0.07663
38.4437 38.4364 0.07650
38.4437 38.4243 0.07663
38.4316 38.4485 0.07697
38.4679 38.4485 0.07687
38.4679 38.4605 0.07697
38.4558 38.4847 0.07667
38.4558 38.4485 0.07667
38.4195 38.4485 0.07657
38.4558 38.4726 0.07663
38.4558 38.4847 0.07694
38.4920 38.4726 0.07741
38.5041 38.4605 0.07751
38.4558 38.4485 0.07718
38.5041 38.4967 0.07704
38.4799 38.4726 0.07694
38.4558 38.4847 0.07724
38.4920 38.4605 0.07701
38.5041 38.4847 0.07697
38.4799 38.4967 0.07701
38.5041 38.4726 0.07714
38.5041 38.5088 0.07718
38.5041 38.5209 0.07684
38.4920 38.5088 0.07714
38.5162 38.5209 0.07680
38.4799 38.4726 0.07721
38.5041 38.5209 0.07711
38.5283 38.5330 0.07704
38.5041 38.5088 0.07728
38.5041 38.4726 0.07701
38.5162 38.5330 0.07711
38.4920 38.5330 0.07687
38.5525 38.5330 0.07697
38.5162 38.5088 0.07721
38.5404 38.5088 0.07704
38.5645 38.5209 0.07731
38.5525 38.5209 0.07718
38.5525 38.5692 0.07738
38.5525 38.5209 0.07728
38.5645 38.5330 0.07751
38.5525 38.5330 0.07745
38.5525 38.5209 0.07701
38.5525 38.5209 0.07690
38.5645 38.5330 0.07707
38.5525 38.5209 0.07701
38.5766 38.5330 0.07697
38.5645 38.5209 0.07690
38.5766 38.5571 0.07690
38.5766 38.5330 0.07707
38.5645 38.5330 0.07690
38.5766 38.5571 0.07724
38.5766 38.5330 0.07714
38.5645 38.5209 0.07690
38.5887 38.5692 0.07718
38.6008 38.5692 0.07687
38.6129 38.5692 0.07673
38.5887 38.5933 0.07741
38.6008 38.5692 0.07728
38.5887 38.5692 0.07707
38.6008 38.5692 0.07741
38.5766 38.5933 0.07677
38.6008 38.5813 0.07653
38.6008 38.5813 0.07704
38.6371 38.5933 0.07667
38.6129 38.5692 0.07670
38.6492 38.5933 0.07667
38.6250 38.5813 0.07677
38.6371 38.5571 0.07629
38.6008 38.6054 0.07629
38.6492 38.5933 0.07626
38.6371 38.6054 0.07599
38.6612 38.5813 0.07673
38.6612 38.5813 0.07738
38.6492 38.5692 0.07677
38.6371 38.5813 0.07697
38.6250 38.5813 0.07684
38.6492 38.5933 0.07728
38.6612 38.5933 0.07711
38.6492 38.6175 0.07775
38.6612 38.6054 0.07796
38.6612 38.5933 0.07745
38.6612 38.6175 0.07765
38.6733 38.6054 0.07758
38.6854 38.6054 0.07735
38.6733 38.6175 0.07782
38.6612 38.6054 0.07751
38.6612 38.6054 0.07833
38.6733 38.5933 0.07792
38.6733 38.6296 0.07860
38.6854 38.6296 0.07840
38.6975 38.6175 0.07785
38.6854 38.6054 0.07775
38.6854 38.6175 0.07806
38.6854 38.6658 0.07785
38.6854 38.6175 0.07738
38.6975 38.6537 0.07762
38.6854 38.6296 0.07745
38.6975 38.6537 0.07735
38.7096 38.6296 0.07748
38.7217 38.6416 0.07718
38.7338 38.6296 0.07765
38.7096 38.6658 0.07779
38.6975 38.6296 0.07789
38.7096 38.6779 0.07819
38.6854 38.6416 0.07823
38.7096 38.6537 0.07775
38.6975 38.6416 0.07792
38.6975 38.6537 0.07751
38.7096 38.6537 0.07755
38.7096 38.6658 0.07816
38.6975 38.6296 0.07799
38.7579 38.6779 0.07768
38.7579 38.6658 0.07718
38.7217 38.6416 0.07789
38.7700 38.6779 0.07826
38.7217 38.6899 0.07799
38.7458 38.6779 0.07850
38.7579 38.6779 0.07911
38.7579 38.6779 0.07972
38.7579 38.6899 0.07968
38.7821 38.6779 0.07453
38.7700 38.6779 0.07497
38.8063 38.7503 0.07487
38.7942 38.7020 0.07470
38.8063 38.7503 0.07436
38.8184 38.6899 0.08094
38.8184 38.7262 0.08141
41.5015 40.7305 0.08948
41.5015 40.7546 0.08891
41.5015 40.7426 0.08901
41.4652 40.7426 0.08853
41.5015 40.7546 0.08857
41.4894 40.7426 0.08853
41.4652 40.7546 0.08837
41.4652 40.7305 0.08806
41.4531 40.7184 0.08837
41.4652 40.7063 0.08823
41.4773 40.6701 0.08823
41.4652 40.6943 0.08813
41.4652 40.7063 0.08813
41.4652 40.7305 0.08799
41.4531 40.6701 0.08816
41.4773 40.7063 0.08816
41.4531 40.7063 0.08806
41.4773 40.7063 0.08799
41.4652 40.7426 0.08813
41.4531 40.6701 0.08833
41.4652 40.6943 0.08803
41.4531 40.6701 0.08820
41.4531 40.6943 0.08786
41.4290 40.6943 0.08796
41.4531 40.6822 0.08806
41.4531 40.6701 0.08792
41.4531 40.7063 0.08816
41.4048 40.6701 0.08803
41.4411 40.6943 0.08799
41.4290 40.6580 0.08826
41.4531 40.6701 0.08789
41.4048 40.6460 0.08786
41.4411 40.6943 0.08820
41.4531 40.6580 0.08820
41.4169 40.6580 0.08820
41.4169 40.6822 0.08826
41.4290 40.6701 0.08806
41.4290 40.6943 0.08799
41.4411 40.6460 0.08813
41.4652 40.6701 0.08782
41.4290 40.6701 0.08789
41.4411 40.6701 0.08779
41.4169 40.6460 0.08820
41.4048 40.6460 0.08803
41.3927 40.6460 0.08769
41.4169 40.6943 0.08803
41.4048 40.6580 0.08789
41.4169 40.6701 0.08816
41.4290 40.6580 0.08820
41.4411 40.6822 0.08799
41.4411 40.6460 0.08806
41.4048 40.6701 0.08786
41.4531 40.6580 0.08823
41.4290 40.6701 0.08820
41.4048 40.6580 0.08796
41.4169 40.6580 0.08813
41.4169 40.6460 0.08826
41.4290 40.6580 0.08823
41.4169 40.6580 0.08803
41.3927 40.6580 0.08813
41.4048 40.6460 0.08826
41.4048 40.6580 0.08820
41.4048 40.6097 0.08820
41.4290 40.6460 0.08803
41.4048 40.6580 0.08799
41.3806 40.6339 0.08792
41.4169 40.6218 0.08803
41.4411 40.6580 0.08830
41.4048 40.6460 0.08826
41.4169 40.6701 0.08792
41.3806 40.6339 0.08823
41.3927 40.6460 0.08843
41.4531 40.6218 0.08833
41.4411 40.6097 0.08840
41.4048 40.6701 0.08826
41.4169 40.6460 0.08857
41.4169 40.6701 0.08816
41.4169 40.6097 0.08823
41.4531 40.6339 0.08806
41.4169 40.6218 0.08809
41.3927 40.6460 0.08837
41.4290 40.6460 0.08786
41.4531 40.6460 0.08803
41.4652 40.6580 0.08837
41.3806 40.6460 0.08782
41.4290 40.6580 0.08813
41.4290 40.6460 0.08823
41.4531 40.6339 0.08820
41.4169 40.6339 0.08775
41.4169 40.6580 0.08799
41.4411 40.6097 0.08792
41.4048 40.6460 0.08796
41.4290 40.6460 0.08792
41.4048 40.6218 0.08820
41.4048 40.6218 0.08826
41.4290 40.6460 0.08813
41.4411 40.6339 0.08837
41.4048 40.6339 0.08820
41.4169 40.6460 0.08823
41.4048 40.6218 0.08823
41.4290 40.5977 0.08820
41.4048 40.6218 0.08799
41.4048 40.6460 0.08823
41.3927 40.6580 0.08782
41.4169 40.6097 0.08809
41.4169 40.6218 0.08786
41.4290 40.6097 0.08779
41.4048 40.6339 0.08803
41.4290 40.6339 0.08796
41.4290 40.6339 0.08789
41.4411 40.6460 0.08786
41.3806 40.5977 0.08748
41.4048 40.6218 0.08742
41.3927 40.5977 0.08698
41.4048 40.6460 0.08681
41.4290 40.6218 0.08677
41.4048 40.6097 0.08677
41.4048 40.6460 0.08684
41.3927 40.6460 0.08684
41.4290 40.6097 0.08677
41.4048 40.6460 0.08684
41.4169 40.6218 0.08674
41.4290 40.6218 0.08704
41.4048 40.6339 0.08667
41.3927 40.6218 0.08684
41.3927 40.6097 0.08670
41.4048 40.6097 0.08681
41.4048 40.6097 0.08670
41.3685 40.6097 0.08667
41.4169 40.6218 0.08681
41.4290 40.5977 0.08660
41.4048 40.6218 0.08664
41.4169 40.6097 0.08684
41.4048 40.6097 0.08684
41.4048 40.5977 0.08667
41.4048 40.6097 0.08667
41.3927 40.6097 0.08684
41.4048 40.6218 0.08681
41.4048 40.6097 0.08677
41.4048 40.6097 0.08691
41.3927 40.5977 0.08664
41.4048 40.5977 0.08664
41.4048 40.5977 0.08674
41.3685 40.5856 0.08681
41.4048 40.5856 0.08667
41.4048 40.5735 0.08687
41.3927 40.5856 0.08664
41.3806 40.6218 0.08653
41.3806 40.6097 0.08674
41.3565 40.5856 0.08670
41.3806 40.6097 0.08674
41.3927 40.6097 0.08650
41.4048 40.6097 0.08660
41.3806 40.5977 0.08677
41.4048 40.5977 0.08674
41.4048 40.6097 0.08650
41.4048 40.6097 0.08667
41.3927 40.6097 0.08657
41.3806 40.5977 0.08664
41.3806 40.5856 0.08670
41.3685 40.5614 0.08677
41.4169 40.5735 0.08670
41.4048 40.5977 0.08647
41.3685 40.5977 0.08660
41.3927 40.6097 0.08660
41.3565 40.5494 0.08664
41.4048 40.6097 0.08670
41.3927 40.5977 0.08633
41.3444 40.6097 0.08657
41.4048 40.6097 0.08643
41.3685 40.5856 0.08650
41.3806 40.6097 0.08660
41.3565 40.5856 0.08640
41.3685 40.6097 0.08657
41.3806 40.5856 0.08640
41.3927 40.6097 0.08636
41.3685 40.5977 0.08650
41.3927 40.5977 0.08636
41.3444 40.6097 0.08630
31.4095 33.6671 0.05771
31.6029 33.8120 0.05829
31.9172 34.0414 0.05893
32.0743 34.1500 0.05937
32.2556 34.3191 0.06022
32.4248 34.4398 0.06049
32.6423 34.5847 0.06137
32.8236 34.7054 0.06151
32.9928 34.8383 0.06198
33.1620 34.9469 0.06249
33.3071 35.0677 0.06290
33.4400 35.2005 0.06348
33.6697 35.3212 0.06388
33.7663 35.3937 0.06415
33.9114 35.5144 0.06473
34.0443 35.6110 0.06527
34.1531 35.6835 0.06538
34.3223 35.7559 0.06582
34.4190 35.8766 0.06616
34.5399 35.9249 0.06653
34.6365 36.0095 0.06670
34.8178 36.0578 0.06700
34.9024 36.1664 0.06727
34.9991 36.2147 0.06717
35.0958 36.2630 0.06643
35.1925 36.3475 0.06826
35.3134 36.4321 0.06697
35.3980 36.4562 0.06697
35.4826 36.5528 0.06656
35.5309 36.5890 0.06731
35.6518 36.6615 0.06751
35.7122 36.6856 0.06805
35.8210 36.7581 0.06792
35.8935 36.7943 0.06853
35.9902 36.8184 0.06860
36.0385 36.8788 0.06860
36.0627 36.9271 0.06894
36.1836 36.9512 0.06880
36.2198 37.0237 0.06911
36.3165 37.0720 0.06938
36.3770 37.0720 0.06927
36.4132 37.1324 0.06968
36.4616 37.1686 0.06927
36.5220 37.1807 0.06951
36.5703 37.2290 0.06968
36.6308 37.2652 0.06992
36.6670 37.2531 0.06972
36.7637 37.3256 0.07009
36.7637 37.3618 0.07009
36.8121 37.3859 0.07070
36.8362 37.3980 0.07080
36.8967 37.4101 0.07094
36.9450 37.4584 0.07104
36.9813 37.4704 0.07083
37.0175 37.5308 0.07029
37.0779 37.5429 0.07107
37.1021 37.5308 0.07131
37.1505 37.5550 0.07131
37.1746 37.6153 0.07131
37.1988 37.6153 0.07131
37.2713 37.6274 0.07097
37.2472 37.6516 0.07080
37.3076 37.6636 0.07097
37.3318 37.6757 0.07128
37.3438 37.7119 0.07111
37.3680 37.7240 0.07124
37.3922 37.7240 0.07124
37.4405 37.7481 0.07161
37.4405 37.8085 0.07155
37.5010 37.7964 0.07168
37.5251 37.8085 0.07168
37.5251 37.8447 0.07168
37.5856 37.8447 0.07148
37.5977 37.8689 0.07216
37.5977 37.8447 0.07239
37.6460 37.8810 0.07189
37.6339 37.9051 0.07226
37.6702 37.9051 0.07243
37.6943 37.9293 0.07297
37.7306 37.9172 0.07304
37.7306 37.9413 0.07321
37.7306 37.9534 0.07348
37.7669 37.9896 0.07351
37.7910 38.0017 0.07358
37.7910 38.0138 0.07351
37.8031 38.0138 0.07378
37.8515 38.0259 0.07385
37.8756 38.0742 0.07355
37.8756 38.0742 0.07355
37.8877 38.0742 0.07358
37.9119 38.0500 0.07331
37.9361 38.0500 0.07345
37.9240 38.0621 0.07297
37.9482 38.0862 0.07331
37.9723 38.0983 0.07321
37.9844 38.1224 0.07317
37.9844 38.0983 0.07358
37.9965 38.0983 0.07300
38.0086 38.1345 0.07314
38.0207 38.1466 0.07382
38.0448 38.1949 0.07331
38.0328 38.1466 0.07334
38.0811 38.1587 0.07338
38.0932 38.1949 0.07331
38.0811 38.1949 0.07345
38.0932 38.2190 0.07338
38.0811 38.2190 0.07290
38.1174 38.2311 0.07317
38.1657 38.2190 0.07314
38.1174 38.2311 0.07358
38.1536 38.2190 0.07341
38.1778 38.2311 0.07345
38.1657 38.2432 0.07341
38.1899 38.2673 0.07324
38.1899 38.2311 0.07331
38.2020 38.2673 0.07348
38.1899 38.2794 0.07385
38.2503 38.2915 0.07433
38.2141 38.2915 0.07497
38.2382 38.2794 0.07501
38.2624 38.2673 0.07524
38.2624 38.2915 0.07501
38.2745 38.2915 0.07487
38.2745 38.2915 0.07517
38.2745 38.3156 0.07524
38.2866 38.3277 0.07511
38.2987 38.3277 0.07514
38.2866 38.3156 0.07487
38.3228 38.3277 0.07521
38.2866 38.3156 0.07538
38.3228 38.3398 0.07572
38.3470 38.3398 0.07589
38.3470 38.3398 0.07602
38.3228 38.3639 0.07616
38.3591 38.3881 0.07606
38.3712 38.3519 0.07623
38.3591 38.3398 0.07616
38.3712 38.3760 0.07619
38.3712 38.3881 0.07687
38.3833 38.3881 0.07657
38.4074 38.3881 0.07663
38.3712 38.3881 0.07690
38.3833 38.4243 0.07690
38.4074 38.4243 0.07687
38.4195 38.4002 0.07690
38.4437 38.3760 0.07670
38.3953 38.3881 0.07646
38.4679 38.4122 0.07592
38.4679 38.4122 0.07633
38.4558 38.4243 0.07636
38.4558 38.4485 0.07585
38.4679 38.4364 0.07575
38.5041 38.4485 0.07609
38.4799 38.4485 0.07602
38.4920 38.4726 0.07612
38.5041 38.4726 0.07616
38.5041 38.4243 0.07616
38.5041 38.4726 0.07619
38.4920 38.4605 0.07606
38.5041 38.4726 0.07595
38.5162 38.4605 0.07619
38.5404 38.4485 0.07626
38.5162 38.4847 0.07633
38.5041 38.4847 0.07616
38.5525 38.4847 0.07602
38.5525 38.5088 0.07633
38.5404 38.4847 0.07629
38.5525 38.5209 0.07667
38.5645 38.4967 0.07657
38.5525 38.5088 0.07616
38.5525 38.4967 0.07629
38.5766 38.5209 0.07616
38.5525 38.5209 0.07646
38.5766 38.5088 0.07623
38.5766 38.5450 0.07626
38.5887 38.5330 0.07602
38.5887 38.5088 0.07623
38.5766 38.5330 0.07595
38.6008 38.5450 0.07599
38.6008 38.5330 0.07616
38.6129 38.5209 0.07599
38.6008 38.5571 0.07589
38.6250 38.5450 0.07592
38.5766 38.5571 0.07589
38.6008 38.5330 0.07636
38.6129 38.5813 0.07643
38.6492 38.5692 0.07633
38.6129 38.5692 0.07640
38.6250 38.5330 0.07633
38.6250 38.5813 0.07660
38.6612 38.5813 0.07623
38.6854 38.5692 0.07653
38.6250 38.5571 0.07660
38.6492 38.5813 0.07667
38.6612 38.5813 0.07670
38.6612 38.5813 0.07657
38.6612 38.5692 0.07677
38.6854 38.5813 0.07663
38.6975 38.5933 0.07694
38.6733 38.5933 0.07673
38.6854 38.5813 0.07667
38.6975 38.5813 0.07680
38.6854 38.5813 0.07657
38.7096 38.5813 0.07718
38.6975 38.6175 0.07707
38.7217 38.6054 0.07714
38.7217 38.5933 0.07718
38.7096 38.6296 0.07765
38.7096 38.6296 0.07772
38.7217 38.6175 0.07782
38.6975 38.6175 0.07802
38.7217 38.6054 0.07731
38.7458 38.6175 0.07785
38.7217 38.6296 0.07721
38.7458 38.6296 0.07718
38.7217 38.6175 0.07748
38.6975 38.6296 0.07762
38.7579 38.6658 0.07762
38.7217 38.6296 0.07785
38.7579 38.6537 0.07772
38.7700 38.6658 0.07765
38.7579 38.6296 0.07779
38.7942 38.6175 0.07806
38.7579 38.6658 0.07792
38.7217 38.6658 0.07782
38.7579 38.6658 0.07806
38.7579 38.6296 0.07779
38.7942 38.6537 0.07806
38.7579 38.6537 0.07789
38.7579 38.6537 0.07782
38.7579 38.6779 0.07796
38.7700 38.6416 0.07775
38.7579 38.6779 0.07792
38.7579 38.6779 0.07782
38.7700 38.6658 0.07789
38.7942 38.6779 0.07782
38.7821 38.6899 0.07785
38.7942 38.6537 0.07775
38.8063 38.6658 0.07799
38.8184 38.6537 0.07809
38.8184 38.6899 0.07779
38.8184 38.7141 0.07799
38.8184 38.6779 0.07789
38.8304 38.6899 0.07813
38.8304 38.7020 0.07809
38.8304 38.7141 0.07819
38.8184 38.7020 0.07779
38.8184 38.7020 0.07799
38.8304 38.6779 0.07806
38.8304 38.7262 0.07792
38.8304 38.7141 0.07816
38.8304 38.7141 0.07792
38.8667 38.7141 0.07802
38.8304 38.7262 0.07796
38.8425 38.7503 0.07813
38.8184 38.7141 0.07819
38.8425 38.6899 0.07799
38.8425 38.6899 0.07823
38.8546 38.7141 0.07806
38.8546 38.7262 0.07819
38.8304 38.7262 0.07843
38.8667 38.7503 0.07829
38.8546 38.6899 0.07809
38.8425 38.7141 0.07799
38.8788 38.7141 0.07782
38.8909 38.7503 0.07809
38.8425 38.7865 0.07806
38.8667 38.7624 0.07833
38.8788 38.7624 0.07816
38.8788 38.7503 0.07792
38.8788 38.7141 0.07813
38.8909 38.7503 0.07802
38.9150 38.7745 0.07816
38.8788 38.7503 0.07836
38.8667 38.7503 0.07840
38.8909 38.7745 0.07823
38.8909 38.7745 0.07816
38.9030 38.7624 0.07833
38.9030 38.7745 0.07826
38.9030 38.7624 0.07836
38.9271 38.7745 0.07846
38.8909 38.7745 0.07823
38.8909 38.7503 0.07819
38.9150 38.7745 0.07819
38.9030 38.7503 0.07782
38.9271 38.7503 0.07802
38.9271 38.8107 0.07843
38.9150 38.7745 0.07853
38.9030 38.7382 0.07850
38.9150 38.7986 0.07863
38.9030 38.7865 0.07850
38.9150 38.7865 0.07887
38.9030 38.7745 0.07884
38.9392 38.7624 0.07880
38.9150 38.7745 0.07887
38.9392 38.8228 0.07904
38.9030 38.8107 0.07880
38.9513 38.8107 0.07948
38.9271 38.8348 0.07901
38.9150 38.7745 0.07924
38.9392 38.8107 0.07955
38.9876 38.8228 0.08006
38.9876 38.7865 0.07531
38.9876 38.8348 0.07551
38.9996 38.8107 0.07541
39.0117 38.8348 0.07531
39.0238 38.8590 0.08104
39.0117 38.8107 0.08169
38.9755 38.8469 0.08101
41.6949 40.8995 0.09579
41.6707 40.8995 0.09199
41.6828 40.8754 0.09152
41.6465 40.8512 0.09145
41.6707 40.8995 0.09182
41.6465 40.8874 0.09121
41.6707 40.8874 0.09111
41.6949 40.8995 0.09111
41.6586 40.8391 0.09155
41.6949 40.8633 0.09189
41.6586 40.8391 0.09104
41.6465 40.8512 0.09142
41.6707 40.8633 0.09145
41.6465 40.8754 0.09203
41.6465 40.8512 0.09145
41.6465 40.8512 0.09108
41.6465 40.8391 0.09104
41.6465 40.8150 0.09101
41.6465 40.8512 0.09176
41.6344 40.8633 0.09050
41.6465 40.8633 0.09071
41.6344 40.8512 0.09115
41.6465 40.8150 0.09104
41.6344 40.8874 0.09169
41.6586 40.8512 0.09060
41.6586 40.8271 0.09094
41.6465 40.8029 0.09064
41.5982 40.8512 0.09186
41.6707 40.8391 0.09142
41.5982 40.8391 0.09077
41.6465 40.8391 0.09128
41.6103 40.7908 0.09118
41.5982 40.7788 0.09213
41.6586 40.8633 0.09152
41.5982 40.8271 0.09108
41.6344 40.8391 0.09104
41.6223 40.8271 0.09091
41.6223 40.8512 0.09182
41.6103 40.8512 0.09111
41.5982 40.8271 0.09104
41.6103 40.8150 0.09108
41.5740 40.8029 0.09135
41.5861 40.8391 0.09169
41.6344 40.8512 0.09060
41.6344 40.8150 0.09084
41.5982 40.8271 0.09084
41.5861 40.8029 0.09148
41.5982 40.8029 0.09148
41.6465 40.8271 0.09077
41.6223 40.8271 0.09084
41.5861 40.8029 0.09047
41.5619 40.8271 0.09145
41.6586 40.8512 0.09084
41.6344 40.8150 0.09098
41.5982 40.7788 0.09074
41.5982 40.7908 0.09121
41.5740 40.8150 0.09176
41.6103 40.8271 0.09077
41.6103 40.8150 0.09077
41.5861 40.8150 0.09060
41.5498 40.7667 0.09125
41.5740 40.8150 0.09148
41.6103 40.8150 0.09098
41.5982 40.7788 0.09074
41.5861 40.8029 0.09057
41.5861 40.7788 0.09152
41.6223 40.8391 0.09132
41.5982 40.8029 0.09087
41.5861 40.8029 0.09091
41.5861 40.7667 0.09138
41.5619 40.8029 0.09206
41.5982 40.8029 0.09098
41.5982 40.7667 0.09104
41.5861 40.7908 0.09094
41.5740 40.8150 0.09230
41.5982 40.8029 0.09172
41.5619 40.7908 0.09098
41.5982 40.7908 0.09098
41.5619 40.7667 0.09094
41.5861 40.8029 0.09121
41.5861 40.7908 0.09054
41.5619 40.7908 0.09047
41.6103 40.8029 0.09081
41.5498 40.7908 0.09216
41.6223 40.8150 0.09091
41.5861 40.8029 0.09077
41.5740 40.7667 0.09091
41.5257 40.7546 0.09142
41.5861 40.8391 0.09162
41.5619 40.8029 0.09081
41.6103 40.8029 0.09087
41.5619 40.7546 0.09087
41.5982 40.7908 0.09132
41.5740 40.8029 0.09060
41.5740 40.7908 0.09057
41.5619 40.7667 0.09074
41.5740 40.7667 0.09132
41.5619 40.7667 0.09054
41.5619 40.7667 0.09077
41.5861 40.7546 0.09077
41.5861 40.8029 0.09159
41.5619 40.8029 0.09081
41.5740 40.7426 0.09074
41.5498 40.7788 0.09077
41.5257 40.7667 0.09159
41.5619 40.7667 0.09094
41.5982 40.8029 0.09091
41.5982 40.7667 0.09074
41.5498 40.7546 0.09098
41.5619 40.7908 0.09064
41.5377 40.7788 0.09050
41.5740 40.7426 0.09081
41.5619 40.7908 0.09152
41.5861 40.7546 0.09067
41.5619 40.7788 0.09081
41.5498 40.7546 0.09091
41.5498 40.8029 0.09142
41.5619 40.7667 0.09071
41.5619 40.7546 0.09081
41.5377 40.7546 0.09067
41.5498 40.7667 0.09121
41.5740 40.7546 0.09050
41.5861 40.7667 0.09064
41.4894 40.7305 0.09094
41.5619 40.7546 0.09030
41.5498 40.7546 0.09043
41.5377 40.7908 0.09054
41.5377 40.7908 0.09067
41.5377 40.7908 0.09030
41.5619 40.7426 0.09050
41.5498 40.7063 0.09081
41.5498 40.7546 0.09094
41.5498 40.7546 0.09054
41.4773 40.7426 0.09220
41.5498 40.7667 0.09477
41.5619 40.7546 0.09457
41.5377 40.7546 0.09416
41.5498 40.7305 0.09362
41.5861 40.7667 0.09047
41.5619 40.7667 0.08877
41.5740 40.7546 0.08894
41.5619 40.7667 0.09501
41.5498 40.7063 0.09471
35.5067 36.4683 0.06897
35.6276 36.5649 0.06921
35.7243 36.6494 0.06965
35.8210 36.7701 0.07002
35.9781 36.8305 0.07029
36.0748 36.9030 0.07083
36.1957 36.9754 0.07131
36.2561 37.0720 0.07158
36.3770 37.1444 0.07192
36.4374 37.2048 0.07216
36.5703 37.2410 0.07273
36.6428 37.2773 0.07280
36.7154 37.3618 0.07287
36.7758 37.4101 0.07362
36.8604 37.4704 0.07392
36.9450 37.5067 0.07385
37.0296 37.5670 0.07456
37.0779 37.6153 0.07463
37.1626 37.7119 0.07477
37.2230 37.7119 0.07501
37.2592 37.7481 0.07507
37.3197 37.7602 0.07517
37.4043 37.8327 0.07548
37.4405 37.8447 0.07551
37.5493 37.8930 0.07582
37.5735 37.9172 0.07568
37.6097 37.9534 0.07612
37.6702 37.9896 0.07616
37.7306 38.0017 0.07551
37.7548 38.0379 0.07545
37.8031 38.0862 0.07504
37.8273 38.0983 0.07402
37.8877 38.1345 0.07341
37.8998 38.1466 0.07311
37.9602 38.1828 0.07395
37.9965 38.2190 0.07382
38.0328 38.2311 0.07399
38.0690 38.2311 0.07402
38.0811 38.2794 0.07395
38.1174 38.2915 0.07416
38.1778 38.3036 0.07473
38.2141 38.3398 0.07467
38.2141 38.3398 0.07490
38.2382 38.3760 0.07494
38.2987 38.3881 0.07453
38.2866 38.4002 0.07545
38.3349 38.4122 0.07494
38.3591 38.4605 0.07572
38.3712 38.4122 0.07582
38.4195 38.4726 0.07623
38.4316 38.4485 0.07643
38.4316 38.4726 0.07640
38.4558 38.4847 0.07551
38.4799 38.4967 0.07565
38.5283 38.5209 0.07551
38.5162 38.5450 0.07524
38.5404 38.5692 0.07531
38.5645 38.5571 0.07568
38.5645 38.5450 0.07579
38.5766 38.5813 0.07619
38.6129 38.6054 0.07680
38.6008 38.5933 0.07623
38.6492 38.6054 0.07623
38.6612 38.6175 0.07646
38.6854 38.5813 0.07680
38.6854 38.6175 0.07636
38.7096 38.6416 0.07646
38.7458 38.6537 0.07704
38.7096 38.6779 0.07687
38.7579 38.6658 0.07663
38.7458 38.6899 0.07646
38.7579 38.6779 0.07592
38.7700 38.7020 0.07616
38.7700 38.6899 0.07640
38.8304 38.7020 0.07629
38.7942 38.7141 0.07673
38.7942 38.7020 0.07677
38.8184 38.7020 0.07636
38.8425 38.7141 0.07714
38.8304 38.7141 0.07653
38.8788 38.7141 0.07670
38.8546 38.7503 0.07673
38.8909 38.7262 0.07667
38.8546 38.7624 0.07670
38.8788 38.7624 0.07653
38.8909 38.7503 0.07721
38.9030 38.7624 0.07735
38.9271 38.7745 0.07762
38.9030 38.7503 0.07772
38.9150 38.7624 0.07796
38.9392 38.7745 0.07755
38.9150 38.7986 0.07785
38.9513 38.7986 0.07772
38.9392 38.7745 0.07816
38.9271 38.7745 0.07779
38.9513 38.8107 0.07762
38.9634 38.8228 0.07755
38.9876 38.8348 0.07751
38.9634 38.8107 0.07765
39.0238 38.7865 0.07796
38.9876 38.8107 0.07755
38.9876 38.8469 0.07745
38.9634 38.7986 0.07731
38.9876 38.8228 0.07735
38.9996 38.8107 0.07724
38.9996 38.8348 0.07755
39.0238 38.8348 0.07721
38.9876 38.8228 0.07738
39.0238 38.8590 0.07731
39.0601 38.8348 0.07735
39.0480 38.8469 0.07724
39.0480 38.8590 0.07741
39.0480 38.8228 0.07731
39.0359 38.8348 0.07768
39.0480 38.8469 0.07782
39.0480 38.8831 0.07884
39.0480 38.8710 0.07789
39.0722 38.8710 0.07751
39.0480 38.8590 0.07789
39.0722 38.8710 0.07785
39.0843 38.8590 0.07792
39.0843 38.8590 0.07819
39.0843 38.8831 0.07853
39.0722 38.8952 0.07768
39.0843 38.8952 0.07806
39.0843 38.8590 0.07782
39.0722 38.8710 0.07823
39.0843 38.9193 0.07755
39.1084 38.8710 0.07785
39.0843 38.8831 0.07772
39.0843 38.9073 0.07792
39.1084 38.8710 0.07813
39.0843 38.8952 0.07775
39.1326 38.8831 0.07782
39.0843 38.9073 0.07751
39.0963 38.9073 0.07755
39.0963 38.8831 0.07772
39.1326 38.9073 0.07792
39.1205 38.9073 0.07762
39.1205 38.9073 0.07765
39.1084 38.9073 0.07772
39.0963 38.9193 0.07751
39.1205 38.9073 0.07779
39.1326 38.9314 0.07809
39.1326 38.9073 0.07809
39.1447 38.9193 0.07813
39.0963 38.9193 0.07809
39.1568 38.9073 0.07850
39.1568 38.9193 0.07816
39.1326 38.9435 0.07789
39.1447 38.9314 0.07758
39.1205 38.9073 0.07738
39.1930 38.9556 0.07765
39.1447 38.9073 0.07748
39.1568 38.9556 0.07751
39.1447 38.9556 0.07748
39.1447 38.9435 0.07745
39.1689 38.9435 0.07792
39.1689 38.9193 0.07768
39.1809 38.9073 0.07785
39.1689 38.9314 0.07809
39.1568 38.9193 0.07745
39.1689 38.9073 0.07741
39.1568 38.9435 0.07762
39.1447 38.9435 0.07724
39.1568 38.9556 0.07741
39.1568 38.9435 0.07748
39.1809 38.9556 0.07741
39.1809 38.9556 0.07731
39.1809 38.9676 0.07738
39.1809 38.9314 0.07755
39.1809 38.9435 0.07755
39.1809 38.9435 0.07768
39.1930 38.9556 0.07768
39.1568 38.9556 0.07772
39.1809 38.9797 0.07762
39.1809 38.9556 0.07894
39.2172 38.9676 0.07921
39.1930 38.9676 0.07907
39.1930 38.9676 0.07758
39.1809 38.9797 0.07860
39.1809 38.9676 0.07823
39.1930 38.9556 0.07877
39.1930 38.9556 0.07792
39.2051 38.9918 0.07792
39.1930 38.9918 0.07853
39.2051 38.9435 0.07955
39.2051 38.9435 0.07799
39.2293 38.9797 0.07762
39.2293 38.9676 0.07775
39.1930 38.9556 0.07853
39.1809 38.9556 0.07836
39.1809 38.9556 0.07751
39.2172 38.9676 0.07901
39.2172 38.9556 0.07945
39.2051 38.9918 0.07874
39.2414 38.9556 0.07911
39.2172 38.9797 0.07863
39.2051 38.9676 0.07823
39.1930 38.9676 0.07789
39.2414 38.9797 0.07850
39.1930 38.9435 0.07846
39.2414 38.9918 0.07833
39.2051 38.9797 0.07880
39.2414 38.9918 0.07924
39.2293 38.9676 0.07887
39.2172 38.9918 0.07999
39.2172 38.9918 0.07918
39.2172 38.9435 0.07931
39.2172 39.0039 0.07874
39.2293 38.9676 0.07880
39.2051 38.9676 0.07877
39.2293 38.9676 0.07985
39.2172 38.9676 0.07907
39.2776 38.9797 0.07884
39.2414 38.9918 0.07874
39.2051 38.9918 0.07823
39.2172 38.9918 0.07840
39.2293 38.9797 0.07880
39.2172 39.0039 0.07785
39.2293 38.9676 0.07829
39.2172 39.0039 0.07829
39.2414 38.9918 0.07806
39.2293 39.0039 0.07802
39.2655 39.0522 0.07843
39.2414 38.9918 0.07813
39.2414 39.0039 0.07809
39.2293 38.9797 0.07833
39.2293 39.0039 0.07816
39.2293 39.0039 0.07802
39.2293 39.0039 0.07792
39.2172 38.9918 0.07880
39.2293 39.0159 0.07785
39.2655 38.9918 0.07792
39.2293 39.0039 0.07870
39.2293 39.0159 0.07850
39.2414 38.9918 0.07870
39.2414 39.0159 0.07829
39.2293 39.0039 0.07867
39.2535 39.0039 0.07860
39.2655 38.9918 0.07799
39.2172 39.0039 0.07809
39.2414 38.9676 0.07833
39.2655 39.0039 0.07802
39.2535 38.9918 0.07840
39.2414 39.0039 0.07796
39.2293 39.0039 0.07796
39.2414 38.9918 0.07829
39.2414 38.9676 0.07819
39.2414 38.9918 0.07809
39.2293 38.9918 0.07850
39.2655 39.0159 0.07785
39.2655 38.9918 0.07819
39.2535 39.0401 0.07843
39.2776 39.0159 0.07901
39.2655 39.0159 0.07894
39.2655 38.9797 0.07853
39.2655 39.0159 0.07836
39.2655 38.9918 0.07806
39.2293 39.0039 0.07792
39.2655 39.0039 0.07789
39.2655 39.0280 0.07792
39.2776 38.9918 0.07806
39.2655 39.0039 0.07802
39.2776 39.0159 0.07819
39.2535 39.0159 0.07850
39.2897 39.0401 0.07846
39.2414 39.0280 0.07853
39.2293 39.0039 0.07836
39.2655 39.0039 0.07816
39.2535 39.0159 0.07850
39.2414 39.0159 0.07857
39.2776 39.0039 0.07843
39.2414 39.0039 0.07857
39.2897 39.0039 0.07819
39.2897 39.0159 0.07823
39.2655 39.0159 0.07816
39.2414 39.0159 0.07806
39.2776 39.0159 0.07802
39.2655 39.0159 0.07823
39.2776 39.0159 0.07829
39.2776 39.0159 0.07840
39.2776 39.0159 0.07833
39.2535 39.0039 0.07914
39.2655 39.0280 0.07880
39.2655 39.0159 0.07884
39.2776 39.0039 0.07958
39.2776 39.0280 0.07921
39.2776 39.0039 0.07894
39.2776 39.0039 0.08002
39.2776 39.0401 0.07952
39.2776 39.0159 0.07955
39.2897 39.0159 0.07907
39.2776 39.0039 0.07914
39.2414 39.0159 0.07948
39.2776 39.0522 0.07907
39.2776 39.0159 0.07833
39.2776 39.0401 0.07860
39.3018 39.0159 0.08033
39.2535 39.0280 0.07955
39.2776 39.0039 0.07958
39.2776 39.0642 0.07887
39.2897 39.0159 0.07884
39.2776 39.0039 0.07850
39.2535 39.0401 0.07935
39.2776 39.0401 0.07982
39.3018 39.0159 0.07975
39.2897 39.0401 0.07992
39.2776 39.0401 0.07975
39.2655 39.0401 0.07924
39.3018 39.0401 0.07999
39.2776 39.0159 0.07989
39.2776 39.0280 0.07996
39.2776 38.9918 0.07975
39.3018 39.0280 0.07938
39.2535 39.0642 0.07911
39.2897 39.0401 0.07989
39.2897 39.0401 0.08026
39.3139 39.0159 0.08019
39.3018 39.0522 0.07989
39.2655 39.0522 0.08009
39.2897 39.0159 0.07979
39.2655 39.0039 0.07999
39.2776 39.0401 0.07996
39.2776 39.0159 0.07938
39.2897 39.0522 0.07958
39.3018 39.0159 0.07958
39.2776 39.0401 0.07985
39.2776 39.0401 0.07965
39.2776 39.0039 0.07853
39.2897 39.0401 0.07890
39.2655 39.0159 0.07870
39.3018 39.0522 0.07870
39.3139 39.0159 0.07877
39.2897 39.0401 0.07857
39.3260 39.0280 0.07894
39.2776 39.0401 0.07938
39.3139 39.0642 0.07894
39.3139 39.0280 0.07904
39.3139 39.0280 0.07894
39.2897 39.0401 0.07907
39.2897 39.0401 0.07952
39.2776 39.0401 0.07999
39.2776 39.0401 0.07941
39.2776 39.0401 0.07897
39.3018 39.0159 0.07945
39.3139 39.0642 0.07975
39.2897 39.0401 0.08046
39.3260 39.0522 0.08057
39.2776 39.0280 0.08046
39.2897 39.0522 0.08046
39.2776 39.0522 0.08033
39.2535 39.0401 0.08019
39.2655 39.0522 0.08002
39.2897 39.0401 0.08009
39.3260 39.0039 0.08016
39.3139 39.0522 0.08138
39.3139 39.0642 0.08114
39.3018 39.0401 0.08108
39.2897 39.0401 0.08155
39.3018 39.0401 0.08240
39.3139 39.0763 0.08338
39.3260 39.0642 0.07741
39.3381 39.0763 0.07728
39.3381 39.0884 0.07741
39.3622 39.0763 0.08433
39.3501 39.0642 0.08484
39.1930 39.1005 0.08294
39.2293 39.1005 0.08314
39.2776 39.1488 0.08331
39.3139 39.1971 0.08338
39.3501 39.1971 0.08338
39.3381 39.1971 0.08375
39.3743 39.2212 0.08335
39.3743 39.2333 0.08369
39.3985 39.2695 0.08396
39.4227 39.2574 0.08396
39.4710 39.2816 0.08396
39.4831 39.2936 0.08436
39.4710 39.3419 0.08426
39.5435 39.3178 0.08440
39.5194 39.3299 0.08430
39.5314 39.3419 0.08467
39.5677 39.4144 0.08470
39.5677 39.3540 0.08470
39.5919 39.3902 0.08470
39.5919 39.4385 0.08480
39.5919 39.3902 0.08487
39.6523 39.4023 0.08494
39.6402 39.4385 0.08474
39.6523 39.4265 0.08501
39.6644 39.4144 0.08508
39.7127 39.4265 0.08474
39.6765 39.4506 0.08504
39.7248 39.4506 0.08545
39.7127 39.4868 0.08528
39.7127 39.4385 0.08545
39.7248 39.4627 0.08535
39.7611 39.5231 0.08562
39.7490 39.4868 0.08555
39.7732 39.4989 0.08548
39.7611 39.4989 0.08555
39.7853 39.5231 0.08562
39.7732 39.5351 0.08538
39.7973 39.5231 0.08558
39.8094 39.5231 0.08579
39.8094 39.5472 0.08565
39.8215 39.5472 0.08552
39.8215 39.5351 0.08589
39.8094 39.5351 0.08589
39.8215 39.5351 0.08586
39.8094 39.5231 0.08599
39.8578 39.4989 0.08582
39.8457 39.5472 0.08596
39.8336 39.4989 0.08572
39.8699 39.5351 0.08575
39.8457 39.5472 0.08603
39.8699 39.5351 0.08586
39.8699 39.5351 0.08579
39.8578 39.5351 0.08596
39.8819 39.5472 0.08623
39.8940 39.5351 0.08609
39.8699 39.5231 0.08603
39.8578 39.5472 0.08589
39.8578 39.5231 0.08613
39.8699 39.5231 0.08616
39.8699 39.5472 0.08589
39.8940 39.5351 0.08596
39.9061 39.5351 0.08606
39.8819 39.5231 0.08630
39.8699 39.5231 0.08599
39.8819 39.5110 0.08633
39.9061 39.5231 0.08633
39.9061 39.5351 0.08606
39.8819 39.5351 0.08620
39.9182 39.5231 0.08609
39.8819 39.4989 0.08606
39.9061 39.5472 0.08609
39.8940 39.5231 0.08626
39.8699 39.5351 0.08606
39.8940 39.5231 0.08623
39.8940 39.5351 0.08613
39.8699 39.4989 0.08620
39.9061 39.5231 0.08630
39.8819 39.4989 0.08620
39.8940 39.4989 0.08643
39.8819 39.4989 0.08630
39.9061 39.4868 0.08616
39.8819 39.4868 0.08623
39.8940 39.4868 0.08616
39.9061 39.4989 0.08603
39.8940 39.4989 0.08623
39.8940 39.4868 0.08613
39.9182 39.4868 0.08623
39.8819 39.4868 0.08620
39.8819 39.5231 0.08630
39.8940 39.4868 0.08626
39.9061 39.4868 0.08626
39.9182 39.4989 0.08630
39.8819 39.4868 0.08633
39.8699 39.4627 0.08636
39.8699 39.4748 0.08616
39.8940 39.4627 0.08620
39.8940 39.4627 0.08626
39.8819 39.4989 0.08616
39.8578 39.4748 0.08630
39.8578 39.4506 0.08626
39.8699 39.4868 0.08647
39.9061 39.4627 0.08613
39.8819 39.4868 0.08616
39.8699 39.4506 0.08623
39.9182 39.4627 0.08606
39.8699 39.4748 0.08626
39.8819 39.4385 0.08613
39.8699 39.4627 0.08609
39.8215 39.4748 0.08623
39.8578 39.4023 0.08596
39.8578 39.4506 0.08599
39.8940 39.4506 0.08616
39.8215 39.4627 0.08603
39.8699 39.4627 0.08582
39.8699 39.4627 0.08596
39.8457 39.4627 0.08609
39.8819 39.4506 0.08599
39.8578 39.4506 0.08582
39.8699 39.4868 0.08589
39.8819 39.4506 0.08589
39.8819 39.4868 0.08589
39.9061 39.4385 0.08599
39.8578 39.4627 0.08592
39.8819 39.4868 0.08589
39.8819 39.4506 0.08599
39.8578 39.4627 0.08609
39.8699 39.4627 0.08596
39.8699 39.4627 0.08599
39.8457 39.4506 0.08606
39.8699 39.4506 0.08609
39.8578 39.4265 0.08579
39.8699 39.4627 0.08599
39.8699 39.4627 0.08609
39.8457 39.4868 0.08603
39.9061 39.4748 0.08589
39.8578 39.4627 0.08596
39.8457 39.4265 0.08596
39.8578 39.4868 0.08572
39.8819 39.4506 0.08630
39.8578 39.4385 0.08575
39.8578 39.4506 0.08613
39.8578 39.4748 0.08586
39.8457 39.4748 0.08606
39.8699 39.4506 0.08592
39.9061 39.4868 0.08565
39.8578 39.4989 0.08165
39.8578 39.4989 0.08023
39.8578 39.4506 0.08030
39.8819 39.4506 0.08033
39.8578 39.4748 0.08074
39.8699 39.4868 0.08067
39.8819 39.4627 0.08141
39.8578 39.4627 0.08169
39.9182 39.4989 0.08318
39.8940 39.4868 0.08304
39.9061 39.4748 0.08341
39.8940 39.4868 0.08325
39.8699 39.4506 0.08399
39.8940 39.5231 0.08253
39.8940 39.4627 0.08145
39.9182 39.4748 0.08453
42.1179 41.2738 0.09298
42.1300 41.2617 0.09081
42.0574 41.2255 0.09077
42.0937 41.2255 0.09043
42.1058 41.2014 0.09057
42.1179 41.1651 0.08989
42.1179 41.1772 0.09016
42.0816 41.1289 0.09037
42.0574 41.1651 0.09047
42.1421 41.2617 0.09077
42.1300 41.2617 0.09030
42.1300 41.2497 0.09016
42.1058 41.2255 0.09040
42.0816 41.1893 0.09037
42.1300 41.2014 0.09006
42.0816 41.1651 0.09009
42.0454 41.1651 0.09030
42.0816 41.1289 0.09003
42.0574 41.1410 0.08996
42.0454 41.1410 0.09094
42.0937 41.2255 0.09006
42.1179 41.2617 0.09037
42.0816 41.2617 0.09016
42.0816 41.2376 0.08986
42.1179 41.1893 0.09030
42.0816 41.1893 0.09020
42.0695 41.1410 0.08993
42.0574 41.1289 0.09009
42.0937 41.1410 0.08993
42.0816 41.1169 0.09009
42.0333 41.1651 0.09081
42.0695 41.2617 0.09033
42.1058 41.2497 0.09040
42.1179 41.2014 0.09077
42.0816 41.1893 0.09071
42.0574 41.1531 0.09037
42.0937 41.1772 0.09030
42.0695 41.1531 0.09030
42.0454 41.1169 0.09023
42.0816 41.1289 0.09006
40.2445 40.0302 0.08677
40.2687 40.0664 0.08711
40.3775 40.1147 0.08718
40.3775 40.1388 0.08759
40.4258 40.1630 0.08769
40.4862 40.1992 0.08772
40.5346 40.2354 0.08792
40.5588 40.2596 0.08823
40.6071 40.2717 0.08850
40.6917 40.2958 0.08850
40.6917 40.3562 0.08870
40.7280 40.3562 0.08877
40.7763 40.4045 0.08918
40.7884 40.4407 0.08911
40.8609 40.4528 0.08945
40.8609 40.4528 0.08938
40.9093 40.4648 0.08962
40.8972 40.4648 0.08996
40.9455 40.5131 0.09006
41.0060 40.5494 0.08993
41.0180 40.5494 0.09033
41.0422 40.5614 0.09037
41.0422 40.5614 0.09050
41.0785 40.5977 0.09067
41.1147 40.6218 0.09064
41.1147 40.6460 0.09067
41.1389 40.6580 0.09101
41.1993 40.7063 0.09087
41.1872 40.6580 0.09108
41.2114 40.6943 0.09118
41.2235 40.6943 0.09091
41.2719 40.6943 0.09098
41.2719 40.7063 0.09125
41.2839 40.7426 0.09128
41.2960 40.7305 0.09148
41.3081 40.7546 0.09145
41.3444 40.7426 0.09148
41.3565 40.7546 0.09165
