36.7758 37.5067 0.06944
36.8362 37.5187 0.06938
36.8846 37.5308 0.06938
36.9450 37.5429 0.06978
36.9571 37.6153 0.07012
37.0054 37.6153 0.07036
37.0779 37.6516 0.07043
37.1142 37.6757 0.07033
37.1384 37.6636 0.07043
37.2109 37.6999 0.07036
37.2472 37.7481 0.07053
37.2713 37.7723 0.07063
37.3076 37.7964 0.07050
37.3438 37.8206 0.07080
37.3801 37.8085 0.07165
37.4043 37.8447 0.07165
37.4768 37.8689 0.07185
37.4768 37.8810 0.07182
37.4647 37.9051 0.07178
37.5372 37.9172 0.07185
37.5977 37.9293 0.07192
37.6218 37.9655 0.07185
37.6097 37.9534 0.07216
37.6581 37.9896 0.07195
37.6823 37.9896 0.07202
37.7427 38.0259 0.07172
37.7306 38.0259 0.07239
37.7669 38.0379 0.07236
37.7910 38.0621 0.07233
37.7910 38.0862 0.07212
37.8515 38.0983 0.07229
37.8515 38.0983 0.07239
37.8515 38.1104 0.07233
37.9240 38.1345 0.07243
37.9240 38.1345 0.07256
37.9361 38.1828 0.07233
37.9602 38.1949 0.07270
38.0207 38.1828 0.07256
37.9965 38.1949 0.07277
37.9965 38.1949 0.07290
38.0569 38.2070 0.07270
38.0690 38.2553 0.07267
38.0690 38.2311 0.07263
38.0690 38.2794 0.07277
38.1053 38.2432 0.07300
38.1174 38.2673 0.07307
38.1536 38.2432 0.07317
38.1778 38.2915 0.07290
38.1899 38.2915 0.07314
38.2020 38.3036 0.07317
38.1899 38.3036 0.07304
38.2141 38.3277 0.07321
38.2624 38.3398 0.07321
38.2503 38.3398 0.07284
38.2624 38.3519 0.07287
38.2624 38.3398 0.07300
38.3107 38.3881 0.07290
38.2987 38.4122 0.07300
38.3107 38.3881 0.07236
38.3228 38.4122 0.07175
38.3349 38.4122 0.07212
38.3349 38.3760 0.07243
38.3349 38.4243 0.07239
38.3591 38.4364 0.07277
38.3833 38.4605 0.07277
38.3953 38.4243 0.07270
38.3833 38.4364 0.07321
38.4558 38.4847 0.07307
38.4195 38.4485 0.07314
38.4074 38.5088 0.07287
38.4558 38.4847 0.07270
38.4679 38.4485 0.07297
38.4920 38.4967 0.07314
38.5041 38.4967 0.07297
38.4920 38.4847 0.07277
38.5041 38.4967 0.07304
38.5283 38.5571 0.07284
38.5283 38.5330 0.07304
38.5162 38.5330 0.07294
38.5525 38.5209 0.07307
38.5404 38.5209 0.07304
38.5525 38.5692 0.07324
38.5525 38.5330 0.07304
38.5766 38.5450 0.07304
38.5887 38.5450 0.07304
38.5766 38.5692 0.07324
38.6008 38.5813 0.07307
38.6008 38.5813 0.07311
38.6008 38.5813 0.07300
38.6250 38.5813 0.07304
38.6129 38.6175 0.07280
38.6008 38.6054 0.07317
38.6492 38.5813 0.07324
38.6129 38.6175 0.07368
38.6371 38.6175 0.07385
38.6854 38.6175 0.07392
38.6733 38.6416 0.07406
38.6733 38.6296 0.07433
38.6975 38.6175 0.07446
38.6733 38.6175 0.07402
38.7096 38.6296 0.07392
38.7217 38.6416 0.07402
38.7096 38.6416 0.07429
38.7458 38.6779 0.07446
38.7458 38.6658 0.07433
38.7217 38.6779 0.07456
38.7217 38.6899 0.07514
38.7458 38.6658 0.07507
38.7458 38.6779 0.07517
38.7579 38.6899 0.07572
38.7579 38.7020 0.07524
38.7579 38.6658 0.07555
38.7579 38.6899 0.07511
38.7700 38.6779 0.07477
38.7458 38.6779 0.07494
38.7579 38.6658 0.07453
38.7700 38.7141 0.07463
38.7700 38.6899 0.07484
38.7700 38.7141 0.07463
38.7942 38.7141 0.07463
38.8425 38.7503 0.07460
38.7821 38.7020 0.07467
38.8304 38.7262 0.07490
38.8425 38.7262 0.07490
38.8304 38.7503 0.07507
38.8546 38.7624 0.07494
38.8546 38.7382 0.07484
38.8425 38.7503 0.07521
38.8184 38.7503 0.07507
38.8667 38.7503 0.07524
38.8667 38.7262 0.07514
38.8425 38.7624 0.07484
38.8909 38.7503 0.07490
38.8788 38.7745 0.07477
38.8788 38.7624 0.07456
38.8546 38.7865 0.07521
38.8788 38.7503 0.07507
38.8909 38.7986 0.07497
38.8909 38.7745 0.07504
38.9030 38.7986 0.07463
38.9271 38.7745 0.07395
38.8909 38.7986 0.07419
38.8909 38.7745 0.07453
38.9030 38.8348 0.07528
38.9150 38.8107 0.07538
38.9271 38.8107 0.07545
38.9030 38.7986 0.07531
38.8909 38.8107 0.07551
38.9392 38.7986 0.07562
38.9392 38.7986 0.07545
38.9271 38.8107 0.07524
38.9392 38.8107 0.07521
38.9513 38.8590 0.07562
38.9271 38.8107 0.07538
38.9876 38.8469 0.07558
38.9392 38.8469 0.07579
38.9513 38.8348 0.07538
38.9271 38.8107 0.07545
38.9755 38.8469 0.07551
38.9876 38.8469 0.07572
38.9513 38.8469 0.07562
38.9634 38.8348 0.07599
38.9876 38.8590 0.07555
38.9513 38.8469 0.07599
38.9513 38.8710 0.07565
38.9755 38.8590 0.07565
38.9755 38.8348 0.07602
38.9513 38.8469 0.07572
39.0238 38.8710 0.07585
38.9876 38.8590 0.07592
38.9876 38.8831 0.07558
38.9996 38.8710 0.07562
38.9876 38.8831 0.07568
39.0238 38.8831 0.07551
38.9996 38.8590 0.07568
38.9755 38.9073 0.07575
39.0117 38.8952 0.07562
39.0238 38.8831 0.07585
39.0238 38.8710 0.07558
39.0117 38.8710 0.07565
39.0480 38.9073 0.07568
39.0480 38.9073 0.07558
39.0117 38.9073 0.07589
39.0117 38.9193 0.07599
39.0359 38.9073 0.07558
39.0359 38.8710 0.07565
39.0601 38.9073 0.07616
39.0238 38.9073 0.07585
39.0601 38.9435 0.07589
39.0359 38.9193 0.07572
39.0601 38.9073 0.07612
39.0601 38.8952 0.07629
39.0843 38.9435 0.07602
39.0359 38.9073 0.07609
39.0843 38.9193 0.07599
39.0601 38.9193 0.07589
39.0722 38.9073 0.07606
39.0601 38.8831 0.07609
39.0843 38.9314 0.07595
39.0722 38.8952 0.07616
39.0722 38.9314 0.07643
39.0722 38.9556 0.07623
39.0843 38.9193 0.07616
39.0963 38.9435 0.07592
39.1084 38.9435 0.07863
39.0843 38.9193 0.07867
39.1084 38.9435 0.07874
39.0722 38.9435 0.07982
39.0963 38.9435 0.08009
39.1326 38.9676 0.07931
39.1447 38.9676 0.07497
39.1689 38.9918 0.07490
39.1447 39.0039 0.07463
39.1930 38.9918 0.07456
39.1447 38.9676 0.07799
39.1326 38.9556 0.07897
39.1809 38.9918 0.07809
42.5288 41.5757 0.09644
42.5167 41.5757 0.09450
42.4926 41.5757 0.09406
42.4926 41.5515 0.09399
42.4684 41.5636 0.09399
42.4926 41.5636 0.09399
42.4442 41.5757 0.09386
42.4805 41.5515 0.09393
42.5046 41.5395 0.09389
42.4684 41.5395 0.09399
42.4805 41.5274 0.09382
42.4563 41.5153 0.09366
42.4321 41.5153 0.09396
42.4321 41.5274 0.09359
42.4684 41.4912 0.09376
42.4442 41.5032 0.09376
42.4563 41.5153 0.09386
42.4442 41.5032 0.09376
42.4321 41.5032 0.09369
42.4442 41.5032 0.09366
42.4321 41.5153 0.09379
42.4321 41.4791 0.09382
42.4080 41.4791 0.09362
42.4080 41.5032 0.09366
42.4080 41.5032 0.09369
42.4200 41.5032 0.09359
42.3959 41.4791 0.09369
42.4200 41.4912 0.09355
42.3838 41.5032 0.09342
42.4321 41.4912 0.09332
42.4321 41.4429 0.09321
42.4321 41.4429 0.09362
42.3838 41.4549 0.09335
42.4200 41.4549 0.09345
42.4080 41.4670 0.09325
42.4442 41.4912 0.09328
42.4080 41.4549 0.09318
42.4080 41.4549 0.09335
42.4321 41.4429 0.09321
42.4321 41.4549 0.09332
42.4080 41.4187 0.09325
42.4200 41.4670 0.09308
42.3838 41.4670 0.09294
42.4321 41.4429 0.09274
42.4080 41.4308 0.09291
42.4080 41.4670 0.09281
42.4080 41.4429 0.09277
42.4080 41.4670 0.09291
42.3717 41.4670 0.09264
42.4321 41.4429 0.09243
42.3717 41.4791 0.09267
42.4200 41.4187 0.09271
42.3838 41.4429 0.09257
42.3717 41.4429 0.09260
42.3596 41.4308 0.09271
42.3838 41.4308 0.09267
42.3717 41.4187 0.09277
42.3596 41.4308 0.09267
42.3959 41.4187 0.09277
42.3838 41.4187 0.09264
42.3717 41.4791 0.09288
42.3596 41.4429 0.09915
42.3717 41.4429 0.09728
42.3717 41.4187 0.09511
42.3717 41.4549 0.09562
42.4080 41.4187 0.09525
42.4080 41.4308 0.09108
42.3959 41.4308 0.09125
42.3717 41.4187 0.09376
42.3717 41.4187 0.09535
32.1105 34.4760 0.05836
32.3281 34.6209 0.05893
32.5094 34.7417 0.05954
32.6786 34.9107 0.05988
32.8961 35.0073 0.06032
33.0653 35.1401 0.06104
33.2466 35.2729 0.06137
33.4279 35.3695 0.06192
33.5730 35.4903 0.06232
33.7543 35.5869 0.06280
33.9114 35.6714 0.06293
34.0081 35.7680 0.06348
34.1531 35.8163 0.06382
34.3223 35.9491 0.06432
34.4190 36.0095 0.06473
34.5519 36.0940 0.06521
34.6849 36.1906 0.06558
34.7695 36.2389 0.06599
34.8904 36.2992 0.06643
35.0112 36.3958 0.06677
35.1200 36.4562 0.06683
35.2046 36.5287 0.06741
35.3134 36.5528 0.06765
35.4101 36.6373 0.06805
35.5067 36.7218 0.06829
35.5672 36.6977 0.06833
35.6639 36.7581 0.06866
35.7726 36.8426 0.06897
35.8452 36.8909 0.06931
35.8935 36.9150 0.06982
35.9902 36.9754 0.06989
36.0506 36.9995 0.06995
36.1111 37.0599 0.07009
36.1836 37.1082 0.07050
36.2440 37.1686 0.07083
36.3165 37.1927 0.07073
36.3770 37.2169 0.07077
36.4011 37.2652 0.07145
36.4857 37.3014 0.07155
36.5220 37.3135 0.07195
36.5824 37.3376 0.07206
36.6428 37.3497 0.07216
36.7033 37.3980 0.07222
36.7395 37.4221 0.07219
36.8121 37.4704 0.07256
36.8483 37.4946 0.07267
36.9208 37.5187 0.07297
36.9329 37.5429 0.07287
36.9571 37.5550 0.07307
37.0296 37.5791 0.07334
37.0538 37.6033 0.07358
37.1142 37.6516 0.07368
37.1142 37.6636 0.07341
37.1505 37.6999 0.07338
37.2109 37.6878 0.07365
37.2472 37.7119 0.07368
37.2713 37.7602 0.07385
37.2955 37.7481 0.07416
37.3076 37.7602 0.07389
37.3680 37.8085 0.07412
37.3922 37.7964 0.07433
37.4164 37.8327 0.07467
37.4164 37.8447 0.07487
37.4889 37.8568 0.07467
37.5251 37.8689 0.07490
37.5251 37.9051 0.07501
37.5251 37.8930 0.07514
37.5493 37.9534 0.07528
37.5614 37.9172 0.07538
37.6218 37.9413 0.07504
37.6097 37.9776 0.07558
37.6702 37.9655 0.07551
37.6823 37.9776 0.07555
37.7064 37.9896 0.07562
37.7064 38.0138 0.07565
37.7306 38.0138 0.07551
37.7789 38.0259 0.07572
37.7910 38.0259 0.07592
37.8031 38.0621 0.07572
37.8273 38.0621 0.07602
37.8031 38.0621 0.07623
37.8515 38.0862 0.07602
37.8877 38.1345 0.07609
37.8877 38.0983 0.07629
37.9119 38.1345 0.07636
37.9240 38.1587 0.07626
37.9361 38.1345 0.07653
37.9844 38.1345 0.07646
37.9844 38.1345 0.07660
37.9844 38.1707 0.07653
38.0086 38.1828 0.07650
38.0328 38.1707 0.07657
38.0328 38.1949 0.07670
38.0328 38.1949 0.07670
38.0328 38.2190 0.07670
38.0569 38.2311 0.07690
38.0328 38.2190 0.07677
38.0811 38.2311 0.07677
38.1174 38.2311 0.07714
38.1294 38.2673 0.07690
38.1294 38.2794 0.07724
38.1174 38.2432 0.07694
38.1415 38.2915 0.07721
38.1657 38.2915 0.07718
38.1778 38.3036 0.07728
38.1778 38.2915 0.07731
38.1657 38.2915 0.07731
38.1899 38.2915 0.07741
38.1899 38.3036 0.07731
38.2382 38.3398 0.07728
38.2261 38.3156 0.07758
38.2141 38.3156 0.07738
38.2261 38.3398 0.07745
38.2141 38.3760 0.07748
38.2745 38.3398 0.07738
38.3228 38.3760 0.07463
38.2987 38.4002 0.07456
38.3228 38.3881 0.07429
38.2987 38.4122 0.07514
38.3349 38.4122 0.07687
38.3470 38.4243 0.07735
38.3470 38.4122 0.07558
38.4074 38.4243 0.07480
38.4074 38.4364 0.07490
38.4074 38.4364 0.07511
38.4195 38.4364 0.07806
38.3833 38.4726 0.07802
38.4195 38.4364 0.07941
42.1662 41.3100 0.09386
42.1662 41.2859 0.09155
42.1541 41.2376 0.09111
42.1300 41.2738 0.09108
42.1783 41.2617 0.09094
42.1300 41.2255 0.09132
42.1300 41.2376 0.09118
42.1300 41.2255 0.09111
42.1421 41.2376 0.09115
42.1421 41.2134 0.09104
42.1179 41.2255 0.09101
42.0937 41.2255 0.09087
42.1179 41.2255 0.09104
42.0695 41.2014 0.09128
42.1300 41.2255 0.09091
42.1179 41.2255 0.09118
42.0937 41.1893 0.09108
42.0937 41.2376 0.09104
42.0816 41.1893 0.09111
42.0816 41.2134 0.09104
42.0937 41.1893 0.09098
42.0816 41.1893 0.09115
42.0816 41.2255 0.09104
42.1058 41.2014 0.09098
42.0816 41.2134 0.09104
42.0816 41.1893 0.09098
42.0695 41.1893 0.09101
42.0574 41.1893 0.09094
42.1179 41.1651 0.09098
42.0695 41.2014 0.09084
42.0816 41.1772 0.09081
42.0695 41.2134 0.09098
42.0937 41.2014 0.09101
42.0574 41.1893 0.09108
42.0695 41.1651 0.09101
42.0695 41.1772 0.09104
42.0454 41.1651 0.09121
42.0937 41.1772 0.09104
42.0454 41.1893 0.09104
42.0816 41.2255 0.09094
42.0574 41.1772 0.09094
42.0333 41.1893 0.09104
42.0816 41.1531 0.09118
42.0816 41.1772 0.09115
42.0574 41.2014 0.09084
42.0333 41.1893 0.09087
42.0695 41.1772 0.09084
42.0454 41.1772 0.09081
42.0212 41.1651 0.09101
42.0695 41.1893 0.09098
42.0574 41.1772 0.09084
42.0454 41.1893 0.09074
42.0574 41.1410 0.09098
42.0574 41.1531 0.09074
42.0454 41.1531 0.09074
42.0574 41.1772 0.09101
42.0454 41.1772 0.09081
42.0454 41.1531 0.09084
42.0574 41.1651 0.09094
42.0574 41.1410 0.09077
42.0454 41.1893 0.09091
42.0333 41.1651 0.09077
42.0574 41.1651 0.09094
42.0454 41.1531 0.09104
42.0333 41.1410 0.09087
42.0333 41.1289 0.09064
42.0574 41.1651 0.09077
42.0333 41.1410 0.09077
42.0454 41.1410 0.09074
42.0091 41.1531 0.09057
42.0212 41.1410 0.09071
42.0212 41.1289 0.09074
42.0454 41.1531 0.09071
42.0454 41.1531 0.09050
42.0333 41.1772 0.09047
42.0454 41.1048 0.09060
42.0574 41.1289 0.09064
42.0454 41.1289 0.09057
42.0574 41.1531 0.09023
42.0454 41.1410 0.09037
42.0091 41.1410 0.09074
42.0333 41.1289 0.09040
42.0333 41.1289 0.09047
42.0454 41.1531 0.09057
42.0333 41.1410 0.09067
42.0333 41.1169 0.09037
42.0333 41.1531 0.09067
42.0333 41.1289 0.09067
42.0333 41.1289 0.09071
42.0333 41.1289 0.09067
42.0333 41.1651 0.09077
41.9849 41.1169 0.09071
42.0333 41.1169 0.09047
42.0091 41.1289 0.09057
41.9970 41.1289 0.09026
42.0333 41.1169 0.09050
41.9970 41.1289 0.09033
42.0212 41.1410 0.09040
42.0091 41.1169 0.09060
42.0333 41.1289 0.09020
42.0091 41.1410 0.09050
42.0333 41.1289 0.09033
41.9970 41.1169 0.09050
42.0212 41.1289 0.09043
42.0091 41.1289 0.09043
42.0091 41.1289 0.09033
41.9970 41.1048 0.09043
41.9970 41.1169 0.09040
41.9849 41.1289 0.09043
41.9849 41.1169 0.09047
41.9849 41.1289 0.09050
42.0091 41.1289 0.09037
42.0212 41.1169 0.09047
42.0212 41.0927 0.09047
41.9849 41.1289 0.09047
42.0212 41.1289 0.09060
41.9849 41.1289 0.09043
41.9970 41.1169 0.09057
42.0212 41.1048 0.09057
41.9970 41.1048 0.09047
42.0333 41.1169 0.09067
41.9970 41.0927 0.09074
41.9849 41.1169 0.09047
42.0333 41.1169 0.09060
41.9970 41.0927 0.09040
42.0091 41.0927 0.09071
41.9849 41.1048 0.09074
42.0091 41.1169 0.09057
42.0212 41.1289 0.09030
41.9849 41.1289 0.09040
41.9849 41.1169 0.09071
41.9849 41.0927 0.09071
41.9970 41.1048 0.09077
41.9849 41.1048 0.09064
41.9608 41.0927 0.09074
41.9970 41.1289 0.09054
41.9849 41.0806 0.09060
42.0212 41.1169 0.09064
42.0212 41.0686 0.09057
41.9849 41.1169 0.09084
42.0091 41.1289 0.09077
42.0091 41.1169 0.09081
41.9970 41.0927 0.09074
41.9849 41.1169 0.09060
41.9849 41.1169 0.09057
41.9728 41.1169 0.09047
42.0212 41.0927 0.09067
41.9970 41.1289 0.09060
41.9728 41.1048 0.09043
42.0212 41.1169 0.09016
42.0091 41.0927 0.09047
41.9970 41.1169 0.09040
41.9728 41.1048 0.09013
41.9728 41.1048 0.09016
41.9849 41.0927 0.08979
41.9970 41.1289 0.08979
41.9728 41.0686 0.09023
41.9849 41.0927 0.09023
41.9728 41.1048 0.09016
41.9849 41.1048 0.09006
41.9970 41.0927 0.09023
41.9849 41.0686 0.09023
41.9970 41.0927 0.09037
41.9970 41.0806 0.08993
42.0091 41.0927 0.09023
41.9608 41.1169 0.09009
41.9487 41.0806 0.09003
41.9849 41.0806 0.09006
41.9849 41.0806 0.08965
41.9849 41.1169 0.08986
41.9849 41.0927 0.08972
41.9849 41.0927 0.08969
41.9608 41.0927 0.08982
42.0091 41.0565 0.08982
41.9970 41.0806 0.09003
42.0091 41.0806 0.08965
41.9849 41.1048 0.08996
41.9487 41.0806 0.08993
41.9487 41.0806 0.08965
41.9608 41.0686 0.08972
41.9728 41.0686 0.08965
41.9487 41.0686 0.08976
41.9849 41.0686 0.08982
41.9728 41.0806 0.08979
41.9849 41.0686 0.08999
41.9728 41.1169 0.09006
41.9608 41.0927 0.09016
41.9608 41.0806 0.08989
41.9728 41.0806 0.08965
41.9970 41.0565 0.08989
41.9849 41.0686 0.09006
41.9366 41.0686 0.08996
41.9728 41.0686 0.09003
41.9608 41.0927 0.08996
41.9849 41.0806 0.08982
41.9487 41.0806 0.08993
41.9728 41.0686 0.08996
41.9728 41.0806 0.09016
41.9849 41.0686 0.09009
41.9728 41.0927 0.08976
41.9608 41.0927 0.08982
41.9970 41.0565 0.08979
41.9487 41.0686 0.08972
41.9245 41.0686 0.08999
41.9366 41.1048 0.08976
42.0091 41.0686 0.08999
41.9728 41.0927 0.08979
41.9849 41.0323 0.09009
41.9608 41.0806 0.08996
41.9728 41.0927 0.09020
41.9849 41.0806 0.09009
41.9608 41.0806 0.08996
37.9723 38.1828 0.07426
37.9965 38.1707 0.07426
38.0086 38.1949 0.07450
38.0207 38.1949 0.07429
38.0328 38.2673 0.07423
38.0328 38.1949 0.07436
38.0690 38.2311 0.07433
38.0569 38.2794 0.07419
38.0811 38.2673 0.07419
38.0932 38.2673 0.07440
38.1536 38.2915 0.07433
38.1415 38.2673 0.07446
38.1657 38.2915 0.07453
38.1657 38.2915 0.07463
38.1778 38.3036 0.07470
38.1899 38.3036 0.07494
38.2020 38.2915 0.07490
38.2141 38.3398 0.07497
38.2141 38.3277 0.07484
38.2261 38.3398 0.07497
38.2503 38.3398 0.07484
38.2624 38.3398 0.07497
38.2745 38.3519 0.07507
38.2503 38.3881 0.07497
38.2261 38.3881 0.07507
38.3107 38.3519 0.07497
38.2745 38.4122 0.07511
38.2987 38.3881 0.07507
38.3107 38.4122 0.07531
38.3470 38.4002 0.07521
38.3591 38.3881 0.07514
38.3591 38.4243 0.07504
38.3470 38.4243 0.07541
38.3591 38.4485 0.07528
38.3712 38.4243 0.07562
38.4074 38.4243 0.07548
38.3833 38.4605 0.07558
38.3712 38.4726 0.07548
38.4074 38.4726 0.07562
38.3953 38.4364 0.07558
38.4074 38.4726 0.07589
38.4316 38.4605 0.07595
38.4316 38.4726 0.07602
38.4679 38.5209 0.07609
38.4679 38.4847 0.07585
38.4679 38.4967 0.07575
38.4558 38.4726 0.07623
38.4679 38.5088 0.07606
38.5041 38.5209 0.07575
38.5041 38.5571 0.07592
38.4920 38.5209 0.07616
38.4920 38.5330 0.07623
38.5041 38.5209 0.07633
38.5041 38.5330 0.07646
38.5162 38.5330 0.07657
38.5041 38.5450 0.07636
38.5162 38.5330 0.07667
38.5645 38.5571 0.07640
38.5766 38.5450 0.07643
38.5645 38.5571 0.07663
38.5525 38.5450 0.07650
38.5645 38.5692 0.07670
38.5525 38.5571 0.07663
38.5766 38.5692 0.07670
38.5645 38.5813 0.07660
38.5525 38.5933 0.07687
38.5645 38.5933 0.07694
38.6008 38.5933 0.07680
38.6129 38.5692 0.07728
38.6008 38.5813 0.07697
38.6008 38.6175 0.07680
38.6250 38.5933 0.07694
38.6371 38.6175 0.07690
38.6250 38.5813 0.07704
38.6492 38.6175 0.07677
38.6492 38.5813 0.07704
38.6492 38.6175 0.07704
38.6492 38.6054 0.07697
38.6612 38.6054 0.07704
38.6250 38.6296 0.07714
38.6733 38.6296 0.07707
38.6975 38.6416 0.07724
38.6854 38.6296 0.07724
38.6854 38.6416 0.07728
38.6854 38.6658 0.07731
38.6733 38.6296 0.07707
38.6975 38.6658 0.07714
38.6854 38.6416 0.07714
38.6975 38.6658 0.07721
38.7217 38.6296 0.07735
38.7096 38.6658 0.07704
38.7096 38.6658 0.07721
38.7458 38.6658 0.07751
38.6975 38.6658 0.07748
38.7096 38.6779 0.07741
38.7942 38.6779 0.07728
38.7217 38.6537 0.07762
38.7579 38.6779 0.07751
38.7458 38.6899 0.07755
38.7217 38.7020 0.07751
38.7217 38.6899 0.07755
38.7579 38.7020 0.07741
38.7458 38.6899 0.07762
38.7458 38.7020 0.07755
38.7700 38.7020 0.07765
38.7821 38.7141 0.07745
38.8184 38.7141 0.07762
38.7700 38.7141 0.07741
38.7700 38.7020 0.07755
38.7700 38.7503 0.07779
38.7942 38.7262 0.07745
38.7700 38.7262 0.07741
38.7942 38.7141 0.07748
38.7579 38.6779 0.07731
38.8063 38.7262 0.07758
38.8063 38.7382 0.07755
38.7942 38.7262 0.07748
38.8184 38.7141 0.07724
38.8184 38.7382 0.07748
38.8184 38.7745 0.07704
38.8184 38.7503 0.07721
38.8546 38.7624 0.07751
38.8184 38.7262 0.07738
38.8304 38.7624 0.07762
38.8546 38.7503 0.07751
38.8184 38.7503 0.07765
38.7942 38.7745 0.07735
38.8425 38.7745 0.07738
38.8546 38.7262 0.07714
38.8546 38.7745 0.07735
38.8184 38.7865 0.07755
38.8546 38.7745 0.07731
38.8667 38.7986 0.07738
38.8546 38.7745 0.07731
38.8667 38.7745 0.07745
38.8788 38.7865 0.07765
38.8909 38.8107 0.07755
38.8909 38.7745 0.07758
38.8667 38.8348 0.07751
38.8909 38.7986 0.07751
38.8546 38.8107 0.07782
38.8546 38.8107 0.07765
38.9030 38.7865 0.07768
38.9030 38.8107 0.07768
38.8909 38.8107 0.07779
38.8909 38.8228 0.07792
38.8909 38.8107 0.07768
38.9271 38.8107 0.07772
38.8909 38.8228 0.07779
38.9150 38.8228 0.07751
38.9271 38.8228 0.07775
38.8667 38.8228 0.07775
38.9150 38.8228 0.07748
38.9513 38.8348 0.07768
38.9392 38.8469 0.07755
38.9030 38.8228 0.07772
38.9392 38.8710 0.07789
38.9513 38.8590 0.07765
38.9634 38.8348 0.07772
38.9513 38.8107 0.07779
38.9513 38.8348 0.07779
38.9150 38.8469 0.07792
38.9513 38.8348 0.07779
38.9030 38.8469 0.07768
38.9513 38.8469 0.07775
38.9634 38.8348 0.07809
38.9634 38.8469 0.07768
38.9634 38.8590 0.07751
38.9755 38.8469 0.07802
38.9634 38.8590 0.07792
38.9876 38.8590 0.07789
38.9876 38.8710 0.07768
38.9876 38.8710 0.07775
38.9876 38.8831 0.07724
38.9996 38.8831 0.07677
38.9876 38.8590 0.07687
39.0359 38.8710 0.07711
38.9876 38.8831 0.07714
38.9996 38.8952 0.07829
39.0480 38.9193 0.07440
39.0480 38.9073 0.07429
39.0722 38.9073 0.07440
39.0359 38.9073 0.07938
39.0359 38.8831 0.07935
39.0601 38.9314 0.07965
42.6134 41.6723 0.09769
42.5892 41.6723 0.09389
42.5651 41.6481 0.09355
42.6134 41.6119 0.09338
42.5772 41.6119 0.09386
42.5772 41.6119 0.09349
42.5651 41.6360 0.09355
42.5651 41.5998 0.09335
42.5288 41.5636 0.09345
42.5288 41.5395 0.09342
42.5409 41.5877 0.09328
42.4926 41.5274 0.09372
42.5892 41.6602 0.09552
42.6255 41.7085 0.09416
42.5772 41.6602 0.09304
42.5892 41.6481 0.09328
42.5530 41.6602 0.09291
42.5288 41.6360 0.09325
42.5409 41.6119 0.09291
42.5530 41.5757 0.09301
42.5288 41.5877 0.09311
42.5288 41.5636 0.09304
42.4926 41.5636 0.09304
42.4926 41.5395 0.09271
42.5409 41.5395 0.09298
42.5167 41.5395 0.09379
42.5288 41.6119 0.09477
42.5892 41.6602 0.09338
42.5651 41.6240 0.09284
42.5530 41.6240 0.09271
42.5046 41.6119 0.09267
42.4805 41.5998 0.09274
42.5288 41.5877 0.09274
42.4684 41.5636 0.09281
42.5046 41.5153 0.09271
42.5167 41.5636 0.09298
42.4805 41.5153 0.09277
42.4684 41.5395 0.09260
42.4926 41.5032 0.09257
42.4805 41.5395 0.09376
42.5409 41.6119 0.09467
42.5409 41.6723 0.09264
42.5288 41.6360 0.09226
42.5167 41.6240 0.09206
42.5167 41.5877 0.09233
42.4805 41.5877 0.09243
42.4805 41.5757 0.09237
42.4805 41.5757 0.09243
42.4805 41.5395 0.09237
42.4442 41.5395 0.09223
42.4684 41.5153 0.09243
42.4684 41.4912 0.09254
42.4684 41.4912 0.09223
42.4321 41.5636 0.09447
42.5530 41.6119 0.09433
42.5288 41.6240 0.09196
42.4684 41.5877 0.09213
42.5167 41.5757 0.09220
42.4926 41.5636 0.09210
42.4805 41.5757 0.09230
42.4684 41.5274 0.09226
29.7054 32.5683 0.05229
30.0317 32.8460 0.05300
30.3822 33.1116 0.05334
30.6360 33.3652 0.05391
30.9261 33.5584 0.05469
31.2041 33.7878 0.05530
31.4216 33.9931 0.05605
31.6875 34.1742 0.05676
31.9534 34.3553 0.05727
32.1831 34.5123 0.05792
32.4127 34.6813 0.05859
32.6423 34.8383 0.05937
32.8478 34.9832 0.05981
33.0412 35.1160 0.05995
33.2587 35.2609 0.06059
33.4400 35.4178 0.06131
33.6213 35.5748 0.06161
33.8147 35.6231 0.06205
34.0081 35.7801 0.06236
34.1652 35.8646 0.06300
34.2619 35.9612 0.06354
34.4552 36.0698 0.06395
34.5761 36.1785 0.06426
34.7453 36.2751 0.06483
34.8904 36.3596 0.06497
34.9750 36.4441 0.06517
35.1321 36.5287 0.06561
35.2529 36.6011 0.06612
35.3617 36.6735 0.06636
35.4826 36.7581 0.06653
35.6034 36.8064 0.06704
35.7001 36.9030 0.06748
35.7968 36.9512 0.06768
35.8693 36.9754 0.06829
35.9902 37.0720 0.06826
36.0869 37.1324 0.06870
36.1836 37.2048 0.06924
36.2561 37.2410 0.06900
36.3165 37.2531 0.06948
36.3770 37.3014 0.06968
36.4978 37.3618 0.07009
36.5341 37.4101 0.07012
36.6308 37.4584 0.07056
36.7154 37.5187 0.07070
36.7758 37.5550 0.07094
36.8362 37.6033 0.07111
36.8967 37.6516 0.07128
36.9692 37.6636 0.07141
37.0054 37.7119 0.07161
37.0538 37.7361 0.07148
37.1384 37.7602 0.07192
37.2109 37.7964 0.07185
37.2592 37.8085 0.07189
37.2834 37.8568 0.07199
37.3438 37.8930 0.07216
37.3801 37.9293 0.07239
37.4284 37.9534 0.07250
37.4889 37.9413 0.07290
37.5251 38.0017 0.07256
37.5856 37.9776 0.07294
37.6097 38.0138 0.07290
37.6460 38.0379 0.07284
37.6823 38.0862 0.07300
37.7306 38.1345 0.07348
37.7789 38.1587 0.07372
37.7789 38.1587 0.07395
37.8031 38.1949 0.07412
37.8515 38.1949 0.07382
37.8515 38.2311 0.07419
37.9119 38.2311 0.07399
37.9482 38.2673 0.07412
37.9602 38.2673 0.07402
37.9965 38.2915 0.07426
38.0448 38.2915 0.07440
38.0328 38.3277 0.07429
38.0811 38.3036 0.07450
38.1053 38.3398 0.07429
38.1536 38.3760 0.07487
38.1415 38.3519 0.07467
38.1536 38.3639 0.07467
38.1899 38.4122 0.07473
38.2141 38.3881 0.07477
38.2745 38.4243 0.07473
38.2624 38.4364 0.07514
38.2987 38.4485 0.07490
38.3228 38.4726 0.07487
38.3349 38.4847 0.07504
38.3591 38.5088 0.07514
38.3591 38.4847 0.07521
38.3833 38.4726 0.07579
38.4437 38.5209 0.07558
38.4074 38.5088 0.07568
38.4074 38.5571 0.07548
38.4437 38.5209 0.07582
38.4679 38.5450 0.07565
38.4558 38.5813 0.07589
38.5041 38.5450 0.07606
38.4920 38.5813 0.07585
38.4920 38.5933 0.07595
38.5404 38.6054 0.07602
38.5766 38.6175 0.07606
38.6008 38.6175 0.07501
38.5887 38.6054 0.07517
38.6250 38.6175 0.07528
38.6008 38.6658 0.07524
38.6250 38.6296 0.07582
38.6854 38.6416 0.07490
38.6854 38.6537 0.07348
38.7096 38.6779 0.07348
38.6854 38.7020 0.07673
38.7096 38.7141 0.07762
38.6975 38.6658 0.07684
42.4200 41.5153 0.09830
42.4200 41.5274 0.09498
42.4200 41.5153 0.09515
42.4080 41.4912 0.09481
42.3838 41.4791 0.09464
42.3838 41.4429 0.09464
42.3717 41.5032 0.09599
42.4200 41.5274 0.09633
42.4321 41.5757 0.09467
42.3717 41.5153 0.09450
42.3838 41.5032 0.09437
42.3717 41.5032 0.09450
42.3717 41.4791 0.09454
42.3475 41.4429 0.09447
42.3717 41.4791 0.09440
42.3354 41.4187 0.09443
42.3113 41.4308 0.09450
42.3717 41.5032 0.09576
42.4080 41.5515 0.09494
42.4080 41.5153 0.09399
42.3717 41.4670 0.09410
42.3475 41.4308 0.09413
42.3717 41.4429 0.09416
42.3717 41.4187 0.09382
42.3596 41.4308 0.09399
42.3233 41.3946 0.09410
42.3354 41.4308 0.09416
42.3717 41.4429 0.09562
42.3717 41.5153 0.09488
42.3717 41.5032 0.09396
42.3717 41.4670 0.09382
42.3354 41.4308 0.09393
42.3233 41.4670 0.09396
42.3354 41.4066 0.09379
42.3354 41.4066 0.09382
42.3354 41.3825 0.09379
42.3475 41.4429 0.09538
42.3717 41.4791 0.09437
42.3475 41.4670 0.09366
42.3475 41.4429 0.09386
42.3596 41.4549 0.09362
42.3233 41.4187 0.09420
42.3233 41.3946 0.09410
42.3233 41.3946 0.09403
42.2871 41.3704 0.09433
42.3354 41.4187 0.09559
42.3596 41.4549 0.09559
42.3717 41.4308 0.09430
42.3354 41.4308 0.09420
42.3596 41.4429 0.09410
42.3233 41.4187 0.09433
42.3113 41.3825 0.09440
42.3233 41.3825 0.09437
42.2750 41.3704 0.09443
42.3717 41.4670 0.09555
42.3354 41.4791 0.09382
42.3717 41.4187 0.09389
42.3113 41.3946 0.09403
42.3233 41.4187 0.09396
42.2871 41.4066 0.09420
42.3113 41.3825 0.09416
42.3113 41.3704 0.09427
42.2508 41.3221 0.09454
42.3475 41.4187 0.09569
42.3354 41.4308 0.09450
42.2871 41.3825 0.09423
42.3354 41.3704 0.09396
42.3233 41.3946 0.09430
42.3233 41.3583 0.09427
42.2871 41.3704 0.09437
42.2871 41.3583 0.09437
42.2750 41.3946 0.09532
42.3113 41.4066 0.09450
42.3354 41.3946 0.09389
42.3113 41.3825 0.09406
42.2871 41.3825 0.09399
42.2871 41.3825 0.09379
42.2750 41.3463 0.09423
42.2750 41.3100 0.09389
42.2750 41.3583 0.09494
42.2992 41.3221 0.09413
42.2629 41.3221 0.09423
42.2508 41.3342 0.09399
42.2871 41.3221 0.09420
42.2871 41.2980 0.09420
42.2387 41.3100 0.09430
42.2387 41.3100 0.09437
42.2871 41.3583 0.09430
42.2871 41.3583 0.09399
42.2629 41.3221 0.09386
42.2508 41.3583 0.09379
42.2267 41.3583 0.09393
42.2387 41.2859 0.09413
42.2387 41.3221 0.09454
42.2750 41.3221 0.09481
42.2750 41.3342 0.09406
42.2387 41.3342 0.09410
42.2629 41.2980 0.09416
42.2267 41.3100 0.09416
42.2267 41.2859 0.09406
30.2251 32.9547 0.05303
30.5152 33.2203 0.05361
30.7811 33.4256 0.05446
31.0590 33.6671 0.05524
31.3370 33.8844 0.05554
31.5908 34.0293 0.05632
31.8326 34.2225 0.05700
32.0864 34.4036 0.05764
32.3160 34.5726 0.05842
32.5336 34.7296 0.05839
32.7511 34.8986 0.05924
32.9324 35.0556 0.05968
33.1620 35.1401 0.06026
33.3433 35.2971 0.06073
33.4884 35.4178 0.06131
33.6817 35.5265 0.06148
33.8630 35.6835 0.06202
34.0564 35.7921 0.06249
34.1894 35.8766 0.06300
34.3465 35.9732 0.06337
34.4915 36.0578 0.06361
34.6365 36.1785 0.06415
34.7574 36.2389 0.06446
34.8904 36.3355 0.06487
34.9991 36.4321 0.06514
35.1200 36.5045 0.06554
35.2771 36.5649 0.06612
35.3617 36.6494 0.06643
35.6155 36.7822 0.06185
35.7122 36.8788 0.06276
35.7968 36.9392 0.06300
35.8693 36.9875 0.06378
35.9781 37.0478 0.06453
36.0869 37.1082 0.06558
36.1836 37.1807 0.06639
36.2682 37.2169 0.06616
36.3649 37.2773 0.06663
36.4374 37.3014 0.06792
36.4978 37.3618 0.06805
36.5824 37.3738 0.06877
42.1300 41.2738 0.09661
42.1179 41.2859 0.09355
42.1179 41.2617 0.09338
42.1058 41.2497 0.09328
42.1179 41.2255 0.09321
42.0695 41.2376 0.09291
42.0816 41.2255 0.09277
42.0816 41.2134 0.09284
42.0937 41.2134 0.09284
42.0816 41.2014 0.09315
42.0816 41.2134 0.09291
42.0816 41.1893 0.09277
42.0574 41.2014 0.09298
42.0695 41.1772 0.09288
42.0574 41.2255 0.09260
42.0454 41.1893 0.09284
42.0574 41.1651 0.09315
42.0816 41.1893 0.09298
42.0454 41.1772 0.09277
42.0454 41.1531 0.09274
42.0454 41.1772 0.09284
42.0454 41.1893 0.09315
42.0333 41.1893 0.09291
42.0574 41.1651 0.09291
42.0333 41.1651 0.09281
42.0454 41.1531 0.09274
42.0454 41.1410 0.09271
42.0574 41.1772 0.09277
42.0333 41.1410 0.09267
42.0454 41.1410 0.09288
42.0333 41.1772 0.09264
42.0333 41.1651 0.09264
42.0212 41.1289 0.09284
42.0454 41.1289 0.09274
42.0454 41.1410 0.09274
42.0333 41.1410 0.09274
41.9970 41.1410 0.09301
42.0333 41.1289 0.09298
42.0091 41.1289 0.09267
42.0454 41.1169 0.09274
42.0333 41.1289 0.09277
42.0333 41.1289 0.09271
42.0454 41.1289 0.09291
42.0212 41.1289 0.09284
42.0212 41.1410 0.09250
42.0333 41.0927 0.09247
42.0212 41.1169 0.09254
41.9849 41.1289 0.09250
42.0454 41.1289 0.09226
42.0333 41.1289 0.09254
42.0091 41.1169 0.09240
41.9970 41.1289 0.09240
42.0333 41.1048 0.09260
42.0091 41.1169 0.09233
42.0091 41.1410 0.09226
42.0091 41.1048 0.09210
42.0212 41.0806 0.09206
42.0333 41.1048 0.09216
41.9849 41.1048 0.09206
42.0091 41.1289 0.09203
41.9849 41.1048 0.09223
41.9849 41.1410 0.09226
41.9728 41.1048 0.09233
41.9970 41.1289 0.09240
42.0212 41.0927 0.09230
41.9849 41.1169 0.09223
41.9970 41.1289 0.09213
41.9849 41.0927 0.09216
41.9970 41.1289 0.09213
41.9849 41.1289 0.09210
42.0091 41.0927 0.09223
42.0212 41.0927 0.09220
41.9728 41.1289 0.09213
41.9849 41.0806 0.09210
41.9849 41.1048 0.09220
41.9849 41.1048 0.09254
41.9849 41.1048 0.09240
41.9970 41.0927 0.09226
41.9970 41.1289 0.09189
42.0212 41.0927 0.09206
29.3428 32.2302 0.05171
29.6208 32.4838 0.05225
29.9471 32.7615 0.05296
30.2493 32.9788 0.05374
30.5393 33.1962 0.05422
30.8294 33.4497 0.05476
31.1195 33.6550 0.05554
31.3491 33.8482 0.05615
31.5787 34.0172 0.05669
31.8567 34.2346 0.05754
32.0743 34.4036 0.05771
32.3039 34.5485 0.05832
32.5094 34.6813 0.05897
32.7511 34.8383 0.05941
32.9445 34.9952 0.06002
33.1499 35.1522 0.06053
33.2950 35.2488 0.06127
33.5125 35.3937 0.06158
33.6697 35.4903 0.06188
33.8509 35.5869 0.06249
33.9839 35.7076 0.06287
34.1289 35.8163 0.06321
34.3223 35.9491 0.06365
34.4432 36.0215 0.06412
34.5640 36.1061 0.06460
34.7332 36.2026 0.06477
34.8783 36.2992 0.06500
34.9508 36.3717 0.06548
35.0958 36.4562 0.06575
35.1804 36.5287 0.06602
35.3134 36.6132 0.06629
35.4463 36.6494 0.06660
35.5309 36.7460 0.06697
35.6276 36.7943 0.06748
35.7485 36.8667 0.06741
35.8210 36.9030 0.06799
35.9418 36.9995 0.06782
36.0385 37.0237 0.06846
36.1111 37.0841 0.06839
36.1715 37.1324 0.06873
36.2561 37.1565 0.06894
36.3407 37.2169 0.06921
36.4374 37.2531 0.06941
36.4978 37.3135 0.06978
36.5703 37.3376 0.06992
36.6308 37.3980 0.07012
36.7033 37.4221 0.07043
36.7637 37.4825 0.07067
36.8241 37.5067 0.07070
36.8846 37.5550 0.07100
36.9571 37.6153 0.07121
37.0054 37.6153 0.07121
37.0659 37.6516 0.07148
37.0779 37.6999 0.07158
37.1384 37.7119 0.07151
37.1988 37.7240 0.07155
37.2834 37.7481 0.07185
37.2592 37.8085 0.07175
37.3318 37.8206 0.07199
37.3559 37.8327 0.07199
37.4284 37.8568 0.07222
37.4526 37.8930 0.07219
37.5010 37.9172 0.07226
37.5372 37.9534 0.07239
37.5856 37.9896 0.07246
37.6097 37.9776 0.07297
37.6460 38.0017 0.07317
37.6823 38.0259 0.07300
37.7064 38.0621 0.07304
37.7789 38.0862 0.07304
37.7910 38.0742 0.07324
37.8031 38.0862 0.07300
37.8394 38.1104 0.07290
37.8877 38.1224 0.07345
37.9240 38.1345 0.07378
37.8877 38.1587 0.07331
37.9361 38.1949 0.07338
37.9482 38.2070 0.07341
38.0086 38.2311 0.07362
38.0207 38.2311 0.07389
38.0328 38.2673 0.07378
38.0811 38.2432 0.07399
38.0932 38.2794 0.07382
38.1174 38.2915 0.07436
38.1294 38.2915 0.07419
38.1415 38.3398 0.07436
38.1899 38.3398 0.07423
38.1657 38.3277 0.07423
38.1778 38.3519 0.07436
38.2503 38.3881 0.07460
38.2624 38.3760 0.07467
38.2624 38.3639 0.07436
38.2987 38.3881 0.07463
38.2745 38.3881 0.07453
38.3228 38.4243 0.07470
38.3107 38.4122 0.07463
38.3349 38.4364 0.07467
38.3591 38.4364 0.07433
38.3712 38.4726 0.07372
38.4195 38.4847 0.07395
38.4316 38.4967 0.07443
38.4679 38.4967 0.07450
38.4558 38.5088 0.07528
38.4679 38.5088 0.07490
38.5041 38.5209 0.07256
38.5404 38.5209 0.07239
38.5645 38.5571 0.07239
38.5525 38.5692 0.07643
38.5766 38.5692 0.07718
38.5525 38.5813 0.07707
40.5346 40.0060 0.08596
40.5346 40.0181 0.08284
40.5467 40.0181 0.08280
40.5467 39.9698 0.08280
40.5104 40.0181 0.08260
40.5709 39.9698 0.08257
40.5346 39.9698 0.08230
40.5346 39.9698 0.08236
40.5225 39.9698 0.08240
40.5346 39.9819 0.08233
40.5104 39.9698 0.08230
40.4983 39.9698 0.08233
40.5346 39.9698 0.08236
40.5467 39.9698 0.08355
40.4983 39.9819 0.08535
40.5346 39.9698 0.08575
40.5104 39.9819 0.08542
40.5346 39.9819 0.08413
40.5104 39.9698 0.08148
40.5346 39.9819 0.08131
40.5346 39.9577 0.08111
40.4862 39.9698 0.08121
40.5225 39.9457 0.08104
40.5104 39.9698 0.08084
40.4862 39.9577 0.08077
40.5104 39.9577 0.08172
40.5225 39.9577 0.08270
40.5104 39.9457 0.08135
40.5346 39.9698 0.08114
40.4983 39.9698 0.08094
40.5709 39.9457 0.08077
40.5104 39.9819 0.08077
40.5346 39.9939 0.08063
40.5225 39.9698 0.08684
40.5104 39.9698 0.08616
42.1541 41.3100 0.09671
42.1541 41.3100 0.09284
42.1662 41.2859 0.09199
42.1783 41.2859 0.09203
42.1300 41.2376 0.09179
42.1300 41.2738 0.09186
42.1421 41.2497 0.09176
42.1541 41.2376 0.09169
42.1421 41.2497 0.09125
42.1421 41.2617 0.09148
42.1421 41.2134 0.09135
42.1300 41.2376 0.09118
42.1179 41.2859 0.09108
42.1300 41.2255 0.09115
42.1300 41.2376 0.09108
42.1300 41.2255 0.09074
42.1300 41.2014 0.09094
42.0816 41.2255 0.09087
42.0937 41.2014 0.09094
42.1179 41.2255 0.09074
42.0937 41.2134 0.09081
42.1058 41.2255 0.09077
42.0937 41.1893 0.09084
42.1058 41.2014 0.09071
42.0816 41.2014 0.09050
42.0816 41.2255 0.09077
42.0695 41.2014 0.09077
42.0574 41.1893 0.09074
42.0937 41.1893 0.09047
42.0816 41.1893 0.09545
42.0816 41.2014 0.09552
42.0574 41.2255 0.09393
42.0937 41.1893 0.09342
42.2750 41.4187 0.09593
42.2750 41.3704 0.09321
42.2508 41.3825 0.09338
42.2750 41.3946 0.09332
42.2750 41.3583 0.09284
42.2871 41.3583 0.09298
42.2871 41.3583 0.09325
42.2508 41.3583 0.09362
42.2750 41.3342 0.09488
42.2508 41.3342 0.09430
42.2750 41.3342 0.09342
42.2387 41.3221 0.09362
42.2387 41.3221 0.09352
42.2750 41.3463 0.09301
42.2629 41.3342 0.09315
26.6838 29.4411 0.04428
27.1794 29.9965 0.04456
27.6628 30.5640 0.04489
28.1946 31.1194 0.04581
28.5451 31.5541 0.05018
28.8835 31.8076 0.05120
29.2099 32.1216 0.05185
29.5241 32.3993 0.05252
29.8262 32.6408 0.05317
30.1163 32.9064 0.05408
30.4426 33.1237 0.05459
30.6965 33.3411 0.05517
30.9744 33.5584 0.05602
31.2282 33.7395 0.05636
31.4941 33.9327 0.05734
31.7238 34.0776 0.05768
31.9655 34.2708 0.05849
32.1710 34.4277 0.05856
32.4127 34.6089 0.05910
32.6061 34.7537 0.05961
32.8115 34.8866 0.06022
32.9928 35.0314 0.06059
33.1862 35.1401 0.06151
33.3796 35.2729 0.06144
33.5488 35.3937 0.06192
33.6938 35.5144 0.06229
33.8872 35.6231 0.06270
34.0443 35.7197 0.06341
34.1773 35.8283 0.06358
34.3102 35.9249 0.06422
34.4673 36.0215 0.06453
34.6124 36.1061 0.06483
34.7453 36.1544 0.06538
34.8783 36.2872 0.06561
34.9991 36.3113 0.06622
35.1079 36.4321 0.06626
35.2288 36.5045 0.06680
35.3375 36.5649 0.06677
35.4463 36.6373 0.06717
35.5067 36.6856 0.06768
35.6276 36.7339 0.06782
35.7001 36.8064 0.06805
35.7968 36.8667 0.06829
35.9298 36.9392 0.06860
36.0023 36.9512 0.06860
36.0869 37.0358 0.06934
36.1715 37.0841 0.06938
36.2440 37.1324 0.06965
36.2923 37.1807 0.06995
36.3770 37.2169 0.06992
36.4736 37.2531 0.07029
36.4978 37.3135 0.07056
36.5703 37.3256 0.07053
36.6428 37.3738 0.07094
36.7154 37.4463 0.07083
36.7637 37.4463 0.07107
36.8241 37.4946 0.07124
36.8725 37.5187 0.07145
36.9208 37.5670 0.07145
37.0054 37.6033 0.07158
37.0417 37.6033 0.07158
37.1142 37.6636 0.07202
37.1384 37.6636 0.07202
37.1746 37.6999 0.07216
37.2351 37.7481 0.07222
37.2472 37.7119 0.07250
37.3076 37.7723 0.07284
37.3076 37.7964 0.07287
37.3922 37.8206 0.07314
37.4164 37.8568 0.07311
37.4889 37.8568 0.07365
37.4889 37.9051 0.07341
37.5493 37.8930 0.07372
37.5735 37.9051 0.07372
37.6339 37.9534 0.07402
37.6339 37.9776 0.07385
37.6581 37.9896 0.07412
37.6943 38.0259 0.07426
37.7306 38.0259 0.07423
37.7548 38.0379 0.07426
37.7910 38.0862 0.07460
37.8031 38.0742 0.07460
37.8273 38.0862 0.07456
37.8273 38.1104 0.07467
37.9119 38.1224 0.07477
37.9240 38.1466 0.07473
37.9602 38.1828 0.07484
37.9482 38.1828 0.07477
37.9723 38.1828 0.07501
37.9965 38.1949 0.07504
38.0448 38.2070 0.07524
38.0690 38.2311 0.07514
38.0811 38.2311 0.07531
38.0932 38.2673 0.07538
38.1294 38.2673 0.07545
38.1294 38.2553 0.07572
38.1415 38.2915 0.07531
38.1778 38.2915 0.07595
38.1778 38.3277 0.07616
38.2020 38.3277 0.07619
38.1778 38.2915 0.07616
38.2141 38.3398 0.07609
38.2503 38.3398 0.07609
38.2503 38.3519 0.07633
38.2745 38.3760 0.07629
38.2866 38.3519 0.07619
38.2745 38.3881 0.07636
38.2987 38.4122 0.07633
38.3107 38.3881 0.07629
38.3228 38.3519 0.07612
38.3591 38.4122 0.07633
38.3712 38.4243 0.07626
38.3833 38.4122 0.07626
38.3712 38.4122 0.07609
38.4074 38.4243 0.07616
38.4195 38.4847 0.07606
38.4316 38.4726 0.07657
38.4316 38.4847 0.07646
38.4558 38.4847 0.07657
38.4799 38.5088 0.07626
38.4920 38.4967 0.07643
38.4799 38.4726 0.07663
38.4679 38.4967 0.07636
38.4920 38.5088 0.07640
38.5283 38.4967 0.07640
38.5041 38.5330 0.07673
38.5525 38.5330 0.07633
38.5283 38.5209 0.07667
38.5645 38.5571 0.07663
38.5645 38.5571 0.07677
38.5766 38.5813 0.07667
38.5766 38.5692 0.07680
38.5525 38.5933 0.07687
38.5766 38.5450 0.07694
38.6250 38.5813 0.07684
38.6008 38.5571 0.07711
38.6008 38.6054 0.07694
38.6129 38.5813 0.07684
38.6492 38.5813 0.07701
38.6492 38.6175 0.07677
38.6250 38.6175 0.07514
38.6612 38.6658 0.07528
38.6733 38.6296 0.07507
38.6854 38.6416 0.07616
38.6854 38.6296 0.07619
38.7217 38.6296 0.07609
38.7217 38.6054 0.07382
38.7579 38.6658 0.07450
38.7700 38.6537 0.07477
38.7217 38.6658 0.07575
38.7700 38.6899 0.07568
38.7579 38.6779 0.07555
41.8882 41.1169 0.09715
41.9124 41.1169 0.09555
41.9003 41.0806 0.09552
41.8882 41.0806 0.09515
41.9003 41.0806 0.09535
41.8762 41.0686 0.09508
41.8882 41.0686 0.09518
41.8882 41.0444 0.09521
41.8641 41.0444 0.09501
41.8762 41.0203 0.09501
41.8882 41.0323 0.09505
41.8520 41.0686 0.09477
41.8882 41.0444 0.09481
41.8520 41.0444 0.09460
41.8399 41.0323 0.09474
41.8762 41.0082 0.09521
41.8762 41.0203 0.09454
41.8399 40.9961 0.09484
41.8762 41.0082 0.09488
41.8641 41.0323 0.09505
41.8278 41.0323 0.09518
41.8520 41.0203 0.09467
41.8278 40.9961 0.09457
41.8520 41.0082 0.09447
41.8399 41.0082 0.09460
41.8520 41.0082 0.09447
41.8520 40.9961 0.09467
41.8157 40.9840 0.09501
41.8036 40.9840 0.09467
41.8520 41.0082 0.09447
41.8520 40.9840 0.09464
41.8399 41.0082 0.09467
41.8157 40.9840 0.09457
41.8399 40.9961 0.09454
41.8157 40.9840 0.09447
41.8157 40.9840 0.09450
41.8157 40.9961 0.09477
41.7916 40.9720 0.09471
41.8157 40.9961 0.09433
41.8036 40.9840 0.09467
41.8157 41.0082 0.09464
41.8157 40.9720 0.09440
41.8036 40.9599 0.09430
41.8036 40.9961 0.09454
41.8399 40.9840 0.09447
41.8157 40.9478 0.09481
41.8278 40.9840 0.09477
41.8157 40.9720 0.09460
41.8036 40.9961 0.09471
41.7916 40.9720 0.09488
41.8157 40.9357 0.09474
41.8157 40.9478 0.09460
41.8157 40.9599 0.09481
41.7916 40.9720 0.09477
41.8157 40.9599 0.09471
41.8399 40.9478 0.09457
41.7916 40.9840 0.09477
41.8036 40.9478 0.09521
41.8157 40.9599 0.09477
41.7916 40.9961 0.09501
41.7916 40.9599 0.09515
41.7916 40.9720 0.09518
41.7916 40.9357 0.09498
41.7795 40.9961 0.09559
41.7795 40.9599 0.09525
41.8157 40.9478 0.09457
41.8278 40.9478 0.09460
41.8157 40.9720 0.09471
41.8157 40.9237 0.09464
41.8036 40.9478 0.09464
41.8036 40.9357 0.09474
41.8036 40.9599 0.09471
41.8036 40.9478 0.09505
41.8036 40.9720 0.09474
41.7916 40.9357 0.09494
41.7916 40.9357 0.09477
41.7553 40.9237 0.09505
41.7795 40.9357 0.09494
41.7916 40.9357 0.09464
41.8036 40.9357 0.09488
41.7916 40.9357 0.09488
41.8036 40.9357 0.09511
41.8036 40.9720 0.09471
41.7916 40.8995 0.09460
41.7795 40.9478 0.09467
41.7795 40.9478 0.09474
41.7916 40.9478 0.09471
41.7795 40.9357 0.09498
41.7916 40.9116 0.09538
41.7916 40.9478 0.09481
41.7916 40.9116 0.09505
41.7916 40.9357 0.09505
41.7916 40.9478 0.09501
41.7916 40.9357 0.09501
41.8036 40.9237 0.09488
41.7674 40.9357 0.09498
41.8036 40.9478 0.09511
41.7916 40.9357 0.09518
41.7916 40.9357 0.09508
41.7674 40.9478 0.09505
41.8036 40.9116 0.09501
41.7916 40.9357 0.09532
41.7916 40.9357 0.09501
41.7795 40.9357 0.09457
41.7916 40.9478 0.09488
41.7674 40.9237 0.09467
41.8157 40.9478 0.09477
41.7553 40.9116 0.09484
41.7916 40.9478 0.09447
41.7553 40.8995 0.09464
41.7553 40.9237 0.09464
41.7553 40.9357 0.09481
41.7916 40.9357 0.09464
41.7795 40.8995 0.09481
41.7916 40.9357 0.09508
41.7795 40.9357 0.09484
41.7916 40.9116 0.09474
41.7795 40.8995 0.09488
41.7916 40.9116 0.09498
41.7916 40.9237 0.09508
41.7795 40.9237 0.09471
41.7795 40.9237 0.09501
41.7795 40.9237 0.09491
41.7916 40.9357 0.09471
41.7916 40.9237 0.09467
41.8036 40.8995 0.09484
41.7795 40.8995 0.09521
41.7916 40.9357 0.09508
41.7553 40.9357 0.09501
41.7795 40.9357 0.09518
41.8036 40.9116 0.09484
41.7916 40.9357 0.09454
41.7916 40.9357 0.09515
41.7916 40.9116 0.09498
41.7795 40.8874 0.09484
41.7795 40.8995 0.09511
41.7553 40.9357 0.09521
41.7553 40.9357 0.09464
41.7916 40.9237 0.09481
41.7553 40.8995 0.09481
41.7916 40.8995 0.09501
41.7916 40.8995 0.09508
41.7795 40.8874 0.09521
41.7553 40.9237 0.09501
41.7674 40.8874 0.09474
41.7795 40.8874 0.09494
41.7795 40.8754 0.09515
41.7674 40.9237 0.09521
41.7553 40.9116 0.09494
41.7553 40.8995 0.09515
41.7795 40.8995 0.09532
41.7553 40.8995 0.09515
41.7553 40.8995 0.09538
41.7674 40.8995 0.09511
41.7432 40.8995 0.09460
41.7674 40.8754 0.09318
41.7432 40.9116 0.09345
41.7674 40.8874 0.09399
41.7432 40.8874 0.09413
41.7432 40.8995 0.09488
41.7795 40.8995 0.09447
41.7674 40.8633 0.09349
41.7553 40.8633 0.09284
41.7916 40.8874 0.09342
41.7553 40.8874 0.09335
41.7432 40.8874 0.09325
41.7674 40.8995 0.09349
41.7795 40.8995 0.09332
41.7311 40.8995 0.09332
41.7795 40.8995 0.09345
41.7311 40.8633 0.09366
41.7432 40.8633 0.09362
41.7432 40.8754 0.09413
41.7070 40.8874 0.09342
41.7553 40.8633 0.09325
41.7311 40.8633 0.09291
41.7916 40.8995 0.09311
41.7674 40.8874 0.09332
41.7674 40.8633 0.09288
41.7432 40.8633 0.09257
41.7432 40.8995 0.09301
41.7432 40.8633 0.09281
41.7432 40.8633 0.09254
41.7311 40.8754 0.09254
41.7190 40.8512 0.09230
41.7311 40.8874 0.09213
41.7432 40.8512 0.09281
41.7432 40.8512 0.09298
41.7553 40.8633 0.09294
41.7190 40.8391 0.09298
41.7190 40.8633 0.09291
41.7070 40.8633 0.09213
41.7311 40.8512 0.09301
41.7190 40.8633 0.09318
41.7190 40.8633 0.09325
41.7311 40.8512 0.09257
41.7070 40.8754 0.09301
41.7311 40.8512 0.09355
41.6828 40.8391 0.09281
41.7311 40.8995 0.09264
41.7070 40.8391 0.09203
41.7311 40.8754 0.09203
41.7795 40.8271 0.09199
41.7190 40.8633 0.09216
41.7432 40.8512 0.09237
41.7311 40.8512 0.09254
41.6949 40.8633 0.09206
41.6707 40.8512 0.09169
41.6949 40.8391 0.09237
41.6949 40.8633 0.09223
41.6949 40.8391 0.09233
41.6949 40.8512 0.09216
41.7553 40.8874 0.09162
41.7190 40.8512 0.09169
41.6949 40.8512 0.09121
41.6949 40.8754 0.09135
41.7070 40.8512 0.09138
41.6949 40.8512 0.09155
41.6949 40.8391 0.09159
41.6707 40.8391 0.09165
41.7190 40.8391 0.09128
41.6828 40.8391 0.09108
41.6949 40.8391 0.09125
41.6949 40.8150 0.09196
41.7190 40.8391 0.09125
41.7070 40.8391 0.09213
41.6949 40.8391 0.09169
41.6949 40.8391 0.09206
41.6949 40.8029 0.09196
41.6949 40.8512 0.09176
41.7070 40.8150 0.09254
41.6707 40.8391 0.09155
41.6707 40.8512 0.09240
41.6949 40.8150 0.09223
41.6949 40.8150 0.09213
41.6828 40.8391 0.09155
41.6949 40.8391 0.09155
41.6828 40.8391 0.09182
41.6949 40.8391 0.09233
41.6707 40.8512 0.09230
41.6707 40.8029 0.09155
41.6586 40.8391 0.09118
41.6586 40.8029 0.09176
41.6586 40.8029 0.09193
41.6586 40.8029 0.09182
41.6586 40.8029 0.09169
41.6949 40.8029 0.09155
41.6586 40.7908 0.09213
41.6586 40.8029 0.09142
41.6707 40.8150 0.09155
41.6465 40.8150 0.09186
41.6828 40.8150 0.09199
41.6586 40.8150 0.09226
41.6707 40.8029 0.09189
41.6707 40.8029 0.09108
41.6465 40.8029 0.09128
41.6586 40.8029 0.09135
41.6707 40.8029 0.09152
41.6586 40.8029 0.09132
41.6344 40.7788 0.09098
41.6586 40.8150 0.09237
41.6586 40.7667 0.09152
41.6465 40.8029 0.09125
41.6344 40.7908 0.09179
41.6465 40.8150 0.09189
41.6586 40.8512 0.09193
41.6344 40.7908 0.09145
41.6707 40.7908 0.09128
41.6586 40.8150 0.09152
41.6586 40.7546 0.09210
41.6586 40.8029 0.09423
41.6344 40.8029 0.09440
41.6586 40.8029 0.09359
41.6103 40.8029 0.09416
41.6586 40.7908 0.09413
41.6465 40.8029 0.09382
41.6103 40.7908 0.09427
41.6586 40.7908 0.09399
41.6586 40.8150 0.09372
41.6465 40.8150 0.09396
41.6586 40.7908 0.09372
41.6223 40.8150 0.09379
41.6465 40.8029 0.09413
41.6344 40.7546 0.09416
41.6344 40.8029 0.09416
41.6465 40.8029 0.09410
41.6344 40.8029 0.09372
41.6586 40.8029 0.09410
41.5982 40.7908 0.09315
41.6586 40.7667 0.09335
41.6344 40.7908 0.09321
41.6465 40.7908 0.09338
41.6223 40.7667 0.09369
41.6586 40.8029 0.09342
41.6344 40.8029 0.09362
41.6586 40.7908 0.09749
41.5982 40.7788 0.09532
41.6103 40.7546 0.09491
41.6344 40.7667 0.09515
41.6465 40.8029 0.09128
41.5982 40.8029 0.09118
41.6103 40.8029 0.09413
30.6723 33.2928 0.05449
30.8898 33.4377 0.05503
31.1678 33.6429 0.05541
31.4216 33.8482 0.05598
31.6513 34.0172 0.05625
31.9897 34.2466 0.05707
32.0984 34.3794 0.05761
32.3523 34.5243 0.05809
32.5336 34.6813 0.05876
32.7632 34.8020 0.05927
32.9445 34.9469 0.05958
33.1499 35.0918 0.05995
33.3554 35.2367 0.06076
33.5004 35.3454 0.06107
33.6697 35.4540 0.06144
33.8509 35.5506 0.06185
33.9960 35.6593 0.06229
34.1168 35.7801 0.06259
34.2981 35.8646 0.06317
34.4069 35.9370 0.06331
34.5761 36.0578 0.06399
34.6728 36.1181 0.06412
34.8178 36.2147 0.06470
34.9266 36.2872 0.06517
35.0716 36.3596 0.06521
35.2046 36.4441 0.06558
35.2892 36.5407 0.06578
35.4101 36.5528 0.06619
35.4826 36.6373 0.06656
35.5672 36.7098 0.06670
35.6880 36.7339 0.06694
35.7968 36.8667 0.06727
35.8693 36.8788 0.06758
35.9781 36.9392 0.06765
36.0265 36.9995 0.06816
36.1231 37.0116 0.06829
36.1836 37.0599 0.06853
36.2561 37.1324 0.06873
36.3286 37.1686 0.06887
36.4495 37.2290 0.06941
36.4736 37.2410 0.06948
36.5462 37.2893 0.06975
36.6066 37.3256 0.07019
36.6791 37.3859 0.07019
36.7154 37.4221 0.07012
36.8241 37.4704 0.07033
36.8362 37.5067 0.07005
36.9208 37.5187 0.07056
36.9933 37.5308 0.07080
37.0296 37.5912 0.07107
37.0779 37.6033 0.07131
37.1021 37.6636 0.07141
37.1626 37.6516 0.07158
37.2109 37.6878 0.07141
37.2109 37.7119 0.07168
37.2713 37.7602 0.07185
37.3438 37.7844 0.07202
37.3438 37.8085 0.07219
37.4043 37.7844 0.07212
37.4526 37.8206 0.07233
37.4768 37.8689 0.07243
37.4889 37.8810 0.07260
37.5372 37.8689 0.07256
37.5614 37.9051 0.07260
37.6097 37.9413 0.07317
37.6339 37.9413 0.07277
37.6943 37.9776 0.07287
37.7185 38.0017 0.07321
37.7789 38.0259 0.07328
37.7427 38.0379 0.07341
37.7910 38.0379 0.07331
37.8031 38.0379 0.07338
37.8273 38.0500 0.07362
37.8515 38.0983 0.07402
37.8998 38.1345 0.07365
37.9240 38.1104 0.07382
37.9119 38.1587 0.07385
37.9723 38.1828 0.07399
37.9844 38.1949 0.07392
37.9844 38.1949 0.07433
38.0207 38.1949 0.07436
38.0328 38.2190 0.07460
38.0811 38.2190 0.07436
38.0690 38.2673 0.07443
38.1053 38.2432 0.07456
38.1174 38.2915 0.07453
38.1174 38.2915 0.07473
38.1415 38.2794 0.07440
38.1536 38.3036 0.07477
38.1657 38.3036 0.07473
38.2141 38.3036 0.07460
38.1899 38.3277 0.07484
38.2503 38.3156 0.07467
38.2745 38.3519 0.07497
38.2745 38.3398 0.07497
38.2624 38.3398 0.07501
38.2745 38.3519 0.07517
38.3107 38.3760 0.07511
38.3470 38.3881 0.07507
38.3349 38.4122 0.07507
38.3591 38.4122 0.07534
38.3470 38.4122 0.07541
38.3712 38.4122 0.07524
38.3833 38.4243 0.07551
38.4074 38.4364 0.07528
38.4074 38.4243 0.07555
38.3953 38.4485 0.07568
38.4195 38.4847 0.07565
38.4799 38.4605 0.07575
38.4437 38.4364 0.07579
38.4679 38.4847 0.07558
38.4679 38.4726 0.07572
38.4558 38.4847 0.07555
38.4679 38.4967 0.07585
38.5041 38.5209 0.07589
38.5283 38.4847 0.07575
38.5041 38.4967 0.07585
38.5283 38.5209 0.07565
38.5404 38.5209 0.07606
38.5525 38.5330 0.07555
38.5645 38.5330 0.07599
38.5525 38.5330 0.07572
38.5766 38.5571 0.07551
38.5766 38.5933 0.07589
38.5766 38.5571 0.07585
38.6008 38.5571 0.07599
38.6008 38.5330 0.07592
38.6008 38.5571 0.07595
38.5766 38.5813 0.07602
38.6250 38.5571 0.07626
38.6492 38.5813 0.07599
38.6612 38.5450 0.07595
38.6733 38.5813 0.07595
38.6612 38.6054 0.07619
38.6250 38.5933 0.07619
38.6612 38.6296 0.07633
38.6612 38.6175 0.07623
38.6975 38.5933 0.07623
38.6733 38.6175 0.07623
38.6854 38.6054 0.07636
38.6854 38.6296 0.07623
38.7096 38.6537 0.07629
38.7338 38.6537 0.07636
38.6975 38.6296 0.07629
38.7217 38.6658 0.07653
38.7217 38.6537 0.07633
38.7217 38.6658 0.07640
38.7338 38.6537 0.07640
38.7700 38.6537 0.07629
38.7458 38.6658 0.07629
38.7338 38.6779 0.07633
38.7700 38.6537 0.07657
38.7579 38.7020 0.07667
38.7700 38.6658 0.07643
38.7942 38.6779 0.07657
38.7700 38.7262 0.07657
38.7579 38.7020 0.07646
38.7942 38.7020 0.07633
38.7700 38.7141 0.07680
38.8184 38.6899 0.07650
38.8063 38.6899 0.07684
38.8304 38.6658 0.07657
38.8063 38.6899 0.07653
38.8425 38.7141 0.07663
38.8063 38.7020 0.07673
38.8304 38.7382 0.07684
38.8184 38.7262 0.07680
38.8667 38.7382 0.07690
38.8667 38.7262 0.07663
38.8546 38.7382 0.07677
38.8425 38.7624 0.07667
38.8425 38.7503 0.07660
38.8546 38.7624 0.07670
38.8788 38.7503 0.07684
38.8667 38.7262 0.07680
38.8909 38.7624 0.07677
38.8788 38.7624 0.07690
38.9030 38.7745 0.07677
38.8788 38.7745 0.07694
38.8909 38.7745 0.07724
38.9030 38.7745 0.07789
38.9150 38.7745 0.07792
38.8788 38.7986 0.07762
38.9030 38.7865 0.07765
38.9271 38.7745 0.07829
38.9392 38.7986 0.07724
38.9513 38.7865 0.07511
38.9755 38.7986 0.07480
39.0117 38.7865 0.07467
38.9876 38.8228 0.07772
38.9392 38.8228 0.07846
38.9876 38.7745 0.07796
