27.9287 30.8417 0.04435
28.3276 31.2039 0.04517
28.7022 31.6507 0.04924
29.0286 31.9163 0.04971
29.3670 32.2061 0.05079
29.6812 32.5079 0.05137
30.0559 32.7977 0.05222
30.3218 33.0392 0.05273
30.6360 33.2565 0.05324
30.8657 33.4256 0.05429
31.1557 33.6791 0.05449
31.3974 33.7757 0.05530
31.6029 33.9810 0.05588
31.9534 34.2708 0.05622
32.1468 34.3915 0.05707
32.5094 34.6571 0.05517
32.6907 34.7658 0.05568
32.9445 34.9469 0.05707
33.0895 35.0556 0.05883
33.3071 35.1401 0.05883
33.5488 35.3212 0.05859
33.6697 35.3937 0.05920
33.8630 35.5265 0.05954
34.0201 35.5989 0.06012
34.1531 35.7318 0.06087
34.2981 35.8163 0.06212
34.4673 35.9129 0.06287
34.5882 36.0095 0.06643
34.7574 36.1181 0.06643
34.8783 36.2026 0.06761
34.9750 36.2751 0.06514
35.1200 36.3234 0.06399
35.2409 36.3958 0.06429
35.3617 36.4924 0.06504
35.4705 36.5770 0.06527
35.5793 36.6252 0.06575
35.6639 36.6977 0.06643
35.7726 36.7460 0.06724
35.8935 36.7943 0.06931
35.9902 36.8667 0.07005
36.0023 36.9271 0.07039
36.8846 37.3859 0.08318
36.9450 37.4463 0.08338
41.3323 40.4648 0.09189
41.3323 40.5131 0.08572
41.3081 40.5011 0.08545
41.3081 40.5131 0.08491
41.3202 40.5011 0.08501
41.3081 40.4769 0.08487
41.3081 40.4890 0.08477
41.2839 40.4648 0.08511
41.3081 40.4648 0.08467
41.2960 40.4769 0.08487
41.2719 40.4286 0.08480
41.2719 40.4286 0.08474
41.2839 40.4528 0.08470
41.2839 40.4407 0.08491
41.2719 40.4648 0.08464
41.2719 40.4407 0.08497
41.2839 40.4528 0.08491
41.2598 40.4528 0.08467
41.2719 40.4528 0.08467
41.2839 40.4286 0.08460
41.2719 40.4286 0.08460
41.2598 40.4648 0.08457
41.2598 40.4286 0.08467
41.2477 40.4286 0.08487
41.2839 40.4286 0.08467
41.2477 40.4286 0.08480
41.2598 40.4286 0.08480
41.2235 40.4286 0.08450
30.1647 32.9185 0.05185
30.4789 33.1479 0.05300
30.7690 33.3894 0.05351
31.0349 33.5825 0.05429
31.3491 33.7757 0.05500
31.5546 33.9689 0.05561
31.8326 34.1380 0.05625
32.0501 34.3311 0.05703
32.2797 34.4760 0.05754
32.5215 34.6330 0.05798
32.7148 34.7658 0.05876
32.8961 34.8986 0.05910
33.1137 35.0677 0.05981
33.3071 35.2126 0.06029
33.5004 35.3333 0.06070
33.6697 35.4420 0.06148
33.8389 35.5386 0.06185
34.0201 35.6472 0.06243
34.1652 35.7680 0.06304
34.2981 35.8646 0.06337
34.4552 35.9370 0.06405
34.6003 36.0336 0.06443
34.7453 36.1544 0.06480
34.8783 36.2268 0.06527
35.0475 36.3113 0.06582
35.1683 36.3838 0.06599
35.2771 36.4562 0.06653
35.3738 36.5407 0.06673
35.4705 36.5890 0.06704
35.5793 36.6856 0.06731
35.7122 36.7339 0.06788
35.7726 36.8064 0.06795
35.8935 36.8788 0.06897
35.9902 36.9271 0.06951
36.0627 36.9875 0.07060
36.1473 37.0358 0.07117
36.2440 37.0720 0.07222
36.3286 37.1324 0.07321
36.3890 37.1807 0.07311
36.4978 37.2410 0.07199
36.5341 37.2290 0.07199
36.5945 37.2893 0.07294
36.6912 37.3618 0.07514
36.7275 37.3859 0.07748
36.8121 37.4342 0.07789
36.8725 37.4584 0.07789
36.9571 37.4825 0.07813
37.0054 37.5187 0.07843
37.0296 37.5550 0.07823
37.1142 37.6153 0.07877
37.1626 37.6274 0.07890
37.1867 37.6636 0.07907
37.2351 37.7119 0.07779
37.2955 37.7240 0.07704
37.3438 37.7361 0.07660
37.3922 37.7602 0.07673
37.4164 37.7964 0.07690
37.4889 37.8085 0.07673
37.5372 37.8085 0.07579
37.5977 37.8568 0.07562
37.6339 37.8810 0.07507
37.6581 37.9172 0.07507
37.6823 37.9413 0.07494
37.7306 37.9413 0.07507
37.7548 37.9655 0.07517
37.7789 37.9896 0.07517
37.8273 38.0017 0.07524
37.8515 38.0379 0.07558
37.8998 38.0379 0.07579
37.9119 38.0621 0.07565
37.9482 38.0983 0.07592
37.9602 38.1104 0.07619
37.9965 38.1224 0.07619
38.0086 38.1345 0.07657
38.0448 38.1587 0.07392
38.0932 38.1587 0.07317
38.1294 38.1707 0.07284
38.1294 38.1949 0.07280
38.1657 38.2190 0.07345
38.1899 38.2190 0.07419
38.2141 38.2311 0.07334
38.2382 38.2432 0.07385
38.2624 38.2794 0.07874
38.3107 38.2432 0.07894
38.3228 38.2915 0.07735
38.5645 38.4364 0.08653
38.6008 38.4485 0.08033
38.6008 38.4243 0.07863
41.1752 40.5252 0.08650
41.1872 40.5614 0.08592
41.2114 40.5494 0.08596
41.1752 40.5614 0.08575
41.1993 40.5614 0.08562
41.2114 40.5373 0.08575
41.1631 40.4769 0.08575
41.1389 40.4648 0.08538
41.1268 40.4528 0.08565
41.1631 40.4890 0.08562
41.1872 40.4769 0.08558
41.1752 40.5011 0.08518
41.1752 40.5011 0.08531
41.1631 40.5011 0.08521
41.1631 40.5252 0.08518
41.1631 40.5131 0.08501
41.1389 40.5011 0.08518
41.1510 40.5131 0.08514
41.1631 40.5011 0.08504
41.1147 40.4165 0.08545
41.1026 40.4286 0.08525
41.1268 40.4528 0.08514
41.1147 40.4528 0.08501
41.1268 40.4528 0.08511
41.1631 40.4286 0.08508
41.0906 40.4769 0.08480
26.0795 28.7649 0.04174
26.5872 29.3083 0.04249
27.1431 29.8999 0.04303
27.5903 30.4191 0.04354
28.1100 30.9866 0.04422
28.6055 31.4937 0.04690
28.8956 31.7835 0.04930
29.4999 32.3148 0.04642
29.8021 32.5925 0.04754
30.1405 32.8339 0.04798
30.4064 33.0754 0.04829
30.7085 33.2565 0.04900
30.9623 33.4618 0.05042
31.2403 33.7154 0.05120
31.5183 33.8723 0.05181
31.7479 34.0293 0.05225
32.0018 34.2346 0.05307
32.2435 34.3553 0.05385
32.4610 34.5364 0.05476
32.6665 34.6813 0.05571
32.8961 34.7779 0.05632
33.0653 34.9590 0.05659
33.2587 35.0918 0.05649
33.4400 35.2126 0.05707
33.6213 35.3575 0.05768
33.7905 35.4782 0.05822
33.9839 35.5627 0.05836
34.1168 35.6472 0.05883
34.2740 35.8163 0.05985
34.4311 35.8766 0.06148
34.6124 35.9853 0.06415
34.7091 36.0819 0.06415
41.2356 40.3803 0.09379
41.2114 40.3803 0.09257
41.1872 40.4045 0.09203
41.1752 40.3924 0.09169
41.2114 40.4165 0.09186
41.1872 40.4165 0.09155
41.1872 40.3803 0.09128
41.1993 40.3803 0.09138
41.1752 40.3320 0.09104
41.1872 40.3683 0.09091
41.1631 40.3683 0.09091
41.1872 40.3562 0.09071
41.1631 40.3562 0.09064
41.1631 40.3562 0.09064
41.1510 40.3200 0.09050
41.1510 40.3562 0.09050
41.1268 40.3441 0.09047
41.1510 40.3441 0.09016
41.1389 40.3441 0.09023
41.1631 40.3441 0.09009
41.1631 40.3200 0.09020
41.1510 40.3320 0.08976
41.1147 40.3079 0.08972
41.1389 40.3200 0.08996
41.1268 40.3441 0.08993
41.1147 40.3320 0.08952
41.1147 40.3079 0.08948
41.1268 40.3200 0.08952
41.1147 40.2837 0.08938
41.1147 40.3079 0.08938
41.1389 40.3200 0.08928
41.1147 40.3200 0.08931
41.1147 40.3320 0.08928
41.1147 40.3079 0.08911
41.1389 40.3200 0.08921
41.1147 40.3079 0.08894
41.0906 40.2717 0.08915
41.0906 40.2837 0.08911
41.0785 40.3079 0.08881
41.1147 40.3200 0.08921
41.0906 40.2717 0.08904
41.0664 40.2717 0.08877
41.1147 40.2596 0.08904
41.0906 40.2596 0.08884
41.0906 40.2717 0.08877
41.0785 40.2717 0.08853
41.0785 40.2717 0.08864
41.0785 40.2717 0.08860
41.0906 40.2717 0.08833
41.0906 40.2717 0.08857
41.0785 40.2596 0.08840
41.1026 40.2717 0.08843
41.0664 40.2596 0.08847
41.1147 40.2717 0.08840
41.0785 40.2596 0.08830
41.0422 40.2596 0.08840
41.0906 40.2475 0.08840
41.0664 40.2596 0.08816
41.0664 40.2596 0.08823
41.0422 40.2475 0.08826
41.0664 40.2354 0.08796
41.0422 40.2717 0.08809
41.0664 40.2354 0.08823
41.0543 40.2354 0.08772
41.0422 40.2354 0.08796
41.0664 40.2354 0.08779
41.0785 40.2234 0.08775
41.0422 40.2234 0.08772
41.0543 40.2234 0.08789
41.0180 40.2475 0.08779
41.0301 40.2596 0.08731
41.0422 40.2354 0.08779
41.0422 40.2354 0.08759
41.0422 40.2475 0.08789
41.0664 40.2475 0.08752
41.0422 40.2234 0.08762
41.0785 40.2354 0.08731
41.0180 40.2234 0.08745
41.0180 40.2475 0.08714
41.0301 40.2234 0.08728
41.0422 40.2234 0.08721
41.0785 40.2354 0.08725
41.0785 40.1871 0.08745
41.0301 40.2475 0.08711
41.0301 40.2354 0.08742
41.0301 40.2234 0.08735
41.0422 40.2234 0.08728
41.0422 40.2234 0.08721
41.0422 40.2717 0.08725
41.0664 40.2113 0.08694
41.0180 40.2234 0.08721
41.0422 40.2234 0.08711
41.0422 40.2354 0.08698
41.0180 40.2113 0.08708
41.0422 40.2234 0.08701
41.0422 40.2234 0.08691
41.0785 40.2234 0.08698
41.0543 40.2234 0.08687
41.0180 40.2113 0.08677
41.0301 40.2234 0.08667
41.0301 40.2113 0.08657
41.0422 40.2234 0.08711
41.0180 40.2596 0.08677
41.0422 40.2354 0.08647
41.0422 40.2234 0.08687
41.0301 40.2113 0.08667
41.0180 40.2234 0.08674
41.0180 40.2234 0.08677
41.0422 40.2475 0.08687
41.0180 40.2113 0.08684
41.0301 40.2354 0.08667
41.0664 40.2113 0.08650
41.0664 40.2234 0.08653
41.0180 40.2354 0.08664
41.0180 40.1751 0.08670
41.0543 40.2234 0.08670
41.0422 40.2113 0.08640
41.0180 40.2475 0.08670
41.0422 40.2234 0.08647
41.0301 40.2234 0.08633
41.0422 40.2354 0.08647
41.0422 40.2234 0.08633
41.0301 40.2475 0.08626
41.0422 40.2475 0.08650
41.0422 40.2234 0.08667
41.0543 40.2354 0.08650
41.0422 40.2113 0.08674
41.0180 40.2234 0.08650
41.0664 40.2234 0.08636
41.0543 40.2596 0.08623
41.0301 40.2354 0.08630
41.0301 40.2354 0.08623
41.0180 40.2475 0.08636
41.0422 40.2475 0.08623
41.0543 40.2596 0.08630
41.0422 40.2113 0.08633
41.0664 40.2475 0.08626
41.0301 40.2475 0.08640
41.0664 40.2234 0.08620
41.0785 40.2475 0.08623
41.0422 40.2717 0.08640
41.0785 40.2354 0.08623
41.0785 40.2596 0.08650
41.0664 40.2234 0.08630
41.0664 40.2596 0.08636
41.0664 40.2113 0.08650
41.0664 40.2234 0.08599
41.0664 40.2113 0.08636
41.0422 40.2475 0.08626
41.0664 40.2596 0.08626
41.0664 40.2596 0.08606
41.0906 40.2354 0.08606
41.0543 40.2475 0.08620
41.0906 40.2475 0.08630
41.0785 40.2596 0.08599
41.0664 40.2717 0.08603
41.0785 40.2596 0.08589
41.0906 40.2596 0.08613
41.0906 40.2354 0.08609
41.0664 40.2234 0.08623
41.0785 40.2596 0.08620
41.0785 40.2234 0.08606
41.0785 40.2596 0.08616
41.0785 40.2596 0.08603
41.0664 40.2475 0.08623
41.0785 40.2717 0.08643
41.0785 40.2596 0.08606
41.0906 40.2354 0.08623
41.0785 40.2596 0.08613
41.0664 40.2596 0.08640
41.0906 40.2717 0.08620
41.0906 40.2596 0.08616
41.0906 40.2596 0.08613
41.0301 40.2596 0.08603
41.0906 40.2596 0.08599
41.0664 40.2475 0.08613
41.0906 40.2717 0.08616
41.1147 40.2596 0.08606
41.0906 40.2354 0.08606
41.0785 40.2837 0.08630
41.0785 40.2354 0.08603
41.0906 40.2596 0.08606
41.0906 40.2717 0.08623
41.0785 40.2596 0.08609
41.1147 40.2596 0.08603
41.0906 40.2837 0.08620
41.0785 40.2717 0.08586
41.0906 40.2717 0.08609
41.0543 40.2475 0.08609
41.0785 40.2475 0.08596
41.0543 40.2717 0.08603
41.1147 40.2717 0.08609
41.1026 40.2837 0.08603
41.1147 40.2717 0.08626
41.1147 40.2596 0.08582
41.0785 40.2596 0.08620
41.1147 40.2596 0.08616
41.1147 40.2717 0.08613
41.0906 40.2596 0.08603
41.0906 40.2596 0.08579
41.0906 40.2717 0.08586
26.5630 29.3686 0.04337
27.0948 29.9482 0.04415
27.5540 30.4674 0.04483
27.9408 30.8538 0.04513
28.3759 31.3609 0.04829
28.7022 31.6386 0.04971
29.0527 31.9284 0.05042
29.3670 32.2423 0.05107
29.6691 32.4838 0.05219
29.9955 32.7494 0.05252
30.2855 32.9426 0.05313
30.5272 33.1962 0.05374
30.8052 33.3290 0.05490
31.1436 33.6188 0.05534
31.3249 33.7395 0.05588
31.5546 33.9206 0.05636
31.8084 34.0776 0.05710
32.0984 34.2949 0.05768
32.2556 34.4398 0.05819
32.4731 34.5968 0.05880
32.6907 34.7054 0.05920
32.8478 34.8503 0.05964
33.0533 34.9711 0.06026
33.2708 35.0677 0.06083
33.4038 35.1884 0.06127
33.5730 35.3333 0.06188
33.7663 35.4420 0.06236
33.9114 35.5265 0.06337
34.0564 35.6231 0.06083
34.3223 35.7680 0.06144
34.5036 35.8646 0.06178
34.6124 35.9612 0.06348
34.7091 36.0698 0.06470
34.8904 36.0940 0.06500
35.0112 36.2389 0.06721
35.1200 36.2992 0.07134
35.2167 36.3355 0.07067
35.3375 36.4200 0.06541
35.4342 36.4804 0.06439
35.5551 36.5407 0.06415
35.6276 36.5890 0.06419
35.7243 36.6132 0.06446
35.8089 36.7098 0.06480
35.9056 36.7460 0.06500
35.9902 36.8426 0.06521
36.0869 36.8426 0.06592
36.1594 36.9030 0.06558
36.2440 36.9754 0.06636
36.3044 37.0116 0.06727
36.3890 37.0358 0.06663
36.4978 37.1203 0.07212
36.5341 37.1686 0.07172
36.5703 37.1807 0.07246
36.6791 37.2290 0.07077
36.7395 37.2652 0.07134
36.7879 37.2773 0.06934
36.8241 37.3256 0.07280
36.8967 37.3618 0.07280
37.6097 37.8085 0.07629
37.6460 37.8447 0.07334
37.6823 37.8327 0.07412
37.6943 37.8447 0.07392
37.7306 37.8568 0.07409
37.7548 37.8689 0.07290
37.8031 37.9051 0.07358
37.8273 37.9051 0.07358
37.8273 37.9172 0.07368
37.8394 37.9413 0.07443
37.8998 37.9293 0.07440
37.9119 37.9534 0.07480
37.9361 37.9534 0.07538
37.9361 38.0138 0.07453
37.9723 38.0259 0.07429
38.0207 38.0379 0.07426
38.0448 38.0379 0.07480
38.0569 38.0379 0.07480
38.0811 38.0500 0.07504
38.1174 38.0621 0.07534
38.0932 38.1104 0.07528
38.1174 38.0862 0.07494
38.1174 38.1104 0.07562
38.1778 38.1104 0.07609
38.1778 38.1345 0.07575
38.2141 38.1345 0.07565
38.2141 38.1466 0.07572
38.2261 38.1587 0.07582
38.2382 38.1587 0.07633
38.2866 38.1949 0.07623
38.2866 38.1949 0.07640
38.3349 38.2070 0.07636
38.2866 38.2070 0.07680
38.3228 38.2190 0.07670
38.3470 38.2190 0.07663
38.3470 38.2432 0.07701
38.3591 38.2432 0.07707
38.3712 38.2432 0.07670
38.4074 38.2794 0.07711
38.3712 38.2794 0.07694
38.4074 38.2794 0.07660
38.4316 38.2673 0.07735
38.4558 38.2915 0.07765
38.4679 38.2915 0.07728
38.4679 38.3036 0.07728
38.4799 38.3519 0.07721
38.4799 38.3036 0.07677
38.5162 38.3277 0.07724
38.4920 38.3519 0.07711
38.5283 38.3398 0.07701
38.5041 38.3519 0.07724
38.5162 38.3519 0.07687
38.5283 38.3639 0.07707
38.5645 38.3519 0.07772
38.5645 38.3881 0.07928
38.5766 38.3881 0.07799
38.5645 38.3881 0.07684
38.5525 38.3881 0.07724
38.5766 38.4122 0.07694
38.5766 38.4364 0.07704
38.6129 38.4364 0.07697
38.6129 38.4485 0.07711
38.6129 38.4364 0.07687
38.6250 38.4605 0.07670
38.6008 38.4605 0.07697
38.6129 38.4605 0.07694
38.6733 38.4726 0.07714
38.6371 38.4726 0.07775
38.6250 38.4847 0.07877
38.6612 38.4847 0.07792
38.6733 38.4847 0.07819
38.6975 38.4847 0.07833
38.6975 38.4847 0.07931
38.7217 38.4847 0.08114
38.7096 38.4967 0.08108
38.6975 38.4847 0.08392
39.0843 38.7262 0.10010
39.0963 38.7262 0.09108
39.0963 38.7382 0.08915
39.0963 38.7262 0.08925
39.0843 38.7382 0.09308
39.1205 38.7262 0.09033
39.0843 38.7382 0.09023
39.0722 38.7624 0.09057
39.0843 38.7382 0.09067
39.0963 38.7624 0.09254
39.0843 38.7745 0.09213
39.1084 38.7262 0.09206
39.1326 38.7865 0.09271
39.1326 38.7745 0.09206
39.1326 38.7745 0.09210
39.1326 38.7745 0.09321
39.1568 38.7865 0.09325
39.1326 38.7865 0.09277
39.1326 38.7624 0.09647
39.1326 38.7745 0.09464
39.1447 38.7745 0.09738
39.1689 38.8107 0.09861
39.1568 38.8107 0.09972
39.1689 38.7865 0.10837
39.1447 38.8107 0.08843
39.1326 38.8228 0.08606
39.1447 38.8228 0.08592
39.1568 38.8348 0.08742
39.1568 38.8228 0.08596
39.1447 38.8107 0.08535
39.1568 38.8228 0.08548
39.1689 38.8469 0.08569
39.1930 38.8228 0.08667
39.2051 38.8348 0.08650
39.2051 38.7986 0.08701
40.0995 39.5472 0.08562
40.0632 39.5351 0.08450
40.0753 39.5110 0.08457
40.0995 39.5351 0.08464
40.0753 39.5351 0.08440
40.0753 39.5110 0.08457
40.0753 39.4748 0.08504
40.0632 39.5472 0.08582
40.0753 39.5351 0.08504
40.0632 39.5110 0.08521
40.0753 39.5472 0.08745
40.1116 39.5472 0.08928
40.0995 39.5472 0.08901
40.8730 40.1268 0.09084
40.8851 40.1388 0.09047
40.8730 40.1026 0.09040
40.8730 40.1268 0.09047
40.8488 40.1268 0.09050
40.8730 40.0785 0.09026
40.8367 40.1026 0.09033
40.8488 40.1147 0.09033
40.8367 40.0905 0.09033
40.8367 40.1147 0.09023
40.8367 40.1147 0.09033
40.8488 40.1026 0.08999
40.8247 40.0785 0.09047
40.8488 40.0905 0.09037
40.8367 40.0785 0.09013
40.8247 40.0785 0.09026
40.8247 40.0785 0.09060
40.8247 40.0905 0.09043
40.8247 40.0785 0.09040
40.8126 40.0905 0.09043
40.8247 40.0785 0.09057
40.8247 40.0664 0.09054
40.8005 40.0543 0.09040
40.8126 40.0785 0.09040
40.8126 40.0664 0.09064
40.8005 40.0785 0.09050
40.8126 40.0664 0.09071
40.7884 40.0905 0.09060
40.8247 40.0543 0.09037
40.7763 40.0664 0.09037
40.8005 40.0905 0.09060
40.8126 40.0785 0.09060
40.8126 40.0905 0.09054
40.8005 40.0785 0.09071
40.8126 40.0543 0.09050
40.7884 40.0664 0.09054
40.8126 40.0785 0.09071
40.7884 40.0785 0.09047
40.7763 40.0543 0.09084
40.7642 40.0543 0.09077
40.8005 40.0664 0.09074
40.7884 40.0905 0.09071
40.8126 40.0302 0.09074
40.7642 40.0664 0.09074
40.8005 40.0905 0.09077
40.7521 40.0422 0.09060
40.7884 40.0664 0.09047
28.2671 31.0711 0.04520
28.7022 31.5179 0.04978
28.9802 31.7593 0.05022
29.2945 32.1095 0.05107
29.6450 32.3630 0.05147
29.9471 32.6287 0.05235
30.2734 32.8581 0.05273
30.5272 33.1116 0.05378
30.8898 33.3652 0.05439
31.0953 33.5101 0.05483
31.3612 33.7274 0.05544
31.5667 33.9085 0.05615
31.8567 34.1017 0.05669
32.0501 34.2466 0.05737
32.3039 34.4398 0.05781
32.5094 34.5726 0.05839
32.6907 34.7054 0.05893
32.9203 34.8745 0.05934
33.1741 34.9952 0.06002
33.2829 35.1160 0.06059
33.4884 35.2367 0.06120
33.6697 35.3816 0.06148
33.8630 35.4903 0.06188
34.0081 35.5989 0.06266
34.1531 35.6835 0.06317
34.3223 35.8163 0.06351
34.4432 35.8887 0.06382
34.6124 36.0215 0.06449
34.7211 36.0578 0.06463
34.8541 36.1544 0.06514
34.9629 36.2147 0.06561
35.1442 36.2872 0.06588
35.2167 36.3596 0.06636
35.3375 36.4562 0.06670
35.4705 36.5287 0.06717
35.5672 36.5890 0.06724
35.6760 36.6735 0.06788
35.7485 36.6977 0.06822
35.8572 36.7822 0.06934
35.9418 36.8305 0.07060
36.0627 36.9030 0.07070
36.1352 36.9754 0.07016
36.2077 36.9995 0.06944
36.3528 37.0841 0.06500
36.4253 37.1203 0.06510
36.5220 37.1686 0.06544
36.5462 37.1927 0.06609
36.6428 37.2652 0.06643
36.7395 37.2773 0.06917
36.7879 37.3376 0.07277
36.8725 37.3618 0.07273
36.9087 37.3859 0.07141
41.5257 40.6218 0.09288
41.5257 40.6460 0.09260
41.5257 40.6460 0.09223
41.4894 40.6218 0.09216
41.5015 40.6097 0.09220
41.5015 40.5977 0.09213
41.4773 40.6097 0.09189
41.4652 40.5977 0.09193
41.4894 40.5614 0.09176
41.4894 40.5614 0.09176
41.5257 40.5735 0.09155
41.4894 40.5735 0.09162
41.4531 40.5977 0.09165
41.5015 40.5856 0.09152
41.5015 40.5614 0.09142
41.5015 40.5977 0.09142
41.4773 40.5856 0.09145
41.4773 40.5614 0.09138
41.4531 40.5252 0.09142
41.4773 40.6097 0.09132
41.4411 40.5977 0.09148
41.4652 40.5735 0.09148
41.4290 40.5735 0.09128
41.4290 40.5735 0.09111
41.4531 40.5494 0.09115
41.4411 40.5856 0.09132
41.4531 40.5735 0.09098
41.4531 40.5614 0.09084
41.4290 40.5614 0.09104
41.4531 40.5494 0.09091
41.4652 40.5614 0.09094
41.4290 40.5735 0.09098
41.4290 40.5494 0.09101
41.4290 40.5614 0.09094
41.4531 40.5494 0.09111
41.4290 40.5494 0.09087
41.4290 40.5494 0.09115
41.4290 40.5494 0.09084
41.4531 40.5494 0.09074
41.4411 40.5373 0.09081
41.4531 40.5252 0.09087
41.4531 40.5494 0.09077
41.4411 40.5373 0.09101
41.4411 40.5614 0.09098
41.4290 40.5373 0.09091
41.4290 40.5494 0.09071
41.4290 40.5494 0.09084
41.4048 40.5373 0.09077
41.4290 40.5252 0.09087
41.4169 40.5373 0.09067
41.4048 40.5131 0.09074
41.4411 40.5131 0.09087
41.4169 40.5614 0.09057
41.4169 40.5614 0.09071
41.4048 40.5373 0.09054
41.4411 40.5614 0.09060
41.4048 40.5614 0.09040
41.4169 40.5494 0.09081
41.4290 40.5494 0.09071
41.4048 40.5494 0.09074
41.4169 40.5373 0.09064
41.4048 40.5373 0.09057
41.4169 40.5373 0.09064
41.4048 40.5252 0.09067
41.4290 40.5373 0.09064
41.4169 40.5614 0.09074
41.4169 40.5494 0.09050
41.4290 40.5494 0.09043
41.4169 40.5494 0.09060
41.4048 40.5614 0.09067
41.4290 40.5494 0.09050
41.4048 40.5614 0.09047
41.4169 40.5494 0.09047
41.4290 40.5373 0.09033
41.4048 40.5494 0.09037
41.4169 40.5614 0.09050
41.4290 40.5373 0.09037
41.4169 40.5494 0.09043
41.4290 40.5856 0.09043
41.4169 40.5494 0.09047
41.4290 40.5977 0.09064
41.4169 40.5494 0.09040
41.4531 40.5494 0.09026
41.4048 40.5856 0.09006
41.4169 40.5735 0.09054
41.4290 40.5494 0.09033
41.4411 40.5614 0.09043
41.4411 40.5977 0.09047
41.4169 40.5977 0.09060
41.4290 40.5735 0.09040
41.4290 40.5614 0.09043
41.4290 40.5856 0.09050
41.4169 40.5856 0.09023
41.4652 40.5856 0.09057
41.4531 40.6339 0.09040
41.4290 40.6339 0.09050
41.4531 40.6097 0.09054
41.4290 40.5735 0.09030
41.4652 40.6097 0.09054
41.4290 40.6218 0.09050
41.4773 40.6218 0.09057
41.4773 40.6218 0.09057
41.4531 40.6580 0.09030
41.4531 40.6218 0.09054
41.4773 40.6339 0.09047
41.4652 40.6097 0.09050
41.5015 40.6460 0.09057
41.5015 40.6460 0.09043
41.4531 40.6218 0.09047
41.4773 40.6339 0.09043
41.4652 40.6218 0.09050
41.4652 40.6460 0.09040
41.4894 40.6097 0.09043
41.5015 40.6580 0.09047
41.4894 40.6701 0.09057
41.4652 40.6580 0.09047
41.5015 40.6701 0.09050
41.4652 40.6460 0.09047
41.5015 40.6580 0.09050
41.5015 40.6580 0.09033
41.5015 40.6943 0.09060
41.5015 40.6701 0.09060
41.5015 40.6460 0.09067
41.5015 40.6580 0.09050
41.5136 40.6580 0.09050
41.5015 40.6701 0.09064
41.4894 40.6701 0.09050
41.5015 40.6943 0.09057
41.5015 40.6943 0.09054
41.5136 40.6701 0.09060
41.5015 40.7063 0.09043
41.5015 40.6943 0.09064
41.5619 40.6822 0.09016
41.5015 40.6943 0.09033
41.5257 40.6943 0.09037
41.5015 40.7063 0.09060
41.5136 40.7063 0.09043
41.5015 40.7063 0.09030
41.5257 40.6701 0.09016
41.5257 40.6943 0.09050
41.5136 40.6822 0.09037
41.5257 40.6943 0.09037
41.5257 40.7184 0.09026
41.5257 40.6943 0.09054
41.5015 40.7063 0.09064
41.5257 40.6943 0.09040
41.5498 40.7305 0.09050
41.5619 40.6943 0.09050
41.5136 40.6701 0.09043
41.5136 40.6943 0.09043
41.5257 40.7063 0.09054
41.5257 40.6943 0.09026
41.5498 40.6943 0.09047
41.5015 40.7063 0.09040
41.5257 40.6943 0.09074
41.5498 40.7305 0.09026
41.5498 40.6943 0.09043
41.5257 40.7063 0.09033
41.5136 40.6943 0.09040
41.5498 40.7184 0.09050
41.5619 40.7546 0.09047
41.5257 40.6943 0.09009
41.5257 40.7063 0.09033
41.5257 40.7184 0.09033
41.5498 40.7305 0.09023
41.5861 40.7305 0.08999
41.5257 40.7063 0.09043
41.5619 40.7426 0.09050
41.5257 40.7305 0.09037
41.5740 40.7546 0.09033
41.5740 40.7305 0.09023
41.5257 40.6822 0.09016
41.5498 40.7184 0.09057
41.5619 40.7426 0.09033
41.5619 40.7426 0.09006
41.5257 40.7063 0.09030
41.5619 40.7426 0.09047
41.5861 40.7426 0.09023
41.5740 40.7426 0.09006
41.5377 40.7305 0.09033
41.5257 40.7305 0.09033
41.5619 40.7184 0.09023
41.5619 40.7184 0.09003
41.5619 40.7305 0.08999
41.5498 40.6943 0.09026
41.5257 40.7426 0.09040
41.5740 40.7305 0.09013
25.2818 28.0043 0.04272
25.9828 28.6925 0.04310
26.4300 29.2479 0.04303
26.7926 29.6584 0.04384
27.3002 30.1776 0.04452
27.8199 30.6968 0.04503
28.2792 31.2160 0.04934
28.5209 31.4696 0.05012
28.8714 31.7473 0.05079
29.2219 32.0491 0.05147
29.5120 32.2906 0.05202
29.8262 32.5200 0.05242
30.1163 32.7615 0.05300
30.3943 32.9788 0.05391
30.7206 33.2203 0.05449
30.9261 33.4014 0.05510
31.2524 33.6188 0.05591
31.4095 33.7395 0.05649
31.8446 34.0414 0.05141
32.0864 34.2346 0.05195
32.2435 34.2949 0.05310
32.5336 34.5123 0.05419
32.7148 34.6692 0.05483
32.8720 34.7417 0.05547
33.0533 34.8624 0.05663
33.2466 34.9832 0.05703
33.4038 35.1160 0.05764
33.5730 35.2367 0.05920
33.7663 35.3454 0.06175
33.8872 35.4058 0.07050
34.0564 35.5386 0.08111
34.2014 35.6231 0.09423
34.3344 35.7318 0.10101
34.4552 35.8163 0.08525
34.6486 35.9129 0.07243
34.7332 35.9732 0.07151
34.8662 36.0336 0.06772
34.9629 36.1181 0.06368
35.0958 36.1664 0.06249
35.2046 36.2630 0.06226
35.2892 36.3113 0.06619
35.4584 36.4079 0.06758
35.4826 36.4562 0.06765
41.4048 40.5252 0.09433
41.4290 40.5011 0.09362
41.3927 40.5131 0.09342
41.3806 40.5011 0.09328
41.3806 40.5131 0.09308
41.3685 40.4769 0.09304
41.3685 40.5011 0.09315
41.3806 40.4528 0.09284
41.3565 40.5011 0.09281
41.3565 40.4528 0.09315
41.4048 40.4769 0.09304
41.3806 40.4528 0.09284
41.3565 40.4648 0.09274
41.3685 40.4648 0.09301
41.3323 40.4528 0.09264
41.3323 40.4648 0.09301
41.3323 40.4648 0.09271
41.3685 40.4769 0.09260
41.3202 40.4528 0.09237
41.3444 40.4528 0.09260
41.3323 40.4407 0.09260
41.3081 40.4528 0.09247
41.3565 40.4165 0.09267
41.3323 40.4286 0.09257
41.3202 40.4286 0.09271
41.3565 40.4528 0.09277
41.3323 40.4528 0.09271
41.3323 40.4528 0.09267
41.3565 40.4165 0.09274
41.2839 40.4286 0.09247
41.3202 40.4286 0.09257
41.3202 40.4165 0.09250
41.3565 40.4528 0.09257
41.3323 40.4286 0.09264
41.2839 40.3924 0.09230
41.3202 40.4528 0.09260
41.3202 40.4648 0.09237
41.3081 40.4165 0.09223
41.3323 40.4528 0.09260
41.3323 40.4165 0.09233
41.3323 40.4286 0.09240
41.2839 40.4286 0.09250
41.3081 40.4286 0.09213
41.3081 40.4286 0.09226
41.3081 40.4286 0.09233
41.3202 40.4769 0.09243
41.2960 40.4165 0.09250
41.3081 40.4407 0.09223
41.3081 40.4286 0.09250
41.3202 40.4286 0.09230
41.3202 40.4286 0.09233
41.3081 40.4165 0.09233
41.3202 40.4528 0.09243
41.2960 40.4286 0.09220
41.3081 40.4528 0.09220
41.2839 40.4045 0.09210
41.3081 40.4045 0.09264
29.1011 31.8076 0.05117
29.4637 32.1095 0.05212
29.8021 32.4234 0.05249
30.0680 32.6891 0.05341
30.4426 32.9788 0.05412
30.6965 33.1479 0.05497
31.0228 33.4256 0.05517
31.2887 33.6429 0.05612
31.4700 33.7757 0.05676
31.7117 33.9448 0.05727
31.9776 34.1621 0.05778
32.1951 34.3311 0.05795
32.4369 34.4881 0.05887
32.6544 34.6692 0.05903
32.8840 34.8020 0.05985
33.0653 34.9228 0.06019
33.2950 35.0556 0.06070
33.4763 35.2005 0.06134
33.6817 35.3454 0.06178
33.8147 35.4782 0.06219
34.0322 35.5869 0.06314
34.1773 35.6835 0.06365
34.3465 35.8163 0.06388
34.5278 35.9249 0.06432
34.6486 36.0215 0.06483
34.7453 36.0940 0.06514
34.9024 36.1664 0.06565
35.0233 36.2389 0.06616
35.1925 36.3475 0.06636
35.2892 36.4200 0.06666
35.4101 36.4683 0.06714
35.5309 36.5528 0.06751
35.6518 36.6132 0.06775
35.7606 36.7098 0.06836
35.8693 36.7943 0.06856
35.9660 36.8547 0.06907
36.0627 36.9030 0.06900
36.1352 36.9512 0.06961
36.2803 37.0358 0.06989
36.3044 37.0720 0.07016
36.4011 37.1203 0.07033
36.4978 37.1807 0.07067
36.5582 37.1927 0.07094
36.6187 37.2531 0.07121
36.6791 37.3014 0.07039
36.8241 37.3738 0.06690
36.9087 37.4704 0.06748
36.9692 37.4704 0.06816
37.0296 37.5067 0.07067
37.1142 37.5550 0.06914
37.1746 37.5912 0.06975
37.2230 37.6153 0.07060
37.2955 37.6153 0.07124
37.3438 37.6999 0.07280
37.4043 37.7240 0.07470
37.4526 37.7481 0.07602
37.4889 37.7844 0.07735
37.5614 37.7964 0.07921
37.5977 37.8206 0.08138
37.6339 37.8327 0.08165
37.6823 37.8810 0.08189
37.7306 37.8930 0.08223
37.7548 37.9172 0.08247
37.8273 37.9293 0.08274
37.8515 38.0017 0.08158
37.8756 38.0017 0.07965
37.8998 38.0259 0.07738
37.9723 38.0379 0.07887
37.9482 38.0621 0.07999
38.0448 38.0983 0.07999
39.3985 38.9556 0.08379
39.3501 38.9676 0.08382
39.3985 38.9918 0.07996
39.3501 38.9676 0.08318
39.3743 38.9556 0.08365
39.3985 38.9797 0.08030
39.3743 38.9676 0.08023
42.0816 41.0927 0.09179
42.0574 41.1048 0.09138
42.0574 41.0927 0.09118
42.0454 41.1169 0.09111
42.0454 41.0927 0.09094
42.0454 41.0565 0.09091
42.0574 41.0806 0.09091
42.0333 41.0565 0.09057
42.0333 41.0565 0.09050
42.0454 41.0806 0.09071
42.0333 41.0565 0.09043
42.0454 41.0444 0.09077
42.0454 41.0565 0.09043
42.0333 41.0565 0.09016
42.0212 41.0323 0.09033
42.0333 41.0444 0.09047
42.0212 41.0323 0.09043
42.0454 41.0444 0.09047
41.9849 41.0323 0.09040
42.0212 40.9961 0.09030
41.9970 41.0203 0.09040
42.0333 41.0203 0.09057
42.0091 41.0203 0.09047
41.9849 41.0082 0.09020
41.9849 41.0082 0.09037
41.9970 41.0444 0.08999
41.9970 41.0203 0.09030
42.0091 41.0203 0.09013
42.0091 41.0082 0.09020
41.9728 41.0082 0.09043
41.9728 40.9961 0.09016
41.9849 41.0082 0.09020
