41.6949 40.5735 0.08270
41.6949 40.6097 0.08209
41.7311 40.6097 0.08257
41.7432 40.6097 0.08243
41.7432 40.5977 0.08240
41.7553 40.6097 0.08236
41.7432 40.5856 0.08236
41.7190 40.6218 0.08202
41.7190 40.5977 0.08250
41.6707 40.5735 0.08240
41.7311 40.6218 0.08247
41.6949 40.6097 0.08233
41.7190 40.5614 0.08230
41.7553 40.6460 0.08192
41.6949 40.5977 0.08243
41.6949 40.6097 0.08233
41.7190 40.6218 0.08236
41.6949 40.6097 0.08219
41.6828 40.5735 0.08243
41.7432 40.6580 0.08328
41.6949 40.5735 0.08558
41.7674 40.6339 0.08453
41.7553 40.6701 0.08531
41.7674 40.5977 0.08501
41.8520 40.6943 0.08494
41.7311 40.6097 0.08399
41.7674 40.6097 0.08484
41.7916 40.6580 0.08484
41.7916 40.6218 0.08497
42.2992 41.0323 0.08596
42.2750 41.0082 0.08491
42.2025 40.9357 0.08470
42.1904 40.9357 0.08464
42.2387 41.0323 0.08423
42.2508 41.0565 0.08443
42.2267 41.0444 0.08457
42.2387 41.0082 0.08436
42.2025 40.9840 0.08453
42.1783 40.9961 0.08433
42.2146 40.9961 0.08409
42.2025 40.9961 0.08416
42.1783 40.9961 0.08416
42.2387 40.9599 0.08443
42.2025 40.9840 0.08406
42.1783 40.9599 0.08423
42.1904 40.9357 0.08464
42.1904 40.9961 0.08596
42.1904 40.9720 0.08592
42.1783 40.9599 0.08640
42.1783 40.9357 0.08538
39.9061 39.3057 0.07497
39.8578 39.2574 0.07436
39.8819 39.2574 0.07426
39.9061 39.2936 0.07409
39.8699 39.2574 0.07402
39.8819 39.2695 0.07385
39.9061 39.2574 0.07402
39.8578 39.2695 0.07382
39.8819 39.2574 0.07402
39.8578 39.2333 0.07382
39.8699 39.2212 0.07389
39.8578 39.2574 0.07385
39.8578 39.2212 0.07389
39.8457 39.2333 0.07368
39.8336 39.2212 0.07358
39.8457 39.2212 0.07382
39.8578 39.2212 0.07351
39.8215 39.2333 0.07372
39.8578 39.2453 0.07355
39.8336 39.2091 0.07362
39.8457 39.2453 0.07341
39.8215 39.1971 0.07351
39.8215 39.2091 0.07358
39.8336 39.2212 0.07362
39.8094 39.1971 0.07355
39.8336 39.1850 0.07341
39.8215 39.2091 0.07341
39.8215 39.1971 0.07348
39.8094 39.1971 0.07341
39.8094 39.1850 0.07351
39.8215 39.1729 0.07355
39.8215 39.1850 0.07331
39.8215 39.1850 0.07317
39.7853 39.1608 0.07338
39.7853 39.1608 0.07328
39.7611 39.1971 0.07321
39.7732 39.1488 0.07338
39.7732 39.1850 0.07324
39.7732 39.1608 0.07311
39.7853 39.1367 0.07314
39.7973 39.1488 0.07351
39.7853 39.1367 0.07334
39.7369 39.1246 0.07324
39.7853 39.1125 0.07317
39.7611 39.1488 0.07338
39.7611 39.1488 0.07290
39.7611 39.1488 0.07338
39.7611 39.1125 0.07314
39.7611 39.1367 0.07300
39.7611 39.1367 0.07300
39.7611 39.1125 0.07311
39.7611 39.1246 0.07304
39.7611 39.1488 0.07324
39.7369 39.1125 0.07287
39.7248 39.1005 0.07300
39.7611 39.1246 0.07277
39.7490 39.1488 0.07284
39.7490 39.1367 0.07297
39.7369 39.0884 0.07294
39.7369 39.1125 0.07297
39.7369 39.1005 0.07284
39.7006 39.1005 0.07290
39.7369 39.1005 0.07311
39.7369 39.1125 0.07280
39.7127 39.1125 0.07290
39.7006 39.1005 0.07287
39.7127 39.0642 0.07263
39.7127 39.0884 0.07273
39.7127 39.1125 0.07277
39.6765 39.0884 0.07284
39.7127 39.0763 0.07260
39.7127 39.1005 0.07290
39.7127 39.0763 0.07273
39.7127 39.1005 0.07267
39.7127 39.0884 0.07267
39.7127 39.1005 0.07243
39.7127 39.1005 0.07256
39.6765 39.1125 0.07280
39.6765 39.0642 0.07239
39.6886 39.0884 0.07290
39.7006 39.0522 0.07260
39.6765 39.0642 0.07307
39.6765 39.0642 0.07277
39.6765 39.0763 0.07267
39.6644 39.0763 0.07267
39.7006 39.0642 0.07260
39.6644 39.0642 0.07263
39.6644 39.1005 0.07253
39.6644 39.0763 0.07270
39.6886 39.1005 0.07246
39.6644 39.0642 0.07260
39.6644 39.0280 0.07256
39.6402 39.0401 0.07270
39.6644 39.0642 0.07246
39.6765 39.0642 0.07253
39.6644 39.0642 0.07273
39.6644 39.0642 0.07267
39.6644 39.0522 0.07267
39.6523 39.0522 0.07270
39.6281 39.0522 0.07273
39.6644 39.0522 0.07277
39.6765 39.0522 0.07253
39.6281 39.0159 0.07260
39.6402 39.0159 0.07263
39.6523 39.0642 0.07250
39.6644 39.0401 0.07260
39.6402 39.0522 0.07267
39.6281 39.0522 0.07260
39.6644 39.0642 0.07253
39.6160 39.0159 0.07263
39.6160 39.0280 0.07250
39.6040 39.0280 0.07260
39.6644 39.0401 0.07267
39.6281 39.0280 0.07273
39.6160 39.0159 0.07260
39.6402 39.0280 0.07246
39.6040 39.0159 0.07253
39.6281 39.0159 0.07253
39.6644 39.0401 0.07243
39.6160 39.0280 0.07253
39.6160 39.0039 0.07233
39.6160 39.0159 0.07222
39.6040 39.0039 0.07222
39.6160 39.0039 0.07239
39.6040 39.0159 0.07250
39.6160 39.0280 0.07236
39.6281 39.0280 0.07233
39.6040 39.0039 0.07273
39.6281 39.0642 0.07246
39.5919 39.0039 0.07250
39.6281 39.0280 0.07260
39.6160 38.9918 0.07229
39.6402 39.0159 0.07267
39.6040 38.9676 0.07236
39.6160 39.0159 0.07277
39.6040 39.0280 0.07222
39.6160 39.0401 0.07277
39.5677 39.0159 0.07233
39.5919 39.0039 0.07243
39.6160 39.0159 0.07222
39.5919 39.0159 0.07270
39.6040 39.0039 0.07222
39.5798 38.9918 0.07250
39.5919 39.0159 0.07219
39.5919 38.9797 0.07256
39.5919 39.0039 0.07229
39.5919 39.0039 0.07270
39.6160 39.0401 0.07236
39.5919 38.9797 0.07229
39.6160 39.0159 0.07226
39.5798 38.9797 0.07222
39.6160 39.0039 0.07256
39.5677 38.9797 0.07362
39.6160 38.9676 0.07334
39.6402 39.0159 0.07287
39.7248 39.0763 0.07253
39.7006 39.0763 0.07239
39.6886 39.1125 0.07209
39.6765 39.0642 0.07202
39.6886 39.0884 0.07148
39.6644 39.0763 0.07209
39.6644 39.0642 0.07202
39.6886 39.1005 0.07206
39.6402 39.1005 0.07202
39.7127 39.0763 0.07219
39.6886 39.0884 0.07236
39.7127 39.1125 0.07229
39.6402 39.0763 0.07131
39.6886 39.1488 0.07151
39.6644 39.0763 0.07212
39.6765 39.1125 0.07206
39.6765 39.0884 0.07256
39.6886 39.1005 0.07256
39.6886 39.1125 0.07260
39.7127 39.1125 0.07273
39.7006 39.1125 0.07270
39.7127 39.1005 0.07219
39.7127 39.0763 0.07192
39.7127 39.0884 0.07158
39.7006 39.1005 0.07158
39.6644 39.0884 0.07090
39.7127 39.1367 0.07077
39.7248 39.1246 0.07083
39.7248 39.1125 0.07097
39.7248 39.1125 0.07134
39.7127 39.1246 0.07165
39.6886 39.1729 0.07212
39.8094 39.2212 0.07321
39.8578 39.3178 0.07311
39.7611 39.2695 0.07307
39.8094 39.3178 0.07375
39.7853 39.2816 0.07392
39.8094 39.2936 0.07375
39.8457 39.2936 0.07362
39.8215 39.3057 0.07358
39.8819 39.3299 0.07378
39.8094 39.2574 0.07395
39.8578 39.3419 0.07378
39.8215 39.2936 0.07372
39.9061 39.3540 0.07328
39.8094 39.2695 0.07338
39.9061 39.3540 0.07358
39.8336 39.3057 0.07416
36.0023 36.6494 0.05500
36.0990 36.6735 0.05524
36.1594 36.7822 0.05568
36.3044 36.8305 0.05591
36.4253 36.9271 0.05656
36.5099 37.0358 0.05680
36.6066 37.1082 0.05700
36.6912 37.1807 0.05744
36.7879 37.2531 0.05812
36.9208 37.3618 0.05819
36.9813 37.3738 0.05876
37.1142 37.4584 0.05931
37.1384 37.4946 0.05958
37.2230 37.5550 0.05988
37.3076 37.6395 0.06012
37.3922 37.6395 0.06063
37.4405 37.6878 0.06090
37.5131 37.7240 0.06117
37.5977 37.7844 0.06151
37.6339 37.8085 0.06188
37.7064 37.8447 0.06192
37.7669 37.9051 0.06232
37.8273 37.9293 0.06266
37.8877 37.9534 0.06263
37.9482 38.0138 0.06314
38.0207 38.0379 0.06337
38.0448 38.0621 0.06341
38.1174 38.1345 0.06375
38.1657 38.1587 0.06405
38.1899 38.1949 0.06432
38.2624 38.2070 0.06432
38.3107 38.2553 0.06483
38.3712 38.2432 0.06477
38.3712 38.2915 0.06497
38.4316 38.3277 0.06531
38.4679 38.3519 0.06541
38.5162 38.3881 0.06554
38.5525 38.4002 0.06558
38.6008 38.4122 0.06599
38.6008 38.4605 0.06609
38.6492 38.4605 0.06592
38.6975 38.5088 0.06636
38.7217 38.5330 0.06636
38.7579 38.5571 0.06653
38.7821 38.5209 0.06697
38.8063 38.5692 0.06680
38.8304 38.5813 0.06734
38.8909 38.6175 0.06738
38.8909 38.6537 0.06755
38.9392 38.6537 0.06751
38.9634 38.6537 0.06741
38.9876 38.6779 0.06802
38.9755 38.6658 0.06805
39.0601 38.7262 0.06809
39.0843 38.7020 0.06853
39.0601 38.7382 0.06883
39.0843 38.7382 0.06866
39.1326 38.7624 0.06877
39.1689 38.7745 0.06860
39.1930 38.7986 0.06873
39.2051 38.7986 0.06870
39.2051 38.8228 0.06880
39.2293 38.8469 0.06890
39.2414 38.8348 0.06897
39.2655 38.8469 0.06890
39.2655 38.8590 0.06904
39.2776 38.8952 0.06927
39.3381 38.8831 0.06890
39.3501 38.8710 0.06914
39.3622 38.8831 0.06944
39.3501 38.9314 0.06941
39.3864 38.9314 0.06948
39.3743 38.9676 0.06968
39.3985 38.9073 0.06978
39.4227 38.9314 0.06975
39.4589 38.9797 0.06985
39.4710 38.9918 0.06978
39.4952 38.9797 0.07005
39.4348 38.9556 0.07022
39.4831 39.0039 0.07009
39.5314 39.0039 0.07029
39.5314 39.0159 0.07036
39.5435 39.0159 0.07043
39.5677 39.0039 0.07043
39.5435 39.0159 0.07094
39.5677 39.0522 0.07104
39.5919 39.0280 0.07097
39.6160 39.0642 0.07080
39.5919 39.0642 0.07077
39.6281 39.0763 0.07104
39.6281 39.0884 0.07104
39.6281 39.0763 0.07063
39.6281 39.0642 0.07090
39.6523 39.0763 0.07124
39.6644 39.1005 0.07111
39.6644 39.1125 0.07117
39.7127 39.1125 0.07121
39.6765 39.1246 0.07124
39.7127 39.1488 0.07131
39.7127 39.1488 0.07165
39.7248 39.1608 0.07151
39.7490 39.1850 0.07145
39.7611 39.1488 0.07158
39.7611 39.1488 0.07155
39.7732 39.1729 0.07172
39.7611 39.1729 0.07134
39.7611 39.1850 0.07158
39.7611 39.1971 0.07175
39.7853 39.1850 0.07165
39.7853 39.1971 0.07172
39.8336 39.1971 0.07182
39.8094 39.2091 0.07185
39.8094 39.2091 0.07175
39.8094 39.1971 0.07192
39.8094 39.1971 0.07178
39.8336 39.2695 0.07189
39.8457 39.2091 0.07209
39.8457 39.2453 0.07222
39.8699 39.2574 0.07222
39.8699 39.2333 0.07192
39.8819 39.2333 0.07233
39.8819 39.2453 0.07236
39.8940 39.2695 0.07206
39.9061 39.2574 0.07216
39.9182 39.2574 0.07222
39.8940 39.2453 0.07236
39.9182 39.2695 0.07206
39.9303 39.2574 0.07250
39.9545 39.2936 0.07253
39.9303 39.2695 0.07239
39.9545 39.3178 0.07250
39.9545 39.2936 0.07250
39.9545 39.3057 0.07246
39.9545 39.2816 0.07263
39.9786 39.3057 0.07250
39.9786 39.2936 0.07267
39.9665 39.2936 0.07263
40.0028 39.3057 0.07260
39.9665 39.3178 0.07250
40.0028 39.3540 0.07263
40.0149 39.3299 0.07260
40.0028 39.3661 0.07263
40.0511 39.3419 0.07280
40.0028 39.3419 0.07270
40.0391 39.3419 0.07270
40.0149 39.3540 0.07263
40.0149 39.3299 0.07287
40.0391 39.3299 0.07263
40.0632 39.3419 0.07267
40.0511 39.3419 0.07250
40.0270 39.3782 0.07294
40.0753 39.3661 0.07324
40.0632 39.3782 0.07355
40.0995 39.3902 0.07324
40.0753 39.3419 0.07297
40.0995 39.3782 0.07314
40.0632 39.3419 0.07334
40.0874 39.3902 0.07365
40.1237 39.3782 0.07348
40.1116 39.4144 0.07307
40.0995 39.3902 0.07328
40.1237 39.3902 0.07304
40.0995 39.4023 0.07385
40.1237 39.4265 0.07409
40.1237 39.4144 0.07399
40.1237 39.4144 0.07453
40.1237 39.4023 0.07436
40.1478 39.4506 0.07460
40.1720 39.4023 0.07446
40.1478 39.4506 0.07429
40.1237 39.4506 0.07511
40.1478 39.4627 0.07534
40.1720 39.4868 0.07531
40.1720 39.4627 0.07507
40.1720 39.4627 0.07541
40.1720 39.4627 0.07541
40.1720 39.4748 0.07545
40.1720 39.4506 0.07568
40.1478 39.4627 0.07555
40.1599 39.4627 0.07551
40.1720 39.4868 0.07548
40.1841 39.4868 0.07585
40.2445 39.4506 0.07545
40.2445 39.5110 0.07592
40.1478 39.4385 0.07616
40.1962 39.4385 0.07524
40.2324 39.5110 0.07612
40.1720 39.4385 0.07572
40.2204 39.4506 0.07741
40.2204 39.3419 0.07792
40.3170 39.5472 0.07582
40.2445 39.4868 0.07595
40.0995 39.3902 0.07541
40.0995 39.3540 0.07484
40.1357 39.4144 0.07541
40.1237 39.4265 0.07467
40.1237 39.4385 0.07511
40.1357 39.4506 0.07511
40.1116 39.4506 0.07477
40.1478 39.4144 0.07480
40.1116 39.4385 0.07507
40.0753 39.4144 0.07511
40.1116 39.4385 0.07501
40.0753 39.4265 0.07487
40.0995 39.4265 0.07473
40.0995 39.4385 0.07494
40.0511 39.4023 0.07497
40.0753 39.4144 0.07480
40.0632 39.4144 0.07480
40.0995 39.3902 0.07501
40.0511 39.3782 0.07463
40.0511 39.3902 0.07456
40.0511 39.3902 0.07473
40.0511 39.3661 0.07460
40.0391 39.3661 0.07443
40.0511 39.3419 0.07460
40.0511 39.3540 0.07446
40.0391 39.3540 0.07433
40.0270 39.3540 0.07453
40.0391 39.3540 0.07453
40.0149 39.3419 0.07453
40.0149 39.3540 0.07456
39.9786 39.3299 0.07456
40.0149 39.3178 0.07456
39.9786 39.3540 0.07433
40.0149 39.3178 0.07412
40.0028 39.3057 0.07440
39.9545 39.3299 0.07446
39.9545 39.3299 0.07406
39.9786 39.3057 0.07429
39.9665 39.2695 0.07409
39.9786 39.3057 0.07409
39.9545 39.3057 0.07402
39.9786 39.3057 0.07402
39.9786 39.2695 0.07416
39.9545 39.2936 0.07389
39.9786 39.2936 0.07392
39.9545 39.2695 0.07375
39.9424 39.2695 0.07399
39.9665 39.3057 0.07358
39.9665 39.2695 0.07382
39.9424 39.2695 0.07368
39.9182 39.2574 0.07399
39.9061 39.2453 0.07382
39.9303 39.2091 0.07372
39.8819 39.2453 0.07389
39.9061 39.2212 0.07365
39.9061 39.2695 0.07389
39.8094 39.1608 0.07297
39.7973 39.1729 0.07294
39.8336 39.1608 0.07260
39.7853 39.1608 0.07277
39.7853 39.1729 0.07284
39.7853 39.1608 0.07294
39.7853 39.1729 0.07294
39.7853 39.1850 0.07260
39.7853 39.1367 0.07284
39.7732 39.1246 0.07273
39.7853 39.1608 0.07297
39.8215 39.1488 0.07297
39.8094 39.1850 0.07351
39.7853 39.1608 0.07494
39.7732 39.1608 0.07440
39.8094 39.1488 0.07334
39.8094 39.1729 0.07321
39.7127 39.1971 0.07175
39.6644 39.1850 0.07168
39.6886 39.1971 0.07189
39.7248 39.1850 0.07145
39.7127 39.1608 0.07158
39.7248 39.1850 0.07155
39.6886 39.1729 0.07151
39.7127 39.1850 0.07131
39.7127 39.1729 0.07151
39.6886 39.1729 0.07141
39.6886 39.1608 0.07192
39.6886 39.1608 0.07165
39.7006 39.1367 0.07158
39.7006 39.1608 0.07175
39.7006 39.1729 0.07168
39.6765 39.1729 0.07165
39.7127 39.1608 0.07155
39.6886 39.1488 0.07165
39.6765 39.1850 0.07172
39.7127 39.1729 0.07175
39.7127 39.1729 0.07161
39.6886 39.1367 0.07172
39.6765 39.1608 0.07151
39.6765 39.1367 0.07178
39.6765 39.1729 0.07185
39.7127 39.1608 0.07165
39.6765 39.1367 0.07182
39.6886 39.1488 0.07182
39.7006 39.1608 0.07168
39.7127 39.1246 0.07168
39.7006 39.1488 0.07165
39.7127 39.1608 0.07161
39.7127 39.1488 0.07175
39.6886 39.1246 0.07178
39.7006 39.1608 0.07158
39.7127 39.1246 0.07195
39.7006 39.1367 0.07178
39.7006 39.1488 0.07168
39.7127 39.1608 0.07178
39.7127 39.1608 0.07158
39.6886 39.1246 0.07158
39.6644 39.1488 0.07165
39.7006 39.1125 0.07172
39.7006 39.1125 0.07175
39.6886 39.1367 0.07182
39.7006 39.1005 0.07185
39.7127 39.1246 0.07158
39.7127 39.0884 0.07161
39.6886 39.1246 0.07168
39.6644 39.1488 0.07172
39.6886 39.1125 0.07155
39.6886 39.1246 0.07178
39.6886 39.1125 0.07148
39.6644 39.1125 0.07168
39.6644 39.1367 0.07168
39.6644 39.1125 0.07172
39.6765 39.1005 0.07189
39.6886 39.0884 0.07175
39.6644 39.1005 0.07168
39.6886 39.1005 0.07165
39.6765 39.0763 0.07182
39.6886 39.1005 0.07202
39.6644 39.1005 0.07185
39.6886 39.1005 0.07175
39.6523 39.0884 0.07165
39.6886 39.1005 0.07168
39.6523 39.0763 0.07158
39.6644 39.0884 0.07175
39.6765 39.1005 0.07168
39.6644 39.1005 0.07161
39.6402 39.0642 0.07141
39.6644 39.0884 0.07161
39.6644 39.0642 0.07151
39.6644 39.1005 0.07165
39.6160 39.0763 0.07148
39.6402 39.0642 0.07155
39.6644 39.0642 0.07175
39.6523 39.0642 0.07175
39.6644 39.0884 0.07165
39.6765 39.0642 0.07155
39.6644 39.0522 0.07165
39.6402 39.0522 0.07155
39.6523 39.0642 0.07168
39.6644 39.0401 0.07168
39.6402 39.0763 0.07148
39.6281 39.0642 0.07161
39.6523 39.0763 0.07158
39.6160 39.0642 0.07151
39.6402 39.0522 0.07141
39.6281 39.0280 0.07165
39.6160 39.0642 0.07145
39.6402 39.0642 0.07189
39.6160 39.0763 0.07158
39.6402 39.0642 0.07138
39.6402 39.0401 0.07158
39.6281 39.0401 0.07155
39.6402 39.0642 0.07138
39.6160 39.0280 0.07165
39.6281 39.0159 0.07172
39.6281 39.0159 0.07168
39.5919 39.0280 0.07134
39.6281 39.0159 0.07141
39.6160 39.0280 0.07151
39.6160 39.0522 0.07175
39.6281 39.0159 0.07158
39.5798 39.0522 0.07141
39.6160 39.0039 0.07161
39.5919 39.0280 0.07161
39.6040 39.0159 0.07151
39.6160 39.0401 0.07131
39.5919 39.0401 0.07155
39.5919 39.0039 0.07114
39.6040 39.0401 0.07138
39.6040 39.0401 0.07138
39.6040 39.0159 0.07138
39.6040 39.0159 0.07121
39.6040 38.9918 0.07168
39.5919 39.0159 0.07145
39.5919 39.0039 0.07161
39.6160 39.0039 0.07155
39.5919 38.9676 0.07138
39.6040 39.0159 0.07134
39.5798 38.9797 0.07138
39.5798 39.0039 0.07131
39.5677 38.9918 0.07145
39.5919 39.0039 0.07128
39.5677 38.9797 0.07138
39.5798 38.9918 0.07117
39.5677 39.0039 0.07111
39.6040 39.0039 0.07134
39.5798 39.0159 0.07094
39.5677 39.0159 0.07131
39.5677 38.9797 0.07107
39.5919 38.9676 0.07134
39.5677 38.9797 0.07117
39.5677 38.9556 0.07134
39.5919 38.9797 0.07121
39.5435 38.9676 0.07134
39.5556 38.9556 0.07138
39.5435 38.9676 0.07114
39.5435 38.9797 0.07128
39.5194 38.9556 0.07094
39.5677 38.9676 0.07155
39.5435 38.9918 0.07121
39.5435 38.9676 0.07114
39.5435 38.9797 0.07114
39.4952 38.9676 0.07094
39.5435 38.9676 0.07128
39.5435 38.9314 0.07080
39.5435 38.9676 0.07107
39.5314 38.9556 0.07077
39.5435 38.9435 0.07094
39.5435 38.9556 0.07100
39.5194 38.9556 0.07111
39.5435 38.9676 0.07090
39.5314 38.9556 0.07077
39.5435 38.9556 0.07080
39.5314 38.9314 0.07063
39.5435 38.9193 0.07080
39.4831 38.9314 0.07036
39.4952 38.9073 0.07124
39.5194 38.9193 0.07080
39.5073 38.9314 0.07063
39.4952 38.9314 0.07077
39.5194 38.9073 0.07067
39.5194 38.9314 0.07104
39.5314 38.9073 0.07063
39.4831 38.9073 0.07077
39.4952 38.9073 0.07043
39.4710 38.9314 0.07080
39.5073 38.9193 0.07053
39.4831 38.8952 0.07029
39.5073 38.9073 0.07070
39.4589 38.9073 0.07046
39.5194 38.9193 0.07073
39.4710 38.8831 0.07039
39.4831 38.8831 0.07087
39.4952 38.8710 0.07016
39.4710 38.9073 0.07097
39.4952 38.9073 0.07022
39.4589 38.8831 0.07090
39.4831 38.8952 0.07016
39.4348 38.8710 0.07067
39.4952 38.8952 0.07033
39.4710 38.8348 0.07033
39.4710 38.9073 0.07036
39.4227 38.8348 0.07039
39.4831 38.8710 0.07056
39.4589 38.8348 0.07022
39.4589 38.8710 0.07063
39.4468 38.8831 0.07029
39.4468 38.8590 0.07043
39.4348 38.8590 0.07012
39.4227 38.8590 0.07063
39.4348 38.8710 0.07019
39.4348 38.8590 0.07087
39.4227 38.8710 0.07053
39.4468 38.8590 0.07073
39.4227 38.8348 0.07039
39.3985 38.8348 0.07063
39.4227 38.8590 0.07022
39.3985 38.8469 0.07046
39.4227 38.8348 0.07002
39.4227 38.8228 0.07073
39.3985 38.8348 0.07012
39.3985 38.7865 0.07050
39.4227 38.8348 0.06995
39.3864 38.8228 0.07053
39.3985 38.8348 0.07016
39.3743 38.8107 0.07053
39.3743 38.8107 0.07005
39.3985 38.8107 0.07053
39.3743 38.8228 0.06985
39.3864 38.8107 0.07039
39.3622 38.8107 0.06992
39.3501 38.8107 0.07033
39.3622 38.8107 0.06992
39.3864 38.8348 0.07019
39.3501 38.8107 0.07012
39.3985 38.8107 0.07009
39.3501 38.7745 0.06978
39.3501 38.8228 0.06992
39.3743 38.8107 0.06985
39.3743 38.8107 0.06999
39.3381 38.8228 0.07009
39.3622 38.8107 0.06982
39.3501 38.7865 0.06989
39.3743 38.8107 0.06968
39.3501 38.7865 0.07019
39.3381 38.7986 0.06978
39.3381 38.7986 0.07009
39.3381 38.7865 0.06968
39.3743 38.8107 0.07005
39.3501 38.7382 0.06972
39.3381 38.7986 0.06992
39.3139 38.7865 0.06992
39.3260 38.8107 0.06965
39.3139 38.7382 0.07019
39.2897 38.7986 0.06968
39.3260 38.8107 0.06995
39.3139 38.7745 0.06978
39.3260 38.7865 0.06968
39.2776 38.7745 0.06999
39.3381 38.7986 0.06958
39.3381 38.7865 0.07016
39.3018 38.7745 0.06978
39.2897 38.7624 0.06989
39.2776 38.7382 0.06982
39.3018 38.7745 0.06968
39.3139 38.7624 0.07005
39.2776 38.7262 0.06968
39.2776 38.7624 0.06978
39.2414 38.7141 0.06985
39.2776 38.7745 0.06982
39.2776 38.7382 0.06995
39.2776 38.7382 0.06955
39.2897 38.7382 0.06972
39.2897 38.7382 0.07002
39.2535 38.7382 0.06951
39.2655 38.7382 0.06982
39.2776 38.7382 0.06972
39.2776 38.7382 0.06968
39.2897 38.7382 0.06961
39.2293 38.7262 0.06975
39.2535 38.7503 0.06961
39.2655 38.7262 0.06982
39.2535 38.7503 0.06955
39.2776 38.7745 0.06951
39.2776 38.7624 0.06944
39.2414 38.7382 0.07005
39.2655 38.7262 0.06931
39.2776 38.7865 0.06961
39.2655 38.7262 0.06982
39.2293 38.7503 0.06965
39.2535 38.7382 0.06927
39.2535 38.7503 0.06944
39.2535 38.7262 0.06965
39.2293 38.7382 0.06978
39.2414 38.7262 0.06975
39.2051 38.7382 0.06941
39.2655 38.7382 0.06944
39.2293 38.7503 0.06958
39.2051 38.6899 0.06961
39.2051 38.7382 0.06938
39.2172 38.7262 0.06934
39.2414 38.7141 0.06965
39.2293 38.7382 0.06927
39.2051 38.7141 0.06931
39.2051 38.7262 0.06944
39.2414 38.7382 0.06951
39.2172 38.7141 0.06927
39.2172 38.7141 0.06921
39.2293 38.7020 0.06975
39.2051 38.7020 0.06921
39.2051 38.7141 0.06948
39.2414 38.7382 0.06951
39.2051 38.7382 0.06938
39.2051 38.7020 0.06955
39.2293 38.7503 0.06961
39.2051 38.7141 0.06921
39.2051 38.7020 0.06968
39.1930 38.7141 0.06904
39.2051 38.7141 0.06951
39.2051 38.6899 0.06917
39.2172 38.7262 0.06934
39.2051 38.7262 0.06938
39.2051 38.7020 0.06938
39.2414 38.7141 0.06944
39.1930 38.7141 0.06944
39.2051 38.7020 0.06917
39.2051 38.7141 0.06958
39.2051 38.7141 0.06911
39.1809 38.7262 0.06924
39.1930 38.7382 0.06948
39.1809 38.7141 0.06938
39.1930 38.7020 0.06941
39.1930 38.7262 0.06927
39.1809 38.7382 0.06921
39.1809 38.7020 0.06927
39.2293 38.7382 0.06924
39.1930 38.7141 0.06924
39.1930 38.7141 0.06951
39.2051 38.7262 0.06931
39.1689 38.7020 0.06917
39.2051 38.7262 0.06921
39.1930 38.7141 0.06921
39.1930 38.6899 0.06921
39.1809 38.6899 0.06951
39.1568 38.7141 0.06921
39.1809 38.7141 0.06924
39.1447 38.6899 0.06938
39.1930 38.7141 0.06938
39.1930 38.7020 0.06948
39.1930 38.7382 0.06924
39.1809 38.7020 0.06927
39.1930 38.6899 0.06931
39.1930 38.6899 0.06917
39.1689 38.6658 0.06927
39.1447 38.6899 0.06938
39.1809 38.6899 0.06948
39.1809 38.7141 0.06934
39.1809 38.6899 0.06951
39.1809 38.6779 0.06927
39.1809 38.7141 0.06941
39.1809 38.6899 0.06924
39.1689 38.7020 0.06955
39.1689 38.7020 0.06961
39.1809 38.6779 0.06931
39.1809 38.7141 0.06944
39.1568 38.7141 0.06941
39.1689 38.6779 0.06951
39.1809 38.6779 0.06951
39.1568 38.6779 0.06951
39.1447 38.6779 0.06941
39.1809 38.7141 0.06948
39.1809 38.6899 0.06907
39.1568 38.6899 0.06927
39.1568 38.6899 0.06958
39.1568 38.6779 0.06955
39.1809 38.7141 0.06931
39.1689 38.6899 0.06931
39.1447 38.6899 0.06924
39.1568 38.6899 0.06924
39.1568 38.7020 0.06951
39.1809 38.6779 0.06941
39.1447 38.6899 0.06941
39.1326 38.7141 0.06941
39.1568 38.6899 0.06927
39.1568 38.7020 0.06965
39.1809 38.6899 0.06938
39.1447 38.6779 0.06931
39.1326 38.7141 0.06921
39.1568 38.6779 0.06938
39.1568 38.6779 0.06927
39.1568 38.6779 0.06934
39.1447 38.6779 0.06914
39.1447 38.6658 0.06938
39.1568 38.6779 0.06927
39.1447 38.6779 0.06911
39.1568 38.6899 0.06900
39.1447 38.6537 0.06927
39.1447 38.6658 0.06924
39.1326 38.6779 0.06948
39.1447 38.6899 0.06917
39.1326 38.6899 0.06907
39.1084 38.6779 0.06897
39.1447 38.6658 0.06927
39.1447 38.6779 0.06924
39.1447 38.6779 0.06917
39.1326 38.6779 0.06900
39.1568 38.6658 0.06897
39.1326 38.6899 0.06914
39.1326 38.6658 0.06911
39.1326 38.6779 0.06924
39.1568 38.6658 0.06911
39.1689 38.6779 0.06904
39.1568 38.6779 0.06907
39.1447 38.6779 0.06907
39.1326 38.6779 0.06890
39.1447 38.6658 0.06887
39.1447 38.6658 0.06914
39.1084 38.6779 0.06887
39.1084 38.6537 0.06894
39.1326 38.6537 0.06904
39.1084 38.6658 0.06911
39.1447 38.7020 0.06877
39.1326 38.6658 0.06911
39.1084 38.6779 0.06890
39.1447 38.6416 0.06894
39.1084 38.6296 0.06894
39.1084 38.5813 0.06894
39.1326 38.6658 0.06917
39.1447 38.6296 0.06914
39.1326 38.6416 0.06911
39.1326 38.6416 0.06900
39.0963 38.6296 0.06914
39.1084 38.6416 0.06904
39.1205 38.6416 0.06931
39.1205 38.6416 0.06904
39.0963 38.6416 0.06907
39.0963 38.6416 0.06900
39.0843 38.6296 0.06894
39.0843 38.6537 0.06866
39.1326 38.6054 0.06890
39.1084 38.6416 0.06897
39.1205 38.6296 0.06904
39.1084 38.6296 0.06890
39.1084 38.6175 0.06887
39.1326 38.6296 0.06883
39.0843 38.6054 0.06890
39.0843 38.6175 0.06907
39.0843 38.6175 0.06883
39.0480 38.6175 0.06887
39.0963 38.6175 0.06897
39.0963 38.5933 0.06890
39.0843 38.5933 0.06897
39.0843 38.5692 0.06866
39.0963 38.6175 0.06887
39.0480 38.5933 0.06863
39.0480 38.5933 0.06870
39.0480 38.6175 0.06877
39.0480 38.5933 0.06883
39.0843 38.5692 0.06866
39.0843 38.5933 0.06866
39.0601 38.5692 0.06850
39.0480 38.5813 0.06870
39.0722 38.5933 0.06883
39.0480 38.6054 0.06870
39.0117 38.5571 0.06860
39.0480 38.5692 0.06866
39.0359 38.5450 0.06853
39.0480 38.5692 0.06860
39.0722 38.5571 0.06870
39.0601 38.5692 0.06870
39.0359 38.5692 0.06856
39.0359 38.5813 0.06856
38.9876 38.5450 0.06853
39.0117 38.5571 0.06846
39.0359 38.5450 0.06833
39.0117 38.5692 0.06866
39.0117 38.5330 0.06850
39.0238 38.5330 0.06846
39.0117 38.5450 0.06850
39.0117 38.5450 0.06839
38.9876 38.5450 0.06846
39.0117 38.5450 0.06846
38.9996 38.5330 0.06860
38.9876 38.5209 0.06816
38.9634 38.5209 0.07070
39.0359 38.5813 0.07033
39.0843 38.6054 0.06958
34.8178 35.8525 0.05079
34.9266 36.0095 0.05157
35.0716 36.0940 0.05181
35.2409 36.2147 0.05249
35.3980 36.3234 0.05286
35.5793 36.4562 0.05324
35.6639 36.5528 0.05395
35.7968 36.6132 0.05439
35.9539 36.7581 0.05466
36.0869 36.8667 0.05544
36.1473 36.8788 0.05544
36.3407 37.0116 0.05612
36.3890 37.1082 0.05690
36.5220 37.1686 0.05649
36.5945 37.2048 0.05724
36.7033 37.2652 0.05758
36.8000 37.3256 0.05798
36.8967 37.3738 0.05853
36.9933 37.4342 0.05883
37.1021 37.5067 0.05903
37.1505 37.5308 0.05927
37.2713 37.6033 0.05961
37.3197 37.6757 0.05985
37.4405 37.7119 0.06042
37.4647 37.7481 0.06100
37.5614 37.7964 0.06131
37.6218 37.8327 0.06137
37.6581 37.8568 0.06161
37.7548 37.8568 0.06144
37.8515 37.9655 0.06226
37.8394 37.9896 0.06232
37.9240 38.0500 0.06270
37.9602 38.0983 0.06331
38.0086 38.0983 0.06354
38.0811 38.1466 0.06344
38.1415 38.1587 0.06378
38.1899 38.1587 0.06371
38.2382 38.2432 0.06382
38.2987 38.2432 0.06439
38.3228 38.2673 0.06463
38.3833 38.3036 0.06449
38.4316 38.3277 0.06487
38.4679 38.3881 0.06514
38.5162 38.3760 0.06510
38.5525 38.3881 0.06541
38.5645 38.4243 0.06592
38.6129 38.4847 0.06592
38.6612 38.4726 0.06599
38.6975 38.4847 0.06629
38.7217 38.5209 0.06646
38.7579 38.5571 0.06643
38.8063 38.5692 0.06680
38.8425 38.5692 0.06690
38.8667 38.6175 0.06694
38.9030 38.6054 0.06741
38.8909 38.6537 0.06717
38.9271 38.6416 0.06748
38.9876 38.6658 0.06758
38.9876 38.6537 0.06748
38.9634 38.5933 0.06738
39.1447 38.7986 0.06816
39.0480 38.6175 0.06809
39.1326 38.7382 0.06883
39.1084 38.7141 0.06860
39.1326 38.7382 0.06850
39.1447 38.7986 0.06870
39.1447 38.7624 0.06900
39.1809 38.8348 0.06917
39.2535 38.8348 0.06931
39.2655 38.8348 0.07016
39.3018 38.8469 0.07060
39.3139 38.8831 0.07053
39.2897 38.8831 0.07056
39.3260 38.8952 0.07077
39.3743 38.9073 0.07107
39.3501 38.9314 0.07114
39.3743 38.9073 0.07148
39.3864 38.9314 0.07161
39.3985 38.9435 0.07161
39.4227 38.9556 0.07158
39.4710 38.9797 0.07168
39.4589 38.9797 0.07182
39.4710 38.9797 0.07165
39.5073 39.0039 0.07117
39.5194 39.0039 0.07131
39.4952 39.0159 0.07117
39.5435 39.0039 0.07145
39.5435 39.0159 0.07151
39.5677 39.0039 0.07151
39.5435 39.0401 0.07206
39.5435 39.0642 0.07226
39.5677 39.0280 0.07209
39.5677 39.0522 0.07243
39.5919 39.0642 0.07219
39.5919 39.0763 0.07250
39.5919 39.0642 0.07239
39.6160 39.0884 0.07256
39.6402 39.0763 0.07280
39.6402 39.0763 0.07256
39.6523 39.0884 0.07250
39.6402 39.1005 0.07284
39.6644 39.0763 0.07273
39.6644 39.1005 0.07270
39.6644 39.0884 0.07284
39.7127 39.0884 0.07256
39.6886 39.1246 0.07314
39.7248 39.1608 0.07250
39.7853 39.2212 0.07338
39.7006 39.0522 0.07365
39.6281 39.0280 0.07260
39.6644 39.0763 0.07304
39.6886 39.0763 0.07307
39.7006 39.0763 0.07304
39.7006 39.1005 0.07317
39.6886 39.0884 0.07307
39.7127 39.1125 0.07321
39.7248 39.1005 0.07324
39.7127 39.1246 0.07317
39.7127 39.1125 0.07300
39.7369 39.1005 0.07287
39.8215 39.2212 0.07256
39.8699 39.2333 0.07348
39.7732 39.1005 0.07365
39.7490 39.1488 0.07243
39.7732 39.1608 0.07321
39.6644 39.0401 0.07358
39.6644 39.0884 0.07256
39.7248 39.1005 0.07216
39.7853 39.1971 0.07382
39.6886 39.0642 0.07355
39.7127 39.0642 0.07277
39.7490 39.1488 0.07355
39.7127 39.0642 0.07294
39.7369 39.1005 0.07297
39.7369 39.1246 0.07222
39.8457 39.2453 0.07256
39.8094 39.2333 0.07317
39.8819 39.2695 0.07355
39.7732 39.1005 0.07375
39.6886 39.0763 0.07206
39.8457 39.2091 0.07290
39.7853 39.1005 0.07375
39.7490 39.1367 0.07321
39.6281 39.0522 0.07294
39.7248 39.0884 0.07314
39.7248 39.0642 0.07297
39.7369 39.1005 0.07297
39.7369 39.0522 0.07273
39.7369 39.1005 0.07304
39.7369 39.1005 0.07287
39.7248 39.1125 0.07284
39.7248 39.1005 0.07270
39.7369 39.0884 0.07290
39.7611 39.0884 0.07263
39.7369 39.0522 0.07287
39.7611 39.1005 0.07270
39.7369 39.0763 0.07277
39.7248 39.0763 0.07277
39.7127 39.0642 0.07277
39.7127 39.0522 0.07284
39.7248 39.0763 0.07253
39.7127 39.0884 0.07284
39.7369 39.0522 0.07263
39.7127 39.1005 0.07267
39.7127 39.1005 0.07256
39.7248 39.0884 0.07280
39.7248 39.0642 0.07273
39.7248 39.1005 0.07256
39.7127 39.0642 0.07263
39.7248 39.0763 0.07273
39.7127 39.0642 0.07273
39.7248 39.0884 0.07263
39.7127 39.0642 0.07270
39.7127 39.1005 0.07250
39.7127 39.0884 0.07250
39.6886 39.0763 0.07253
39.6886 39.1125 0.07145
39.6886 39.0763 0.07317
39.7248 39.1005 0.07467
39.7369 39.0642 0.07290
35.2650 36.0819 0.05256
35.3859 36.1544 0.05283
35.5067 36.2509 0.05320
35.7001 36.3717 0.05368
35.7968 36.4562 0.05446
35.9177 36.5528 0.05476
36.0385 36.6011 0.05527
36.1111 36.6735 0.05547
36.2319 36.7339 0.05595
36.3044 36.7701 0.05605
36.4011 36.8426 0.05656
36.4978 36.9030 0.05656
36.5703 36.9512 0.05693
36.6428 36.9875 0.05747
36.7637 37.0720 0.05761
36.7879 37.1324 0.05798
36.9450 37.1686 0.05819
36.9813 37.2652 0.05866
37.0538 37.3135 0.05883
37.1142 37.3738 0.05907
37.2230 37.4221 0.05948
37.2592 37.4946 0.05981
37.3197 37.5067 0.05992
37.4043 37.5912 0.06012
37.4889 37.6516 0.06042
37.5372 37.7119 0.06076
37.5735 37.7481 0.06114
37.6823 37.7481 0.06124
37.7185 37.8085 0.06151
37.8031 37.8810 0.06161
37.8515 37.8930 0.06209
37.8756 37.9534 0.06236
37.9240 37.9655 0.06232
38.0207 38.0017 0.06236
38.0448 38.0379 0.06280
38.0932 38.0862 0.06304
38.1657 38.1104 0.06341
38.2624 38.2311 0.06388
38.3107 38.2070 0.06490
38.3349 38.2432 0.06548
38.3591 38.2553 0.06527
38.4074 38.2915 0.06477
38.4679 38.2915 0.06514
38.5041 38.3156 0.06517
38.8425 38.5209 0.06731
38.8546 38.5450 0.06744
38.8909 38.5813 0.06738
38.9513 38.5692 0.06738
38.9634 38.6175 0.06775
38.9876 38.5933 0.06785
38.9996 38.6296 0.06805
39.0480 38.6779 0.06792
39.0480 38.7020 0.06870
39.0843 38.7141 0.06975
41.0060 40.0664 0.07890
40.8730 39.9215 0.07860
40.9455 39.9698 0.07826
40.9818 40.0302 0.07816
40.9455 40.0302 0.07819
40.9455 40.0543 0.07833
40.8851 40.0060 0.07548
40.9214 40.0302 0.07660
40.9334 39.9939 0.07735
40.8367 39.9698 0.07514
40.9697 40.0543 0.07494
40.9818 40.0422 0.07551
40.9818 40.0422 0.07616
40.9697 40.0543 0.07616
41.0180 40.0543 0.07616
41.0422 40.0664 0.07558
41.0180 40.1026 0.07582
41.0664 40.1268 0.07653
41.0664 40.0422 0.07741
41.1389 40.1871 0.07599
40.4258 39.6197 0.07619
40.3654 39.6197 0.07585
40.4137 39.6076 0.07650
39.0480 38.7020 0.06761
39.0963 38.7020 0.06775
39.1326 38.7503 0.06744
39.1084 38.7382 0.06799
39.1809 38.7865 0.06805
39.1809 38.7986 0.06805
39.1930 38.8228 0.06816
39.2414 38.8228 0.06829
39.2535 38.8469 0.06846
39.2897 38.8590 0.06856
39.2776 38.8831 0.06863
39.3260 38.8831 0.06870
39.3139 38.8952 0.06900
39.3381 38.9073 0.06897
39.3501 38.9193 0.06890
39.3985 38.9193 0.06941
39.3864 38.9676 0.06948
39.4106 38.9556 0.06944
39.4468 38.9676 0.06897
39.4589 38.9676 0.06917
39.4589 39.0039 0.06948
39.4589 38.9918 0.06938
39.4952 39.0039 0.06955
39.5435 38.9797 0.06944
39.5556 39.0642 0.06978
39.5435 39.0522 0.06995
39.5798 39.0522 0.06978
39.5677 39.0522 0.06972
39.5919 39.0763 0.06982
39.5798 39.0642 0.06985
39.5798 39.0884 0.07009
39.6523 39.0884 0.07070
39.6402 39.1005 0.07022
39.6765 39.1005 0.07033
39.6402 39.1005 0.07033
39.6765 39.1005 0.07073
39.6644 39.1367 0.07053
39.6765 39.1608 0.07070
39.7127 39.1367 0.07083
39.6886 39.1488 0.07117
39.7369 39.1608 0.07083
39.7369 39.1608 0.07100
39.7611 39.1608 0.07107
39.7611 39.1850 0.07094
39.7732 39.1729 0.07094
39.7611 39.1971 0.07056
39.7853 39.1971 0.07043
39.7853 39.2091 0.07090
39.8336 39.1971 0.07046
39.8578 39.2333 0.07097
39.8578 39.2333 0.07077
39.8457 39.2695 0.07097
39.8578 39.2333 0.07100
39.8819 39.2212 0.07083
39.8699 39.2453 0.07114
39.8578 39.2453 0.07117
39.8819 39.2816 0.07124
39.9061 39.2695 0.07138
39.9061 39.2936 0.07124
39.9182 39.3057 0.07131
39.9303 39.2936 0.07155
39.9303 39.3057 0.07161
39.9545 39.2816 0.07138
39.9303 39.3299 0.07141
39.9303 39.2936 0.07155
39.9545 39.2816 0.07158
39.9665 39.3299 0.07165
39.9786 39.3178 0.07182
39.9545 39.3057 0.07175
39.9786 39.3057 0.07178
39.9786 39.3540 0.07192
40.0028 39.3419 0.07189
39.9907 39.3299 0.07192
40.0028 39.3299 0.07195
40.0028 39.3419 0.07199
39.9786 39.3540 0.07206
40.0391 39.3419 0.07229
40.0270 39.3540 0.07212
40.0511 39.3540 0.07250
40.0149 39.3419 0.07239
40.0391 39.3540 0.07222
40.0511 39.3782 0.07222
40.0511 39.3782 0.07229
40.0632 39.3902 0.07233
40.0632 39.3902 0.07250
40.0874 39.4023 0.07243
40.0511 39.3782 0.07273
40.1116 39.3902 0.07256
40.0632 39.3902 0.07280
40.0753 39.4023 0.07287
40.1116 39.3902 0.07270
40.1357 39.4023 0.07287
40.0995 39.4265 0.07294
40.0995 39.4265 0.07300
40.1237 39.4023 0.07270
40.1237 39.3902 0.07284
40.1237 39.4385 0.07317
40.1237 39.4144 0.07307
40.1237 39.4265 0.07341
40.1357 39.4506 0.07341
40.1357 39.4748 0.07345
40.1237 39.4627 0.07304
40.1478 39.4506 0.07270
40.1478 39.4627 0.07297
40.1720 39.4627 0.07321
40.1962 39.4627 0.07300
40.1599 39.4748 0.07273
40.1962 39.4506 0.07307
40.2083 39.4627 0.07317
40.1962 39.4989 0.07331
40.1962 39.4868 0.07300
40.1962 39.4627 0.07328
40.1962 39.4868 0.07334
40.2204 39.5110 0.07311
40.2204 39.4868 0.07321
40.2204 39.5231 0.07297
40.2204 39.5351 0.07314
40.2204 39.4627 0.07399
40.2204 39.4868 0.07345
40.2083 39.4868 0.07300
40.2687 39.5472 0.07321
40.2566 39.4868 0.07362
40.2566 39.5593 0.07399
40.1720 39.4748 0.07280
40.2324 39.4506 0.07233
40.2929 39.5834 0.07324
40.2083 39.4868 0.07324
40.2566 39.4989 0.07277
40.2687 39.4989 0.07365
40.2445 39.5110 0.07375
40.2687 39.5472 0.07389
40.2808 39.5110 0.07345
40.2687 39.5351 0.07406
40.2445 39.4989 0.07382
40.2687 39.5472 0.07436
40.3170 39.5834 0.07426
40.3170 39.5472 0.07412
40.2566 39.5351 0.07402
40.2808 39.5472 0.07456
40.3050 39.5714 0.07412
40.3050 39.5834 0.07402
40.3050 39.5714 0.07450
40.3170 39.5472 0.07450
40.2687 39.5714 0.07409
40.3050 39.5472 0.07341
40.3412 39.5714 0.07334
40.3170 39.5714 0.07378
40.3291 39.5834 0.07416
40.3050 39.6197 0.07528
40.3412 39.5834 0.07507
40.3170 39.5714 0.07490
40.3533 39.6076 0.07494
40.3533 39.5834 0.07477
40.3170 39.5472 0.07490
40.3412 39.5714 0.07487
40.3412 39.5834 0.07487
40.3533 39.5834 0.07507
40.3412 39.5834 0.07541
40.3291 39.5472 0.07555
40.3412 39.5834 0.07541
40.3412 39.5834 0.07572
40.3170 39.5714 0.07568
40.3412 39.5834 0.07572
40.3654 39.5834 0.07538
40.3170 39.5714 0.07501
40.4379 39.6317 0.07545
40.3170 39.5351 0.07589
40.3533 39.5472 0.07524
40.3896 39.6076 0.07511
40.3533 39.5351 0.08297
40.3412 39.5110 0.07789
40.2566 39.5110 0.07857
40.1962 39.5472 0.07731
40.1962 39.5472 0.07524
40.1962 39.5472 0.07521
40.1720 39.5351 0.07490
40.1599 39.5110 0.07487
40.1478 39.5472 0.07490
40.1478 39.5110 0.07453
40.1599 39.5231 0.07446
40.1237 39.4989 0.07436
40.1237 39.4989 0.07467
40.1357 39.4868 0.07416
40.1237 39.4868 0.07392
40.1478 39.4868 0.07419
40.1116 39.4506 0.07402
40.1116 39.4989 0.07433
40.1116 39.4627 0.07399
40.0874 39.4506 0.07412
40.0753 39.4627 0.07395
40.0753 39.4144 0.07399
40.1116 39.4265 0.07385
40.0753 39.4506 0.07389
40.0753 39.4506 0.07412
40.0995 39.4144 0.07365
40.0995 39.4385 0.07419
40.0632 39.3902 0.07402
40.0995 39.4265 0.07582
40.0632 39.4265 0.07602
40.0874 39.4023 0.07460
39.9665 39.3419 0.07440
39.9545 39.3419 0.07392
39.8819 39.3299 0.07385
39.9303 39.3299 0.07362
39.9303 39.3419 0.07365
39.9182 39.3178 0.07355
39.9303 39.3419 0.07348
39.9182 39.3057 0.07358
39.9424 39.3419 0.07348
39.9182 39.3178 0.07362
39.9061 39.3057 0.07345
39.9182 39.3178 0.07348
39.9061 39.3178 0.07362
39.9303 39.2936 0.07348
39.9182 39.3299 0.07334
39.9061 39.3178 0.07358
39.9182 39.3057 0.07341
39.9182 39.3178 0.07341
39.9303 39.3057 0.09254
39.9061 39.3178 0.07619
39.8940 39.3057 0.07429
39.8336 39.2574 0.07362
39.8578 39.2936 0.07331
39.7853 39.2695 0.07311
39.7853 39.2936 0.07307
39.8094 39.2574 0.07284
39.8094 39.2816 0.07290
39.7853 39.2574 0.07270
39.4831 38.9918 0.07026
39.5194 38.9918 0.07022
39.5314 38.9918 0.07060
39.4831 39.0039 0.06989
39.5194 39.0039 0.07077
39.5435 39.0159 0.07070
39.5314 39.0159 0.07022
39.5314 39.0159 0.06992
39.5435 39.0159 0.06934
39.5677 39.0280 0.06968
39.5677 39.0522 0.07083
39.6040 39.0522 0.07395
39.5798 39.0280 0.07416
39.8578 39.2453 0.07341
39.8699 39.2574 0.07575
39.8578 39.2333 0.07541
39.8578 39.2453 0.07365
40.3533 39.7042 0.07670
40.4379 39.7525 0.07626
40.2445 39.6800 0.07626
40.4016 39.7042 0.07595
40.3170 39.7042 0.07612
40.3412 39.7042 0.07633
40.3654 39.7283 0.07595
40.3050 39.6921 0.07606
40.3654 39.7283 0.07629
30.5998 32.8098 0.03821
30.8898 33.0513 0.03899
31.1316 33.2686 0.03961
31.4216 33.4980 0.04022
31.6513 33.6791 0.04059
31.9051 33.8723 0.04167
32.1226 34.0414 0.04232
32.3885 34.2104 0.04283
32.5819 34.3432 0.04371
32.8236 34.5485 0.04479
33.0170 34.6813 0.04537
33.2225 34.8141 0.04601
33.4038 34.9590 0.04652
33.6334 35.0677 0.04720
33.8026 35.2126 0.04764
33.9597 35.3454 0.04815
34.2135 35.5144 0.04591
34.3223 35.5869 0.04879
34.3948 35.6472 0.04917
34.5036 35.6714 0.04968
34.6365 35.7438 0.04998
34.7453 35.7801 0.05032
34.8783 35.8766 0.05093
34.9870 35.9008 0.05212
35.0475 35.9249 0.05307
35.1683 35.9249 0.05334
35.3013 35.9853 0.05344
35.4101 36.0578 0.05358
35.5793 36.1785 0.05439
35.6639 36.2630 0.05483
35.7726 36.3596 0.05500
35.8693 36.4079 0.05514
35.9902 36.4924 0.05561
36.1111 36.5890 0.05595
36.1836 36.6132 0.05642
36.2923 36.7339 0.05663
36.3770 36.7701 0.05683
36.4374 36.8547 0.05731
36.4978 36.9030 0.05764
36.6308 36.9392 0.05798
36.6912 36.9875 0.05832
36.7637 37.0599 0.05866
36.8725 37.1565 0.05883
36.9450 37.1927 0.05931
36.9571 37.2290 0.05941
37.0296 37.3135 0.05985
37.1505 37.3738 0.05995
37.1746 37.4101 0.06032
37.2713 37.4463 0.06056
37.3197 37.5308 0.06059
37.4164 37.5791 0.06100
37.4164 37.6033 0.06124
37.5372 37.6153 0.06151
37.5856 37.6878 0.06151
37.6581 37.7361 0.06178
37.7306 37.7844 0.06192
37.7548 37.8568 0.06236
37.8273 37.8689 0.06249
37.8515 37.9051 0.06263
37.8998 37.9776 0.06314
38.0207 38.0259 0.06232
38.0932 38.0500 0.06253
38.1294 38.0742 0.06531
38.1415 38.1345 0.06534
42.6376 41.3221 0.08986
42.6255 41.2859 0.08670
37.3197 37.7240 0.06114
37.3922 37.7844 0.06270
37.5131 37.8327 0.06226
40.5829 39.7404 0.07762
40.4500 39.6679 0.07735
40.5225 39.7404 0.07636
40.4862 39.6921 0.07657
40.4983 39.7042 0.07653
40.4983 39.7283 0.07677
40.5104 39.7042 0.07633
40.4742 39.7042 0.07599
40.5104 39.6921 0.07555
40.4862 39.6800 0.07562
40.4862 39.6800 0.07579
40.4862 39.6921 0.07548
40.4500 39.6679 0.07572
40.4742 39.6559 0.07711
40.4379 39.6679 0.07874
40.4379 39.6679 0.07714
40.4379 39.6197 0.07670
40.1720 39.4627 0.07514
40.1841 39.4627 0.07511
40.1720 39.4868 0.07511
39.5556 38.9918 0.07277
39.5314 38.9435 0.07141
39.5435 38.9676 0.07161
39.5314 38.9556 0.07145
39.5194 38.9676 0.07165
39.4952 38.9676 0.07141
39.5314 38.9556 0.07063
