36.0869 36.7581 0.05598
36.1715 36.8064 0.05653
36.2440 36.8788 0.05673
36.3407 36.9271 0.05788
36.4253 36.9512 0.05870
36.5099 37.0237 0.05832
36.5703 37.0599 0.05866
36.6308 37.1203 0.05819
36.6912 37.1444 0.05873
36.7879 37.1807 0.05859
36.8483 37.1927 0.05887
36.9087 37.2290 0.05927
36.9813 37.2893 0.05978
37.0538 37.3256 0.05995
37.1263 37.3618 0.06005
37.1505 37.3859 0.05931
37.2472 37.4463 0.06178
37.2955 37.4584 0.06192
37.3922 37.5067 0.06229
37.4405 37.5550 0.06287
37.5493 37.6033 0.06276
37.5614 37.6516 0.06341
38.1899 38.0017 0.06643
38.2624 38.0500 0.06809
38.2745 38.0138 0.06694
38.2745 38.0379 0.06687
38.3107 38.0500 0.06836
38.3107 38.0621 0.06717
38.3228 38.1104 0.06680
38.3833 38.1587 0.06843
38.3833 38.1224 0.06755
38.4316 38.1345 0.06748
38.4316 38.1587 0.06853
38.4316 38.1587 0.06788
38.4558 38.1587 0.06795
38.4679 38.2190 0.06866
38.5404 38.2311 0.06758
38.5525 38.2070 0.06805
38.5766 38.2311 0.06870
38.5766 38.2311 0.06846
38.6008 38.2553 0.06968
38.6371 38.2915 0.06904
38.6492 38.2915 0.06999
38.6492 38.3277 0.06927
38.6492 38.3036 0.06900
38.6733 38.2553 0.07009
38.6975 38.3277 0.06805
38.7096 38.3036 0.06758
38.7217 38.3519 0.06768
38.7338 38.3398 0.06758
38.7458 38.3398 0.06782
38.7458 38.3639 0.06758
38.7458 38.3760 0.06748
38.7579 38.3881 0.06748
38.8063 38.4122 0.06765
38.7942 38.4243 0.06775
38.7942 38.4243 0.06758
38.8063 38.4364 0.06761
38.8304 38.4364 0.06788
38.8425 38.4605 0.06782
38.8425 38.4605 0.06775
38.8425 38.4726 0.06768
38.8909 38.4726 0.06788
38.8909 38.4967 0.06772
38.8546 38.5088 0.06802
38.9150 38.5209 0.06785
38.9271 38.5330 0.06778
38.9271 38.5450 0.06812
38.9513 38.5571 0.06805
38.9513 38.5571 0.06799
38.9755 38.5571 0.06853
38.9634 38.5692 0.06843
38.9876 38.5692 0.06873
38.9876 38.6054 0.06836
39.0359 38.5813 0.06863
39.0601 38.5813 0.06860
39.0117 38.6054 0.06822
39.0601 38.6416 0.06911
39.0601 38.6537 0.06890
39.0843 38.6779 0.06887
39.0601 38.6416 0.06887
39.0843 38.6658 0.06907
39.0843 38.6658 0.06880
39.1205 38.6537 0.06894
39.0963 38.6779 0.06904
39.1447 38.6899 0.06914
39.1447 38.7020 0.06904
39.1689 38.6779 0.06924
39.1689 38.7141 0.06927
39.1326 38.6899 0.06941
39.1809 38.7262 0.06958
39.1568 38.7020 0.06948
39.2051 38.7382 0.06931
39.1809 38.7020 0.06948
39.2051 38.7382 0.06944
39.1930 38.7382 0.06934
39.2051 38.7745 0.06955
39.2414 38.7745 0.06972
39.2293 38.7865 0.06948
39.2414 38.7624 0.06961
39.2414 38.7624 0.06955
39.2535 38.7503 0.06985
39.2535 38.7745 0.06972
39.2655 38.7865 0.06968
39.2535 38.7986 0.06985
39.2897 38.7986 0.06978
39.3260 38.7986 0.06989
39.2897 38.7986 0.06978
39.2776 38.8107 0.07029
39.3018 38.8228 0.07002
39.2897 38.8228 0.07002
39.3139 38.8228 0.07016
39.3139 38.8348 0.07063
39.3381 38.8469 0.07053
39.3381 38.8590 0.07029
39.3260 38.8710 0.07012
39.3743 38.8228 0.07019
39.3501 38.8710 0.07029
39.3622 38.8469 0.07019
39.3501 38.8590 0.07050
39.3864 38.8469 0.07050
39.3864 38.8831 0.07043
39.3743 38.8831 0.07053
25.3302 28.1854 0.02479
25.7290 28.6200 0.02560
26.2246 29.1634 0.02652
26.7564 29.6946 0.02730
27.2519 30.2259 0.02825
27.8441 30.8900 0.02940
28.0738 31.0711 0.03143
28.5089 31.4333 0.03215
28.7143 31.6386 0.03282
29.0648 31.8680 0.03367
29.4516 32.2061 0.03425
29.6570 32.3993 0.03486
29.9592 32.5562 0.03557
30.2372 32.7856 0.03611
30.4789 33.0030 0.03730
30.7811 33.2203 0.03771
31.0107 33.3290 0.03835
31.3008 33.5825 0.03906
31.4579 33.7033 0.03971
31.6875 33.8602 0.04052
31.9292 34.0414 0.04100
32.1347 34.1380 0.04171
32.3039 34.2828 0.04198
32.5215 34.4157 0.04293
32.6786 34.5243 0.04333
32.9203 34.6813 0.04408
33.0653 34.7779 0.04445
33.2466 34.8745 0.04520
33.3917 34.9711 0.04547
33.5730 35.1280 0.04608
33.7059 35.2005 0.04679
33.8630 35.2971 0.04608
34.0201 35.4420 0.04601
34.1168 35.4661 0.04734
34.1894 35.4903 0.04740
34.2981 35.5023 0.04774
34.3706 35.5265 0.04842
34.4794 35.5869 0.04849
34.5640 35.5989 0.04910
34.6365 35.6472 0.04944
34.6970 35.6835 0.05056
34.8904 35.7318 0.05195
34.9750 35.7680 0.05222
35.0233 35.7921 0.05429
35.1200 35.8646 0.05452
35.1804 35.8766 0.05398
35.2409 35.9008 0.05398
35.2892 35.9129 0.05412
35.3859 35.9853 0.05514
35.4584 35.9732 0.05507
35.5188 36.0215 0.05483
35.6034 36.0698 0.05500
35.6760 36.0819 0.05530
35.7001 36.1181 0.05544
35.7364 36.1664 0.05564
35.8089 36.1664 0.05622
35.8452 36.1906 0.05659
35.9177 36.2389 0.05656
35.9781 36.2509 0.05659
36.0023 36.2751 0.05686
36.0869 36.2992 0.05714
36.1111 36.3234 0.05707
36.1715 36.3596 0.05734
36.2319 36.4200 0.05809
36.2803 36.4079 0.05666
36.2803 36.4924 0.05710
36.3528 36.5045 0.05744
41.4652 40.4648 0.08192
41.4048 40.3924 0.08182
41.3323 40.3441 0.08148
41.3806 40.3320 0.08074
41.4048 40.3803 0.08111
41.3927 40.4165 0.08111
41.4048 40.4165 0.08111
41.4048 40.4165 0.08108
41.4169 40.4528 0.08124
41.4048 40.4528 0.08135
41.4048 40.4286 0.08128
41.4169 40.4648 0.08128
41.4169 40.4407 0.08128
41.4290 40.4528 0.08121
41.4048 40.4648 0.08118
41.4048 40.4890 0.08108
41.3927 40.4407 0.08118
41.4411 40.4528 0.08114
41.4169 40.4648 0.08118
41.4290 40.4648 0.08111
41.4048 40.4528 0.08135
41.4531 40.4648 0.08128
41.4411 40.4890 0.08141
41.4169 40.4528 0.08118
41.4290 40.4528 0.08114
41.4290 40.4528 0.08111
41.4169 40.4528 0.08138
41.4531 40.4769 0.08321
41.4531 40.4407 0.08365
41.4531 40.4648 0.08365
41.4290 40.4769 0.08250
41.4531 40.4769 0.08135
41.4773 40.5614 0.08148
41.7916 40.6218 0.08480
41.7916 40.6580 0.08263
41.8157 40.7184 0.08352
41.8520 40.8029 0.08358
41.8278 40.7667 0.08375
41.8157 40.7667 0.08396
41.8157 40.8150 0.08396
41.8762 40.8029 0.08406
41.8278 40.7426 0.08416
41.7795 40.7184 0.08403
41.7190 40.6097 0.08358
41.8399 40.6822 0.08287
41.8157 40.7305 0.08328
41.8157 40.7788 0.08365
41.8641 40.8029 0.08406
41.8157 40.7426 0.08423
41.7916 40.6580 0.08386
41.6949 40.6097 0.08331
41.7795 40.6822 0.08260
41.7795 40.7426 0.08331
41.7916 40.7426 0.08338
41.8157 40.7788 0.08358
41.8399 40.7426 0.08392
41.8036 40.6580 0.08423
41.7795 40.6460 0.08392
41.7311 40.5977 0.08294
41.7553 40.6701 0.08291
41.8157 40.7426 0.08345
41.8157 40.7546 0.08399
41.8036 40.7063 0.08396
41.7674 40.6460 0.08399
41.6949 40.5735 0.08311
41.7674 40.6943 0.08274
41.7553 40.7184 0.08304
41.7916 40.7305 0.08345
41.8641 40.8029 0.08362
41.7795 40.7305 0.08416
41.7432 40.6701 0.08389
41.7432 40.6097 0.08416
41.7311 40.6460 0.08199
41.7553 40.7063 0.08270
41.7916 40.7063 0.08318
41.7916 40.7184 0.08331
41.8278 40.7546 0.08352
41.7916 40.7184 0.08382
41.7070 40.6339 0.08406
41.6828 40.5494 0.08335
41.7553 40.6097 0.08230
41.7432 40.7063 0.08297
41.7674 40.7305 0.08321
41.7795 40.7667 0.08355
41.8036 40.7546 0.08355
41.8641 40.8029 0.08369
41.8157 40.7426 0.08433
41.7432 40.6701 0.08419
41.7311 40.5977 0.08403
41.7674 40.6218 0.08179
31.1316 32.9064 0.03788
31.3491 33.0754 0.03859
31.5546 33.2324 0.03930
31.7600 33.3894 0.03974
31.9292 33.5101 0.04042
32.1226 33.6791 0.04083
32.3281 33.7878 0.04147
32.5215 33.9327 0.04201
32.6544 34.0293 0.04256
32.8236 34.1621 0.04286
33.0049 34.2828 0.04344
33.1620 34.3915 0.04398
33.2950 34.5123 0.04452
33.5730 34.6692 0.04706
33.6938 34.7537 0.04700
33.8147 34.8624 0.04801
33.9597 34.9349 0.04852
34.1048 35.0314 0.04866
34.2256 35.1401 0.04951
34.3465 35.2005 0.05018
34.4432 35.2609 0.05049
34.5640 35.3575 0.05093
34.6849 35.4058 0.05090
34.8057 35.4540 0.05124
34.8904 35.5748 0.05161
34.9991 35.6231 0.05195
35.0837 35.6835 0.05219
35.2046 35.7197 0.05442
35.2650 35.7921 0.05341
35.3617 35.8525 0.05378
35.4463 35.9370 0.05405
35.5309 35.9853 0.05429
35.6034 36.0215 0.05452
35.6880 36.0940 0.05480
35.7485 36.1302 0.05514
35.8210 36.1906 0.05561
35.9056 36.2026 0.05476
35.9902 36.3234 0.05493
36.0385 36.3596 0.05541
41.1147 40.2596 0.07918
41.1510 40.2837 0.08040
41.1268 40.1751 0.08074
41.0664 40.1147 0.08050
41.0906 40.1509 0.07779
41.1026 40.1871 0.07989
41.0664 40.1630 0.07972
41.0664 40.2113 0.07992
41.0906 40.1751 0.07975
41.0664 40.1992 0.07945
41.0785 40.1630 0.07965
41.0664 40.1751 0.07962
41.0785 40.1751 0.07968
41.0301 40.1871 0.07952
41.0664 40.1630 0.07979
41.0664 40.1630 0.07972
41.0422 40.1751 0.07982
41.0906 40.1388 0.07985
41.0422 40.1630 0.07965
41.0301 40.1751 0.07952
41.0422 40.1630 0.07955
41.0785 40.1630 0.07975
41.0664 40.1630 0.07962
41.0422 40.1630 0.07931
41.0543 40.1751 0.07972
41.0301 40.1630 0.07965
41.0301 40.1509 0.07958
41.0664 40.1630 0.07962
41.0422 40.1268 0.07955
41.0422 40.1147 0.07962
41.0301 40.1388 0.07955
41.0422 40.1388 0.07968
41.0664 40.1388 0.07972
41.0422 40.1388 0.07945
41.0422 40.1630 0.07948
41.0422 40.1268 0.07962
41.0422 40.1388 0.07965
41.0422 40.1268 0.07965
41.0422 40.1388 0.07975
41.0664 40.1509 0.07952
41.0422 40.1147 0.07955
41.0422 40.1268 0.07948
41.0301 40.1388 0.07962
41.0422 40.1388 0.07945
41.0664 40.1268 0.07972
41.0301 40.1509 0.07935
41.0664 40.1630 0.07948
41.0422 40.1509 0.07948
41.0422 40.1509 0.07952
41.0301 40.1026 0.07948
41.0180 40.1268 0.07945
41.0301 40.1509 0.07968
41.0422 40.1268 0.07958
41.0543 40.1147 0.07972
41.0301 40.1268 0.07985
41.0301 40.1147 0.07962
41.0422 40.1630 0.07955
41.0301 40.1268 0.07948
41.0301 40.1751 0.07962
41.0422 40.1268 0.07975
41.0422 40.1388 0.07948
41.0301 40.1268 0.07958
41.0422 40.1509 0.07972
41.0422 40.1147 0.07962
41.0543 40.1509 0.07975
41.0422 40.1268 0.07968
41.0664 40.1147 0.07968
41.0664 40.1268 0.07928
41.0301 40.1268 0.07975
41.0422 40.1509 0.07955
41.0422 40.1388 0.07962
41.0301 40.1509 0.07975
41.0422 40.1388 0.07972
41.0422 40.1268 0.07962
41.0180 40.1026 0.07968
41.0543 40.1268 0.07948
41.0543 40.1268 0.07975
41.0422 40.1630 0.07985
41.0422 40.1026 0.07948
41.0422 40.1268 0.07955
41.0664 40.1268 0.07989
41.0422 40.1147 0.07958
41.0543 40.1268 0.07968
41.0422 40.1268 0.07975
41.0664 40.1388 0.07972
41.0422 40.1268 0.07975
41.0301 40.1509 0.07955
41.0422 40.1268 0.07958
41.0301 40.1268 0.07975
41.0422 40.1147 0.07985
41.0180 40.1388 0.07952
41.0422 40.1268 0.07965
41.0664 40.1026 0.07968
41.0422 40.1388 0.07958
41.0543 40.1268 0.07989
41.0664 40.1268 0.07972
41.0422 40.1268 0.07955
41.0664 40.1388 0.07968
41.0422 40.1147 0.07955
41.0543 40.1268 0.07968
41.0785 40.1147 0.07955
41.0543 40.1026 0.07982
41.0906 40.1268 0.07975
41.0664 40.1268 0.07958
41.0422 40.1388 0.07975
41.0664 40.1268 0.07975
41.0664 40.1388 0.07985
41.0664 40.1026 0.07968
41.0664 40.1268 0.07968
41.0543 40.1268 0.07979
41.0906 40.1147 0.07982
41.0422 40.1026 0.07968
41.0664 40.1147 0.07989
41.0180 40.1268 0.07962
41.0906 40.1268 0.07982
41.0543 40.1268 0.07968
41.0785 40.1268 0.07992
41.0785 40.1268 0.07979
41.0422 40.1268 0.07982
41.0785 40.1147 0.07965
41.0543 40.1509 0.07968
41.0543 40.1388 0.07972
41.0543 40.1509 0.07992
41.0543 40.1147 0.07962
41.0664 40.1388 0.07982
41.0301 40.1026 0.07968
41.0664 40.1268 0.07968
41.0422 40.1147 0.07989
41.1026 40.1268 0.07968
41.0785 40.1268 0.07989
41.0664 40.1388 0.07979
41.0422 40.1268 0.07975
41.0664 40.1388 0.08002
41.0422 40.1268 0.07985
41.0785 40.1388 0.07965
41.0664 40.1268 0.07982
41.0301 40.1268 0.07996
41.0664 40.1268 0.07979
41.0664 40.1147 0.07979
41.0785 40.1388 0.07982
41.0422 40.1268 0.07989
41.0785 40.1268 0.07948
41.0785 40.1509 0.07955
41.0664 40.1268 0.07972
41.0543 40.1268 0.07979
41.0543 40.1147 0.07992
41.4048 40.4286 0.09013
41.4048 40.3803 0.08124
41.3806 40.3924 0.08155
41.3685 40.3803 0.08152
41.3565 40.3803 0.08219
41.4048 40.3924 0.08202
41.3685 40.3924 0.08233
41.3927 40.3924 0.08162
41.3685 40.4045 0.08175
30.9503 32.7977 0.03730
31.1557 32.9305 0.03788
31.3491 33.1116 0.03872
31.5546 33.2203 0.03906
31.7600 33.3773 0.03967
31.9292 33.4739 0.04035
32.0864 33.6067 0.04089
32.3039 33.7516 0.03916
32.5940 33.9568 0.03964
32.7632 34.1017 0.03994
32.9324 34.1380 0.04038
33.0533 34.2587 0.04194
33.1983 34.3674 0.04184
33.3554 34.5002 0.04259
33.4763 34.5606 0.04350
33.5971 34.6571 0.04401
33.7422 34.7296 0.04489
33.8751 34.8020 0.04818
34.0081 34.9107 0.04852
34.1289 34.9590 0.04944
34.2256 35.0194 0.04988
34.3223 35.1160 0.05029
34.4190 35.1884 0.05208
34.5278 35.2609 0.05154
34.6607 35.3092 0.05239
34.7332 35.3937 0.05208
34.8541 35.4540 0.05229
34.9266 35.5386 0.05239
35.0112 35.5869 0.05273
35.1321 35.6472 0.05293
35.2167 35.6955 0.05334
35.3134 35.7438 0.05341
35.3496 35.8283 0.05334
35.4584 35.8887 0.05419
42.0333 40.8995 0.08616
42.1783 41.0323 0.08436
42.1541 41.0323 0.08565
42.1421 40.9357 0.08569
42.0574 40.8995 0.08555
42.0333 40.8633 0.08504
42.1541 40.9840 0.08294
42.1421 41.0082 0.08552
42.0816 40.9357 0.08542
42.0574 40.8995 0.08545
42.0091 40.8391 0.08508
42.1541 41.0082 0.08304
42.1058 40.9720 0.08518
42.0574 40.9237 0.08552
42.0454 40.8633 0.08535
41.9849 40.8150 0.08413
42.1541 41.0082 0.08335
42.0816 40.9599 0.08521
42.0333 40.9116 0.08511
42.0333 40.8633 0.08525
41.9366 40.8029 0.08345
42.1058 40.9599 0.08386
42.0695 40.9720 0.08518
42.0333 40.8754 0.08518
41.9970 40.8391 0.08501
41.9608 40.8391 0.08304
42.1300 40.9961 0.08436
42.0574 40.9599 0.08511
41.9970 40.8633 0.08497
42.0212 40.8512 0.08477
41.9849 40.8150 0.08216
42.0937 40.9599 0.08467
42.0574 40.9237 0.08508
41.9970 40.8271 0.08477
41.9366 40.7788 0.08460
41.9487 40.7788 0.08226
42.0816 40.9116 0.08450
42.0333 40.8754 0.08491
41.9728 40.8029 0.08501
41.9608 40.7546 0.08477
42.0091 40.8391 0.08148
42.0454 40.8995 0.08508
42.0091 40.8754 0.08497
41.9728 40.8029 0.08480
41.9003 40.7063 0.08447
42.0816 40.8754 0.08243
42.0333 40.8512 0.08491
42.0091 40.8271 0.08487
41.9849 40.7667 0.08474
41.9366 40.7667 0.08328
42.0695 40.8995 0.08362
41.9970 40.8754 0.08464
41.9849 40.8271 0.08470
41.9487 40.7667 0.08470
41.9849 40.7908 0.08223
42.0574 40.8874 0.08426
42.0091 40.8512 0.08467
41.9608 40.8029 0.08491
41.9366 40.7305 0.08460
42.0212 40.8391 0.08189
42.0454 40.8874 0.08474
41.9970 40.8391 0.08453
41.9728 40.7667 0.08457
41.8882 40.7063 0.08392
42.1058 40.9237 0.08263
42.0333 40.8512 0.08453
42.0091 40.8029 0.08467
41.9849 40.7667 0.08450
41.9366 40.7546 0.08270
42.0816 40.8995 0.08379
42.0454 40.8754 0.08447
41.9970 40.8029 0.08474
41.9487 40.7546 0.08467
41.9849 40.8271 0.08179
42.0454 40.8754 0.08447
42.0091 40.8512 0.08470
41.9849 40.7788 0.08457
41.9124 40.7305 0.08430
42.0091 40.8874 0.08250
42.0333 40.8874 0.08484
41.9849 40.8150 0.08480
41.9608 40.7426 0.08470
41.9608 40.7426 0.08297
42.0574 40.8874 0.08335
42.0091 40.8512 0.08450
41.9849 40.8029 0.08436
41.9487 40.7426 0.08464
42.0091 40.8271 0.08182
42.0333 40.8874 0.08433
42.0333 40.8512 0.08450
41.9728 40.7908 0.08457
41.9124 40.6701 0.08426
42.0333 40.8512 0.08260
42.0091 40.8633 0.08436
42.0091 40.8150 0.08460
41.9728 40.7667 0.08464
41.9728 40.7426 0.08257
42.0454 40.8995 0.08362
42.0091 40.8633 0.08423
41.9849 40.7667 0.08443
41.9366 40.7546 0.08436
41.9970 40.8512 0.08202
42.0454 40.8633 0.08467
41.9849 40.8391 0.08440
41.9608 40.7426 0.08457
41.9245 40.7063 0.08392
42.0937 40.8995 0.08263
42.0333 40.8391 0.08450
41.9849 40.8150 0.08464
41.9728 40.7426 0.08457
41.9608 40.7546 0.08240
42.0695 40.8874 0.08389
42.0333 40.8391 0.08450
41.9849 40.8029 0.08443
41.9366 40.7184 0.08453
42.0091 40.8512 0.08175
42.0091 40.8754 0.08457
42.0333 40.8391 0.08443
41.9608 40.7667 0.08436
41.9003 40.6943 0.08348
42.0574 40.8995 0.08260
42.0091 40.8512 0.08470
41.9849 40.7908 0.08450
41.9849 40.7546 0.08494
41.9487 40.7426 0.08216
42.0574 40.8874 0.08413
42.0091 40.8271 0.08453
41.9849 40.7546 0.08464
41.9487 40.7305 0.08440
42.0333 40.8633 0.08230
42.0333 40.8754 0.08447
41.9970 40.8029 0.08436
41.9608 40.7667 0.08447
41.9124 40.7184 0.08321
42.0816 40.8874 0.08318
42.0333 40.8150 0.08457
41.9366 40.7788 0.08453
41.9366 40.7426 0.08450
41.9608 40.8029 0.08175
42.0574 40.8633 0.08433
41.9849 40.8150 0.08440
41.9728 40.7667 0.08443
41.8882 40.7063 0.08409
42.0333 40.8754 0.08240
42.0333 40.8391 0.08450
41.9849 40.8029 0.08460
41.9124 40.7426 0.08443
41.9245 40.7184 0.08308
42.0574 40.8995 0.08355
41.9849 40.8512 0.08484
41.9849 40.7788 0.08457
41.9487 40.7426 0.08484
41.9849 40.8029 0.08148
42.0333 40.8754 0.08474
41.9849 40.8150 0.08477
41.9487 40.7426 0.08477
41.8762 40.6580 0.08403
42.0091 40.8633 0.08280
42.0091 40.8391 0.08487
41.9728 40.7788 0.08491
41.9366 40.7426 0.08508
41.9487 40.7788 0.08223
42.0333 40.8754 0.08430
41.9849 40.8391 0.08504
41.9608 40.7426 0.08484
41.9366 40.7184 0.08494
42.0212 40.8271 0.08226
42.0333 40.8391 0.08467
41.9728 40.7908 0.08460
41.9366 40.7426 0.08467
41.9245 40.7063 0.08318
42.0454 40.8754 0.08352
42.0212 40.8029 0.08484
41.9608 40.7546 0.08508
41.9487 40.7305 0.08480
41.9728 40.7908 0.08145
42.0091 40.8754 0.08470
41.9608 40.7667 0.08491
41.9487 40.7305 0.08480
41.8641 40.6580 0.08375
41.9849 40.8391 0.08260
41.9970 40.8512 0.08464
41.9728 40.7788 0.08487
41.9366 40.7426 0.08480
41.9487 40.7426 0.08213
42.0333 40.8754 0.08419
41.9849 40.8029 0.08470
41.9366 40.7667 0.08494
41.9124 40.7063 0.08484
41.9849 40.8029 0.08179
41.9849 40.8512 0.08474
41.9728 40.8271 0.08477
41.9366 40.7305 0.08443
41.8882 40.6943 0.08311
41.9970 40.8391 0.08294
41.9849 40.8391 0.08447
41.9487 40.7667 0.08457
41.9487 40.7184 0.08457
41.9608 40.7546 0.08199
42.0212 40.8391 0.08403
41.9608 40.8150 0.08447
41.9366 40.7426 0.08426
41.9124 40.7063 0.08443
41.9970 40.8150 0.08196
42.0091 40.8271 0.08447
41.9487 40.8029 0.08453
41.9366 40.7305 0.08436
41.8641 40.6580 0.08335
41.9849 40.8512 0.08263
41.9970 40.8029 0.08440
41.9487 40.7667 0.08447
41.9487 40.7426 0.08426
41.9124 40.7305 0.08267
41.9849 40.8150 0.08308
41.9849 40.8271 0.08423
41.9849 40.7546 0.08440
41.9245 40.7184 0.08433
41.9366 40.7667 0.08338
41.9366 40.7546 0.08504
41.9366 40.6822 0.08545
41.9487 40.7426 0.08277
29.1011 31.3367 0.03418
29.3670 31.5299 0.03479
29.6570 31.7593 0.03530
29.9834 32.0250 0.03601
30.1526 32.1578 0.03682
30.4064 32.3751 0.03737
30.6360 32.5079 0.03808
30.8657 32.7132 0.03852
31.0832 32.8943 0.03930
31.2766 33.0151 0.03964
31.4941 33.1720 0.04005
31.6633 33.3290 0.04079
31.8567 33.4618 0.04137
32.1951 33.7154 0.04411
32.4369 33.8240 0.04456
32.6061 33.9810 0.04554
32.7511 34.0414 0.05151
32.8961 34.1742 0.04656
33.0412 34.2708 0.04669
33.1862 34.3794 0.04686
33.3433 34.5002 0.04730
33.5004 34.5726 0.04795
33.6455 34.6813 0.04764
33.7905 34.7658 0.04818
33.9114 34.8624 0.04869
34.0322 34.9349 0.04890
34.1894 35.0194 0.04944
34.2619 35.1039 0.05188
34.3706 35.1763 0.05083
34.5278 35.2488 0.05124
34.5640 35.3092 0.05107
34.7211 35.3816 0.05137
34.8541 35.4903 0.05195
34.9629 35.5506 0.05191
41.9487 40.8391 0.08640
41.9124 40.8029 0.08586
42.0091 40.8633 0.08341
42.1904 41.0323 0.08525
42.0816 40.9840 0.08341
42.1058 40.9478 0.08318
42.0454 40.8995 0.08301
41.9970 40.8633 0.08308
42.1179 40.9720 0.08284
42.0816 40.9840 0.08311
42.0454 40.9357 0.08304
42.0091 40.8633 0.08277
41.9970 40.8391 0.08287
42.0574 40.8754 0.08263
42.0574 40.9237 0.08291
42.0454 40.8995 0.08297
42.0091 40.8391 0.08291
41.9728 40.8512 0.08297
42.0574 40.9116 0.08250
42.0816 40.9357 0.08314
42.0454 40.9116 0.08297
42.0212 40.8391 0.08328
41.9849 40.7667 0.08287
42.0816 40.9357 0.08263
42.0091 40.9599 0.08362
42.0091 40.8633 0.08345
41.9728 40.8029 0.08328
41.9124 40.7426 0.08247
42.1058 40.9720 0.08314
42.0091 40.8874 0.08325
42.0212 40.8633 0.08311
41.9487 40.8271 0.08304
41.9003 40.7305 0.08233
42.0937 40.9720 0.08338
41.9849 40.8874 0.08311
41.9728 40.8150 0.08328
41.9608 40.7667 0.08355
41.9487 40.7546 0.08216
42.0454 40.9237 0.08325
41.9970 40.8874 0.08308
42.0091 40.8391 0.08345
41.9366 40.7908 0.08311
41.9487 40.8271 0.08175
42.0574 40.9116 0.08321
41.9849 40.8754 0.08331
41.9608 40.8029 0.08345
41.9124 40.7426 0.08321
41.9849 40.8754 0.08257
42.0091 40.8995 0.08331
41.9849 40.8150 0.08328
41.9487 40.7908 0.08325
41.9366 40.7426 0.08260
42.0574 40.9237 0.08291
42.0333 40.8391 0.08338
41.9849 40.8512 0.08338
41.9245 40.7667 0.08345
41.8882 40.7305 0.08230
42.0574 40.9237 0.08338
42.0333 40.8391 0.08328
41.9608 40.8029 0.08318
41.9366 40.7667 0.08331
41.9245 40.7426 0.08196
42.0333 40.9237 0.08352
41.9728 40.8391 0.08369
41.9849 40.7788 0.08341
41.8882 40.7546 0.08352
41.9608 40.8029 0.08230
41.9970 40.8754 0.08331
41.9849 40.8391 0.08358
41.9487 40.8029 0.08331
41.8882 40.6943 0.08325
42.0454 40.8995 0.08308
41.9970 40.8754 0.08379
41.9608 40.8150 0.08362
41.9245 40.7426 0.08386
41.8762 40.7063 0.08223
42.0091 40.9116 0.08362
41.9970 40.8512 0.08389
41.9728 40.8029 0.08352
41.9245 40.7426 0.08369
41.9608 40.8633 0.08169
42.0333 40.8633 0.08365
28.9560 31.1436 0.03299
29.2461 31.3850 0.03391
29.5362 31.5903 0.03384
29.8262 31.8318 0.03438
30.3460 32.2423 0.03567
30.5998 32.4476 0.03730
30.8173 32.6287 0.03750
31.0590 32.8219 0.03788
31.2766 32.9788 0.03774
31.4700 33.1237 0.03849
31.6754 33.2565 0.03927
31.8930 33.4497 0.03967
32.0864 33.6067 0.04045
32.2797 33.7516 0.04133
32.4610 33.8844 0.04235
32.6544 33.9931 0.04381
32.8236 34.1380 0.04428
33.0412 34.2466 0.04513
33.1499 34.3553 0.04567
33.3312 34.4519 0.04588
33.4763 34.5847 0.04628
33.6213 34.6692 0.04676
33.7905 34.7537 0.04737
33.9114 34.8986 0.04876
34.0564 34.9590 0.04913
41.6465 40.6097 0.08175
41.6707 40.6460 0.08223
41.6586 40.5614 0.08189
41.5740 40.5131 0.08169
41.5257 40.4528 0.08152
41.6103 40.5252 0.08158
41.6223 40.5735 0.08185
41.6103 40.5614 0.08158
41.6103 40.5735 0.08182
41.6344 40.5856 0.08192
41.6465 40.6097 0.08182
41.5861 40.4769 0.08162
41.5740 40.4528 0.08145
41.5740 40.5131 0.08118
41.5982 40.5494 0.08158
41.5982 40.5494 0.08131
41.5619 40.4648 0.08138
41.5015 40.4045 0.08108
41.5619 40.5252 0.08236
41.5619 40.4769 0.08335
38.5766 38.1104 0.06666
38.6129 38.0983 0.06680
38.6250 38.1345 0.06694
38.6250 38.1345 0.06666
38.6250 38.1466 0.06710
38.6250 38.1224 0.06710
38.6733 38.1345 0.06751
38.6975 38.1949 0.06694
38.6975 38.2311 0.06748
38.7217 38.2070 0.06727
38.8063 38.2915 0.06911
38.8425 38.3036 0.06900
38.8546 38.3398 0.06900
38.8788 38.3398 0.06826
41.9970 40.8150 0.08525
41.9245 40.7426 0.08460
41.9003 40.7305 0.08362
42.0091 40.8512 0.08436
42.0091 40.8633 0.08423
41.9728 40.7667 0.08423
41.9366 40.7667 0.08419
41.9003 40.7063 0.08308
41.9487 40.8512 0.08392
41.9608 40.8150 0.08426
41.9487 40.8150 0.08419
41.9608 40.8391 0.08423
41.9849 40.8391 0.08406
41.9849 40.8271 0.08406
41.9608 40.8391 0.08406
41.9849 40.8271 0.08419
41.9728 40.8391 0.08426
41.9608 40.8150 0.08396
41.9487 40.8391 0.08430
41.9608 40.8029 0.08413
41.9849 40.8150 0.08419
41.9487 40.8150 0.08409
41.9728 40.8271 0.08403
41.9608 40.8029 0.08396
41.9728 40.8391 0.08413
41.9366 40.8271 0.08392
41.9487 40.8150 0.08396
41.9487 40.8271 0.08409
41.9487 40.8391 0.08399
41.9608 40.8150 0.08426
41.9366 40.8150 0.08409
41.9487 40.8271 0.08416
41.9608 40.8150 0.08389
41.9608 40.8029 0.08430
41.9728 40.8391 0.08426
41.9366 40.8150 0.08409
41.9608 40.8391 0.08433
41.9487 40.8150 0.08396
41.9849 40.8391 0.08419
41.9487 40.8391 0.08416
41.9728 40.8271 0.08419
41.9970 40.8271 0.08399
41.9487 40.8391 0.08409
41.9608 40.8512 0.08399
41.9487 40.8391 0.08419
41.9366 40.8391 0.08399
41.9728 40.8271 0.08426
41.9366 40.8150 0.08419
41.9487 40.8271 0.08436
41.9366 40.8391 0.08416
42.0091 40.8391 0.08430
41.9487 40.8271 0.08396
30.9865 32.7253 0.03815
31.1557 32.8702 0.03872
31.3974 33.0271 0.03940
31.6271 33.1962 0.04018
31.8446 33.3652 0.04066
32.0018 33.5101 0.04093
32.1710 33.6429 0.04144
32.3643 33.7757 0.04215
32.5336 33.9085 0.04249
32.7269 34.0414 0.04327
32.8961 34.1621 0.04388
33.0291 34.2949 0.04425
33.2225 34.3794 0.04493
33.3554 34.5123 0.04517
33.5246 34.6089 0.04557
33.6455 34.6934 0.04595
33.7905 34.7779 0.04642
33.9355 34.8986 0.04696
34.1894 35.0194 0.04547
34.3102 35.1280 0.04584
34.4069 35.2005 0.04612
34.5399 35.2850 0.04764
34.6365 35.3575 0.04703
34.7453 35.4178 0.04734
34.8541 35.5386 0.04764
34.9991 35.6110 0.04924
35.0958 35.6955 0.05235
35.1683 35.7318 0.05205
35.3013 35.8404 0.05188
41.3685 40.4045 0.08080
41.3081 40.3441 0.08030
41.2598 40.2837 0.08006
41.3806 40.4165 0.08016
41.3323 40.3803 0.07982
41.3081 40.3562 0.07989
41.3081 40.3803 0.08006
41.3323 40.3441 0.08016
41.3202 40.4165 0.08016
41.3081 40.3803 0.07996
41.3323 40.3683 0.07982
41.3081 40.3683 0.07975
41.3081 40.3803 0.08002
41.3323 40.3803 0.07975
41.3081 40.3803 0.07982
41.3202 40.3683 0.07962
41.3323 40.3683 0.07965
41.3081 40.3683 0.07965
41.3323 40.3562 0.07975
41.3202 40.3683 0.07996
41.3081 40.3803 0.07982
41.3081 40.3803 0.07965
41.3323 40.3803 0.07979
41.3081 40.3803 0.07965
41.3081 40.3562 0.07968
41.3202 40.3683 0.07962
34.9145 35.7197 0.06473
35.1925 35.9129 0.05324
35.3134 36.0215 0.05364
36.7879 37.0599 0.05703
36.8483 37.1203 0.05690
36.9813 37.1927 0.05707
37.0659 37.2893 0.05788
37.1626 37.3014 0.05897
29.4153 31.5420 0.03421
29.6933 31.7352 0.03493
29.9592 31.9042 0.03564
30.1888 32.0974 0.03604
30.4064 32.3389 0.03659
30.8415 32.6528 0.03571
31.0832 32.7856 0.03621
31.3128 32.9305 0.03710
31.4700 33.0875 0.03805
31.6633 33.1962 0.03866
31.8567 33.3531 0.03889
32.0259 33.4739 0.03913
32.1831 33.5825 0.04093
32.4248 33.7757 0.04313
32.5577 33.8723 0.04354
28.4605 30.7813 0.03204
28.7868 30.9866 0.03269
29.0406 31.2039 0.03309
29.3186 31.4092 0.03370
29.8262 31.8076 0.03547
30.0921 32.0129 0.03703
30.3218 32.1699 0.03730
30.5514 32.3510 0.03832
30.7690 32.5442 0.03889
31.0107 32.6891 0.03954
31.1799 32.8581 0.03998
31.3974 33.0030 0.04049
31.5425 33.1479 0.04103
31.7359 33.2686 0.04140
31.9292 33.4135 0.04235
32.1105 33.5222 0.04252
32.2797 33.6308 0.04296
32.4369 33.7395 0.04286
32.6302 33.8965 0.04378
32.7511 34.0051 0.04432
39.3139 38.6779 0.07243
39.3018 38.7141 0.07053
39.6160 38.9556 0.07216
40.8126 39.8974 0.07809
40.8972 39.9698 0.08067
40.8851 39.9336 0.07772
40.9455 40.0181 0.07650
40.9214 40.0181 0.07735
40.8851 39.9215 0.07714
40.8488 39.9215 0.07626
40.9697 40.0302 0.07779
40.8730 39.9336 0.07768
40.7884 39.8611 0.07694
40.9697 40.0422 0.07714
40.8851 39.9577 0.07738
40.8247 39.8853 0.07718
40.9214 40.0181 0.07650
40.8851 39.9698 0.07714
40.8247 39.8732 0.07714
40.8609 39.9457 0.07602
40.8730 39.9819 0.07701
40.8609 39.8974 0.07721
40.8247 39.8853 0.07609
40.9093 40.0060 0.07718
40.8609 39.8732 0.07701
40.7521 39.8249 0.07663
40.7763 39.8370 0.07680
40.8851 39.9939 0.07646
40.8972 39.9698 0.07714
40.8247 39.8853 0.07680
40.8247 39.9215 0.07606
40.8730 39.9939 0.07704
40.8126 39.8732 0.07707
40.8851 39.9939 0.07887
40.8367 39.9215 0.07721
40.7521 39.8008 0.07701
40.9093 40.0181 0.07772
40.8247 39.8853 0.07826
40.7884 39.8370 0.07677
40.8488 40.0302 0.07673
40.8730 40.0181 0.07785
