36.3286 36.9392 0.06463
36.4253 37.0358 0.06477
36.4857 37.0961 0.06541
36.5703 37.1324 0.07121
36.5824 37.1807 0.07243
36.6308 37.2169 0.07141
36.7154 37.2893 0.07178
36.9087 37.4221 0.07192
38.3107 38.4243 0.07914
38.4074 38.4726 0.07979
38.4195 38.4967 0.07928
38.4679 38.4847 0.07918
38.4920 38.5450 0.07901
38.4679 38.5571 0.07921
38.5041 38.5813 0.07938
38.5525 38.5933 0.07965
38.5525 38.6175 0.07965
38.5645 38.6296 0.07962
38.6129 38.6537 0.07965
38.6129 38.6658 0.07985
38.6492 38.6658 0.07965
38.6492 38.6899 0.07979
38.6975 38.6779 0.07985
38.6975 38.7141 0.08013
38.6975 38.7141 0.08006
38.7096 38.7141 0.08023
38.7579 38.7624 0.08043
38.7700 38.7745 0.08057
38.7579 38.7745 0.08016
38.7942 38.7986 0.07860
38.7942 38.7745 0.07826
38.8546 38.8228 0.07863
38.8546 38.8590 0.07880
38.8425 38.8228 0.07867
38.8667 38.8348 0.07853
38.8909 38.8710 0.07874
38.8909 38.8228 0.07863
38.8788 38.8590 0.07874
38.8909 38.9073 0.07860
38.9392 38.8952 0.07867
38.9513 38.8710 0.07884
38.9513 38.8710 0.07897
38.9513 38.8952 0.07884
38.9634 38.9073 0.07907
38.9755 38.8952 0.07874
38.9755 38.9556 0.07894
38.9996 38.9435 0.07894
38.9996 38.9676 0.07914
39.0117 38.9435 0.07907
38.9996 38.9193 0.07921
39.0480 38.9676 0.07968
39.0480 38.9676 0.07958
39.0480 38.9556 0.07962
39.0601 38.9918 0.07979
39.0843 38.9797 0.07952
39.0722 39.0039 0.07962
39.0963 38.9676 0.07945
39.0963 39.0039 0.07948
39.0963 39.0401 0.07945
39.0963 39.0159 0.07989
39.1205 39.0280 0.07979
39.1326 39.0039 0.07968
39.1568 39.0159 0.07965
39.1447 39.0401 0.08009
39.1568 39.0401 0.07972
39.1326 39.0039 0.07992
39.1447 39.0280 0.07985
39.2051 39.0522 0.08019
39.1809 39.0280 0.08013
39.1809 39.0401 0.08023
39.1930 39.0401 0.07989
39.1930 39.0642 0.08026
39.1930 39.0642 0.08053
39.1809 39.0763 0.08057
39.2172 39.0763 0.08019
39.2414 39.0642 0.08009
39.2293 39.0884 0.08043
39.2414 39.0763 0.08006
39.2293 39.0763 0.08019
39.2293 39.0884 0.08033
39.2293 39.1005 0.08033
39.2535 39.0642 0.08030
39.2414 39.1125 0.08030
39.2414 39.1005 0.08040
39.2414 39.0763 0.08043
39.2293 39.1005 0.08033
39.2655 39.1125 0.08043
39.2776 39.1005 0.08043
39.2776 39.1005 0.08053
39.2776 39.1005 0.08074
39.2535 39.0763 0.08050
39.2655 39.1246 0.08043
39.2897 39.1246 0.08070
39.2897 39.1125 0.08080
39.2655 39.1125 0.08114
39.2776 39.1608 0.08097
39.2655 39.1125 0.08053
39.2655 39.1246 0.08046
39.2897 39.0884 0.08060
39.2776 39.1246 0.08074
39.2897 39.1125 0.08060
39.3139 39.1246 0.08074
39.3139 39.1367 0.08080
39.3139 39.1729 0.08050
39.3501 39.1608 0.08067
39.3381 39.1488 0.08043
39.3260 39.1608 0.08091
39.3260 39.1367 0.08060
39.3260 39.1850 0.08074
39.3381 39.1488 0.08043
39.2897 39.1246 0.08074
39.3381 39.1608 0.08097
39.3260 39.1608 0.08074
39.3139 39.1608 0.08111
39.3381 39.1608 0.08135
39.3018 39.1608 0.08128
39.3381 39.1488 0.08118
39.3260 39.1488 0.08087
39.3501 39.1608 0.08097
39.3260 39.1488 0.08080
39.3381 39.1608 0.08091
39.3501 39.1608 0.08101
39.3501 39.1608 0.08104
39.3501 39.1608 0.08067
39.3381 39.1850 0.08114
39.3501 39.1971 0.08118
39.3381 39.1729 0.08091
39.3501 39.1608 0.08091
39.3743 39.1729 0.08121
39.3381 39.1608 0.08114
39.3501 39.1729 0.08097
39.3864 39.1608 0.08108
39.3743 39.1850 0.08124
39.3743 39.1488 0.08114
39.3622 39.1971 0.08118
39.3622 39.1971 0.08138
39.3501 39.1971 0.08114
39.3743 39.1850 0.08124
39.3743 39.1971 0.08118
39.3743 39.1850 0.08101
39.3743 39.2091 0.08111
39.3864 39.2091 0.08104
39.3743 39.1971 0.08108
39.3985 39.1608 0.08135
39.3864 39.1971 0.08108
39.3985 39.2091 0.08111
39.3864 39.1971 0.08114
39.3743 39.1729 0.08108
39.3864 39.2091 0.08108
39.3985 39.1971 0.08114
39.3864 39.2091 0.08135
39.4106 39.1971 0.08104
39.3985 39.1971 0.08114
39.3985 39.1971 0.08124
39.3864 39.1608 0.08138
39.3985 39.2091 0.08158
39.3743 39.2091 0.08175
39.3864 39.2212 0.08131
39.4106 39.2091 0.08138
39.4106 39.1850 0.08121
39.3743 39.2091 0.08138
39.3985 39.1971 0.08128
39.3985 39.2333 0.08138
39.3985 39.1971 0.08124
39.3985 39.2091 0.08128
39.3743 39.1971 0.08135
39.3985 39.1850 0.08135
39.3985 39.1971 0.08114
39.3985 39.1971 0.08121
39.4348 39.1971 0.08141
39.3985 39.1971 0.08128
39.3985 39.1971 0.08148
39.3985 39.2091 0.08111
39.3985 39.1971 0.08135
39.4348 39.2212 0.08128
39.4227 39.1971 0.08118
39.3864 39.2091 0.08138
39.3985 39.2333 0.08172
39.3985 39.1971 0.08192
39.4227 39.2212 0.08155
39.4710 39.2091 0.08135
39.4348 39.1971 0.08131
39.3985 39.2091 0.08152
39.3985 39.2091 0.08138
39.4227 39.2453 0.08121
39.3985 39.1971 0.08131
39.3985 39.2333 0.08128
39.4227 39.2091 0.08141
39.3985 39.2091 0.08141
39.3985 39.2212 0.08118
39.3985 39.2212 0.08118
39.3985 39.1971 0.08158
39.4348 39.2091 0.08128
39.3985 39.2212 0.08152
39.4348 39.2333 0.08135
39.4468 39.2091 0.08138
39.4710 39.2212 0.08141
39.4348 39.2091 0.08179
39.4348 39.2212 0.08182
39.3985 39.1971 0.08179
39.3985 39.2212 0.08172
39.4348 39.2453 0.08145
39.4227 39.2212 0.08158
39.4227 39.2091 0.08158
39.3985 39.2091 0.08152
39.4348 39.2453 0.08182
39.4348 39.1971 0.08124
39.4468 39.2091 0.08138
39.4227 39.2212 0.08145
39.4589 39.2212 0.08135
39.4348 39.2333 0.08121
39.4348 39.2453 0.08118
39.4348 39.2212 0.08135
39.4106 39.2212 0.08175
39.4227 39.1850 0.08165
39.4468 39.1971 0.08152
39.4468 39.2453 0.08152
39.4227 39.2574 0.08158
39.3985 39.2453 0.08169
39.4227 39.2212 0.08185
39.4348 39.2212 0.08192
39.4468 39.2453 0.08165
39.3985 39.2453 0.08162
39.3985 39.2333 0.08165
39.4227 39.2212 0.08148
39.3985 39.2212 0.08145
39.4468 39.2091 0.08135
39.4227 39.2453 0.08169
39.4468 39.2212 0.08111
39.4348 39.2212 0.08152
39.4348 39.2333 0.08155
39.4348 39.2212 0.08158
39.4227 39.2091 0.08148
39.4468 39.1971 0.08148
39.4468 39.2212 0.08185
39.4227 39.2091 0.08179
39.4348 39.2212 0.08155
39.4348 39.2212 0.08175
39.4106 39.2212 0.08199
39.3985 39.2212 0.08202
39.3864 39.2333 0.08209
39.4468 39.1971 0.08185
39.4348 39.2212 0.08162
39.3985 39.2091 0.08189
39.4106 39.1971 0.08169
39.3985 39.1971 0.08165
39.4227 39.1971 0.08152
39.4348 39.2091 0.08148
39.4227 39.1971 0.08141
39.4348 39.2333 0.08148
39.3985 39.2212 0.08165
39.4348 39.2212 0.08162
39.4348 39.2574 0.08165
39.3985 39.2212 0.08185
39.4348 39.2333 0.08185
39.4468 39.1971 0.08158
39.4348 39.2091 0.08145
39.4348 39.1971 0.08182
39.4348 39.2212 0.08169
39.3985 39.2091 0.08175
39.4348 39.2091 0.08158
39.4348 39.2091 0.08189
39.4348 39.2333 0.08169
39.4348 39.1971 0.08199
39.4227 39.1850 0.08155
39.4468 39.1971 0.08145
39.4348 39.2212 0.08165
39.4348 39.2091 0.08131
39.4227 39.2212 0.08138
39.4468 39.2091 0.08165
39.4348 39.2091 0.08179
39.4227 39.2453 0.08182
39.4227 39.1971 0.08165
39.4348 39.2091 0.08158
39.4710 39.2333 0.08172
39.4468 39.2212 0.08155
39.4348 39.2091 0.08124
39.3985 39.1850 0.08155
39.4348 39.2212 0.08182
39.4227 39.2212 0.08155
39.4468 39.1971 0.08185
39.4710 39.2091 0.08158
39.4348 39.2333 0.08141
39.3985 39.2212 0.08175
39.4589 39.2091 0.08175
39.3985 39.2212 0.08182
39.4348 39.2212 0.08152
39.4227 39.2212 0.08155
39.4468 39.2091 0.08155
39.4348 39.2212 0.08138
39.4348 39.2333 0.08169
39.4227 39.2212 0.08145
39.4589 39.1971 0.08185
39.4227 39.2212 0.08162
39.4348 39.2091 0.08162
39.4227 39.1971 0.08141
39.4227 39.2212 0.08141
39.4348 39.2453 0.08148
39.4468 39.1971 0.08155
39.4468 39.2574 0.08152
39.4227 39.2453 0.08162
39.4468 39.2212 0.08185
39.4468 39.2212 0.08162
39.4468 39.2212 0.08152
39.4348 39.2091 0.08158
39.4348 39.2212 0.08158
39.4227 39.2091 0.08165
39.4348 39.2333 0.08158
39.4348 39.2212 0.08169
39.4227 39.2333 0.08169
39.4227 39.2212 0.08162
39.4710 39.2333 0.08141
39.4348 39.2574 0.08169
39.4348 39.2212 0.08169
39.4348 39.1971 0.08152
39.4589 39.2333 0.08162
39.4589 39.2333 0.08135
39.3985 39.2091 0.08158
39.4589 39.1971 0.08169
39.4710 39.2453 0.08152
39.4710 39.2333 0.08179
39.4348 39.2091 0.08172
39.4710 39.2453 0.08189
39.4348 39.2574 0.08158
39.4348 39.2212 0.08182
39.4710 39.2574 0.08141
39.4589 39.2212 0.08162
39.4468 39.2453 0.08172
39.4710 39.2333 0.08158
39.4348 39.2333 0.08189
39.4710 39.2574 0.08165
39.4468 39.2453 0.08152
39.4710 39.2574 0.08172
39.4710 39.2453 0.08172
39.4589 39.2695 0.08162
39.4710 39.2936 0.08155
39.4589 39.2453 0.08162
39.4468 39.2574 0.08152
39.4710 39.2574 0.08175
39.4710 39.2574 0.08169
39.4710 39.2936 0.08148
39.4710 39.2816 0.08196
39.4831 39.3057 0.08169
39.4831 39.2574 0.08179
39.4710 39.3299 0.08162
39.4710 39.2816 0.08199
39.4831 39.2816 0.08189
39.4952 39.2936 0.08182
39.4952 39.3178 0.08185
39.4710 39.2936 0.08182
39.4710 39.3057 0.08196
39.5194 39.3057 0.08185
39.4831 39.3057 0.08199
39.4831 39.3057 0.08172
39.5194 39.3419 0.08182
39.5194 39.3178 0.08179
39.5314 39.3178 0.08213
39.5194 39.3299 0.08169
39.4831 39.3057 0.08182
39.4952 39.3178 0.08216
39.5314 39.3178 0.08233
39.5073 39.3661 0.08247
39.5314 39.3661 0.08223
39.5073 39.3299 0.08223
39.5435 39.3299 0.08219
39.5194 39.3540 0.08199
39.5314 39.3057 0.08219
39.5314 39.3540 0.08206
39.5194 39.3419 0.08226
39.5556 39.3419 0.08219
39.5798 39.3419 0.08270
39.5435 39.3540 0.08440
39.5194 39.3782 0.08504
39.5314 39.3419 0.08419
39.5798 39.3540 0.08291
39.5677 39.3540 0.08308
39.5677 39.3782 0.08287
39.5677 39.3782 0.08274
39.5677 39.3782 0.08267
39.5677 39.3902 0.08263
39.5677 39.3782 0.08253
39.5677 39.3902 0.08233
39.5677 39.4265 0.08260
39.5798 39.4265 0.08280
39.5677 39.4023 0.08267
39.5556 39.3661 0.08270
39.5677 39.3902 0.08240
39.5677 39.4023 0.08253
39.5556 39.3661 0.08277
39.5677 39.4385 0.08263
39.5677 39.3540 0.08277
39.5677 39.3902 0.08294
39.5919 39.4023 0.08297
39.5677 39.3782 0.08270
39.5919 39.4144 0.08270
39.5919 39.3902 0.08247
39.5798 39.3782 0.08291
39.6040 39.4023 0.08250
39.5798 39.3902 0.08240
39.5919 39.4265 0.08267
39.5919 39.3902 0.08247
39.5677 39.3902 0.08274
39.5677 39.3902 0.08308
39.5798 39.4265 0.08274
39.5798 39.3902 0.08325
39.5798 39.3902 0.08325
39.6040 39.3902 0.08304
39.5677 39.3902 0.08277
39.5919 39.3902 0.08291
39.5677 39.3902 0.08277
39.5919 39.4023 0.08311
39.5919 39.3902 0.08328
39.5919 39.4144 0.08318
39.6160 39.4023 0.08308
39.5919 39.4023 0.08301
39.5919 39.3902 0.08287
39.5919 39.3902 0.08301
39.6160 39.3902 0.08294
39.6160 39.4144 0.08314
39.5919 39.3902 0.08314
39.5919 39.3902 0.08294
39.5919 39.4265 0.08280
39.5798 39.4265 0.08263
39.5919 39.4023 0.08291
39.5919 39.3902 0.08297
39.5919 39.3902 0.08335
39.6160 39.3902 0.08335
39.5919 39.4385 0.08331
39.6281 39.4023 0.08335
39.6402 39.3661 0.08341
39.6040 39.3902 0.08328
39.6160 39.4385 0.08321
39.6160 39.4265 0.08325
39.6160 39.4023 0.08331
39.6281 39.4023 0.08304
39.6160 39.4144 0.08308
39.6040 39.4385 0.08311
39.5798 39.4144 0.08328
39.6765 39.4023 0.08291
39.6281 39.4144 0.08321
39.6281 39.4265 0.08321
39.5919 39.4265 0.08318
39.6160 39.4023 0.08304
39.6160 39.4023 0.08318
39.5919 39.4144 0.08321
39.6281 39.4023 0.08341
39.5798 39.3902 0.08318
39.6281 39.4144 0.08321
39.6160 39.4023 0.08362
39.6281 39.4144 0.08328
39.6160 39.4023 0.08328
39.6402 39.4385 0.08338
39.6402 39.4144 0.08328
39.6281 39.4144 0.08328
39.6281 39.4023 0.08338
39.6402 39.4023 0.08314
39.6040 39.4023 0.08318
39.6160 39.4265 0.08277
39.6402 39.4265 0.08260
39.6160 39.4144 0.08280
39.5919 39.4144 0.08291
39.6281 39.4023 0.08260
39.6281 39.4023 0.08257
39.6402 39.4144 0.08250
39.6160 39.4265 0.08263
39.6523 39.4023 0.08270
39.5919 39.4506 0.08284
39.5919 39.4506 0.08253
39.5919 39.4023 0.08263
39.5919 39.4265 0.08240
39.6281 39.4144 0.08280
39.6040 39.4144 0.08328
39.6160 39.4023 0.08325
39.6160 39.4144 0.08328
39.6281 39.4023 0.08297
39.5919 39.4506 0.08277
39.6281 39.3902 0.08263
39.5919 39.4265 0.08284
39.6160 39.3902 0.08270
39.6160 39.4265 0.08226
39.6281 39.4144 0.08233
39.6160 39.4144 0.08233
39.6523 39.4144 0.08226
39.6402 39.4265 0.08250
39.6402 39.4265 0.08216
39.6402 39.4265 0.08236
39.6523 39.4506 0.08226
39.6160 39.4023 0.08216
39.6281 39.3902 0.08209
39.6040 39.4265 0.08240
39.6523 39.4144 0.08243
39.6281 39.3902 0.08253
39.6281 39.3902 0.08236
39.6040 39.3902 0.08260
39.6281 39.4023 0.08270
39.6040 39.4265 0.08250
39.6040 39.4023 0.08240
39.6160 39.4023 0.08223
39.6281 39.3902 0.08230
39.6402 39.4506 0.08209
39.6160 39.3902 0.08240
39.6402 39.4385 0.08240
39.6281 39.4144 0.08223
39.6160 39.4144 0.08236
39.6402 39.4265 0.08213
39.6160 39.4385 0.08223
39.6040 39.4144 0.08213
39.6281 39.4265 0.08247
39.6040 39.4023 0.08233
39.6160 39.4385 0.08216
39.6281 39.3902 0.08236
39.6402 39.3902 0.08236
39.6402 39.4023 0.08240
39.6644 39.4265 0.08233
39.6040 39.4023 0.08270
39.6040 39.4385 0.08263
39.6160 39.4265 0.08260
39.6160 39.4144 0.07999
39.6281 39.3902 0.08233
39.6281 39.4265 0.08236
39.6040 39.4023 0.08243
39.6281 39.4023 0.08087
39.6281 39.4023 0.08226
39.6281 39.4023 0.08236
39.6402 39.4385 0.08236
39.6281 39.4385 0.08209
39.6402 39.4023 0.08230
39.5919 39.4506 0.08219
39.6160 39.4144 0.08240
39.6160 39.4265 0.08219
39.5919 39.4385 0.08236
39.6160 39.3902 0.08260
39.6402 39.3902 0.08226
39.6281 39.4144 0.08226
39.5919 39.4023 0.08240
39.6402 39.4627 0.08247
39.6160 39.3902 0.08270
39.6040 39.4506 0.08243
39.6281 39.4265 0.08263
39.6040 39.4265 0.08216
39.6160 39.4144 0.08250
39.6402 39.4506 0.08236
39.6523 39.3661 0.08233
39.6281 39.4385 0.08233
39.6160 39.3902 0.08226
39.5919 39.4506 0.08243
39.6160 39.4023 0.08226
39.5919 39.4385 0.08219
39.6281 39.4023 0.08189
39.6160 39.4023 0.08219
39.6040 39.4144 0.08240
39.6281 39.4265 0.08236
39.6281 39.4144 0.08230
39.6281 39.4023 0.08243
39.6040 39.4385 0.08253
39.6402 39.4023 0.08240
39.6160 39.4023 0.08257
39.6040 39.4265 0.08236
39.6160 39.3902 0.08274
39.5919 39.4023 0.08230
39.6281 39.4023 0.08216
39.6160 39.4144 0.08253
39.6160 39.4144 0.01963
39.6281 39.4023 0.08243
39.6281 39.4144 0.08236
39.6160 39.3902 0.08155
39.6160 39.4144 0.08233
39.6160 39.4023 0.05185
39.6160 39.4265 0.08247
39.6281 39.4023 0.08247
39.6160 39.3782 0.08257
39.6281 39.4023 0.08250
39.6281 39.4023 0.08247
39.6040 39.3902 0.08202
39.5919 39.4144 0.08243
39.6160 39.4385 0.08260
39.6281 39.3902 0.08253
39.6040 39.4144 0.08263
39.5919 39.4023 0.08243
39.6281 39.4265 0.08270
39.6160 39.4144 0.08270
39.6160 39.4265 0.08247
39.6040 39.4144 0.08226
39.6160 39.4144 0.08240
39.6160 39.4265 0.08247
39.6160 39.3782 0.08213
39.6040 39.4265 0.08243
39.6040 39.3902 0.08226
39.5919 39.4144 0.08216
39.5919 39.4144 0.08274
39.6160 39.4265 0.08233
39.6281 39.4023 0.08236
39.6040 39.4144 0.08230
39.6160 39.4023 0.08247
39.6040 39.4023 0.08226
39.6160 39.4144 0.08267
39.6281 39.4506 0.08291
39.6160 39.4023 0.08257
39.6160 39.3902 0.08291
39.5919 39.3902 0.08260
39.6281 39.4023 0.08284
39.6160 39.3902 0.08301
39.6160 39.3902 0.08270
39.6160 39.4144 0.08280
39.5919 39.4144 0.08267
39.6040 39.4023 0.08260
39.6281 39.4265 0.08257
39.6160 39.3902 0.08260
39.6160 39.4023 0.08260
39.6160 39.3902 0.08267
39.6160 39.4144 0.08257
39.6281 39.4144 0.08277
39.6160 39.3902 0.08260
39.6402 39.4144 0.08270
39.6281 39.4023 0.08284
39.6160 39.3782 0.08270
39.6523 39.4144 0.08267
39.6281 39.4144 0.08267
39.6281 39.4385 0.08304
39.6160 39.4144 0.08280
39.6281 39.4023 0.08213
39.6160 39.4265 0.08230
39.6160 39.4023 0.08230
39.6160 39.4144 0.08209
39.6040 39.4144 0.08223
39.6281 39.4385 0.08209
39.6160 39.4023 0.08202
39.5919 39.4144 0.08216
39.6523 39.3902 0.08196
39.6160 39.4144 0.08209
39.6402 39.4023 0.08230
39.6281 39.4265 0.08223
39.6281 39.4144 0.08213
39.6160 39.3902 0.08226
39.6281 39.4023 0.08213
39.6160 39.4265 0.08199
39.5919 39.4023 0.08226
39.6160 39.4023 0.08192
39.5919 39.4385 0.08230
39.6160 39.4385 0.08250
39.6160 39.4144 0.08219
39.6402 39.3782 0.08206
39.6160 39.4023 0.08209
39.6644 39.4265 0.08260
39.6160 39.4144 0.08233
39.6281 39.4265 0.08233
39.6402 39.3902 0.08230
39.5919 39.4023 0.08216
39.6160 39.4265 0.08206
39.6281 39.4265 0.08219
39.6281 39.4265 0.08233
39.6402 39.4023 0.08223
39.6281 39.4144 0.08216
39.6160 39.3902 0.08230
39.6402 39.3902 0.08236
39.6281 39.4023 0.08236
39.5798 39.3782 0.08240
39.5919 39.4144 0.08223
39.5919 39.4265 0.08270
39.6160 39.4265 0.08274
39.6281 39.4868 0.08297
39.5919 39.4265 0.08270
39.6160 39.4023 0.08294
39.6040 39.4144 0.08291
39.6160 39.3902 0.08297
39.6281 39.4265 0.08314
39.6160 39.4023 0.08284
39.6160 39.3902 0.08294
39.6281 39.4265 0.08280
39.6160 39.4023 0.08297
39.6160 39.3902 0.08263
39.6040 39.4265 0.08287
39.6281 39.4023 0.08277
39.6281 39.3902 0.08301
39.6160 39.4144 0.08270
39.6160 39.4144 0.08270
39.6281 39.4023 0.08291
39.5919 39.4265 0.08257
39.5919 39.4144 0.08284
39.6040 39.3902 0.08287
39.6281 39.3902 0.08280
39.6160 39.3902 0.08284
39.6402 39.4265 0.08260
39.6281 39.4385 0.08263
39.6160 39.3902 0.08250
39.6402 39.3902 0.08277
39.6281 39.3782 0.08284
39.5919 39.3902 0.08311
39.6281 39.4023 0.08294
39.6281 39.4265 0.08294
39.6281 39.4265 0.08260
39.6644 39.4265 0.08294
39.6160 39.4265 0.08260
39.5919 39.3902 0.08257
39.6160 39.4144 0.08274
39.5798 39.3902 0.08284
39.6160 39.3902 0.08263
39.5919 39.4385 0.08270
39.6040 39.4265 0.08280
39.6402 39.4144 0.08257
39.6160 39.4265 0.08284
39.6281 39.4023 0.08297
39.6281 39.4265 0.08308
39.6281 39.4023 0.08294
39.6160 39.4144 0.08267
39.6281 39.4023 0.08253
39.6523 39.3782 0.08263
39.6040 39.4506 0.08250
39.6160 39.4385 0.08284
39.6160 39.4023 0.08287
39.6040 39.4144 0.08294
39.6160 39.3902 0.08263
39.6281 39.3902 0.08260
39.6281 39.4023 0.08243
39.5919 39.3902 0.08260
39.6523 39.4144 0.08280
39.6281 39.4023 0.08277
39.6160 39.4506 0.08230
39.6402 39.3902 0.08260
39.6281 39.4144 0.08213
39.6281 39.4265 0.08202
39.5919 39.4265 0.08247
39.5919 39.3902 0.08250
39.6160 39.4023 0.08409
39.6160 39.4265 0.08538
39.6160 39.3902 0.08606
30.3097 32.8098 0.05222
30.6360 33.0754 0.05452
30.9261 33.3048 0.05595
31.2162 33.5101 0.05622
34.0806 35.6593 0.06219
37.8877 38.1345 0.07568
37.8877 38.1466 0.07351
37.9482 38.1949 0.07304
37.9965 38.1949 0.07314
38.0569 38.2432 0.07351
38.0811 38.2794 0.07368
38.1174 38.3277 0.07351
38.1657 38.3519 0.07365
38.2503 38.3519 0.07582
38.2745 38.4122 0.07619
38.3107 38.4847 0.07677
42.2508 41.4187 0.09735
42.2629 41.3946 0.09596
42.2508 41.3704 0.09535
42.2750 41.4429 0.09488
41.7070 40.9961 0.09420
41.7070 41.0203 0.09552
41.7070 41.0323 0.09416
41.7553 41.0686 0.09366
39.7006 39.4989 0.08202
39.7490 39.5110 0.08365
39.7369 39.4868 0.08325
39.8094 39.5714 0.08121
39.8457 39.5714 0.08118
39.8578 39.5472 0.08094
39.8094 39.5834 0.08114
39.8215 39.5714 0.08108
39.8578 39.5714 0.08138
39.8578 39.6076 0.08121
39.8578 39.5834 0.08128
39.9061 39.5834 0.08155
36.8604 37.3618 0.07477
36.8483 37.3980 0.07412
36.8121 37.3618 0.07409
36.8362 37.3859 0.07426
36.8241 37.3618 0.07385
36.8241 37.3376 0.07395
36.8000 37.3738 0.07436
36.8241 37.3376 0.07629
36.8121 37.3618 0.07545
36.8483 37.3497 0.07443
36.8241 37.3618 0.07409
36.8241 37.3376 0.07375
32.9445 34.6451 0.05887
33.2345 34.8745 0.06280
33.5367 35.0918 0.06334
33.6697 35.2005 0.06453
33.8268 35.3092 0.06582
33.9597 35.3937 0.06517
34.4552 35.7318 0.06558
34.7574 35.9612 0.06700
32.7994 34.7779 0.05883
32.9566 34.9469 0.05971
33.1862 35.0797 0.06070
33.3675 35.2005 0.06127
33.6213 35.3937 0.06168
33.8268 35.5144 0.06219
34.0322 35.6593 0.06270
34.1894 35.7801 0.06361
34.3948 35.9129 0.06409
34.5519 36.0698 0.06463
34.7332 36.1664 0.06538
34.9387 36.2630 0.06575
35.0354 36.3717 0.06646
35.2650 36.4683 0.06697
35.3980 36.5770 0.06741
35.5309 36.6856 0.06911
35.6276 36.7701 0.06860
35.7606 36.8305 0.06907
35.8814 36.9030 0.06948
36.0023 36.9995 0.06995
36.0990 37.0841 0.07043
36.2561 37.1686 0.07083
36.3407 37.2169 0.07138
36.4857 37.2893 0.07134
36.5824 37.3738 0.07138
36.6791 37.4342 0.07199
36.7758 37.4946 0.07250
36.8362 37.5187 0.07290
36.9450 37.6153 0.07358
37.0538 37.6636 0.07399
37.1142 37.7361 0.07416
37.1988 37.7723 0.07436
37.2955 37.7964 0.07460
37.3438 37.8447 0.07507
37.4284 37.8447 0.07521
37.5131 37.9051 0.07541
37.5614 37.9534 0.07551
37.5856 37.9413 0.07592
37.7185 38.0259 0.07616
37.7789 38.0983 0.07551
37.8273 38.1104 0.07619
37.8756 38.1466 0.07701
37.9602 38.2190 0.07724
38.0328 38.2915 0.07748
38.1053 38.3036 0.07775
38.1415 38.3881 0.07765
38.2141 38.4122 0.07792
38.2382 38.4726 0.07816
38.2987 38.5209 0.07850
38.3107 38.5209 0.07877
38.4074 38.5813 0.07870
38.4195 38.6416 0.07894
38.4799 38.6537 0.07907
38.5162 38.6899 0.07921
38.5645 38.7141 0.07948
38.6250 38.7503 0.07979
38.6612 38.8107 0.08002
38.6975 38.8228 0.07972
38.7217 38.8348 0.08030
38.7700 38.8831 0.08023
38.8184 38.9435 0.08046
38.8425 38.9435 0.08060
38.8788 38.9797 0.08091
38.9271 39.0159 0.08108
38.9755 39.0642 0.08091
38.9876 39.1005 0.08108
39.0480 39.1125 0.08124
39.0722 39.1246 0.08165
39.0963 39.1608 0.08158
39.1689 39.1971 0.08182
39.1809 39.2212 0.08182
39.1930 39.2453 0.08230
39.2655 39.2695 0.08226
39.2776 39.2816 0.08236
39.2776 39.3057 0.08253
39.3381 39.2936 0.08301
39.3501 39.3419 0.08304
39.3622 39.3540 0.08304
39.4227 39.3782 0.08304
39.4589 39.3902 0.08341
39.4468 39.4144 0.08331
39.4589 39.4023 0.08341
39.4831 39.4023 0.08331
39.4952 39.4506 0.08348
39.5677 39.4748 0.08369
39.5677 39.4868 0.08379
39.5798 39.4868 0.08423
39.6160 39.5231 0.08419
39.6160 39.4989 0.08416
39.6281 39.5231 0.08372
39.6281 39.5472 0.08423
39.6644 39.5351 0.08447
39.6765 39.5472 0.08430
39.7006 39.5472 0.08443
39.7490 39.6076 0.08447
39.7369 39.6317 0.08430
39.7853 39.6317 0.08470
39.7973 39.6438 0.08487
39.7853 39.6438 0.08484
39.8094 39.6679 0.08487
39.8215 39.6679 0.08518
39.8578 39.6438 0.08508
39.8578 39.6800 0.08501
39.8578 39.6800 0.08528
39.8699 39.6921 0.08531
39.9303 39.6921 0.08545
39.9182 39.6921 0.08538
39.9303 39.7283 0.08586
39.9545 39.7645 0.08569
39.9665 39.7404 0.08565
39.9545 39.7404 0.08586
39.9665 39.7766 0.08596
39.9907 39.7645 0.08592
40.0149 39.7887 0.08596
40.0391 39.7766 0.08606
40.0511 39.7887 0.08596
40.0511 39.8128 0.08575
40.0511 39.7887 0.08592
40.0995 39.8128 0.08616
40.0874 39.8370 0.08626
40.0995 39.7887 0.08640
40.0995 39.8370 0.08616
40.1116 39.8370 0.08620
40.1116 39.8491 0.08643
40.1478 39.8732 0.08643
40.1478 39.8732 0.08647
40.1720 39.8732 0.08653
40.1720 39.8732 0.08640
40.1720 39.8974 0.08657
40.2324 39.8974 0.08650
40.2083 39.8853 0.08677
40.2083 39.8853 0.08660
40.2204 39.9215 0.08691
40.2566 39.9336 0.08698
40.2445 39.9336 0.08681
40.2566 39.9094 0.08708
40.2445 39.9336 0.08701
40.2445 39.9336 0.08711
40.2929 39.9698 0.08711
40.2808 39.9457 0.08708
40.2929 39.9698 0.08721
40.3291 39.9698 0.08721
40.3050 39.9939 0.08728
40.3050 39.9939 0.08721
40.3291 39.9819 0.08718
40.3170 39.9939 0.08718
40.3170 40.0060 0.08745
40.3533 40.0302 0.08738
40.3412 40.0422 0.08752
40.3775 40.0181 0.08742
40.3533 40.0060 0.08742
40.3775 40.0422 0.08772
40.3896 40.0543 0.08735
40.3654 40.0422 0.08731
40.4016 40.0422 0.08772
40.3896 40.0664 0.08759
40.4137 40.0543 0.08779
40.4137 40.0664 0.08803
40.4258 40.0543 0.08806
40.4258 40.0785 0.08762
40.4742 40.0785 0.08799
40.4862 40.0664 0.08775
40.4862 40.0785 0.08786
40.4379 40.0664 0.08789
40.4862 40.1268 0.08786
40.4500 40.1026 0.08806
40.4862 40.0664 0.08816
40.4742 40.0905 0.08820
40.5225 40.0785 0.08826
40.5225 40.1147 0.08809
40.4983 40.1268 0.08847
40.5104 40.1268 0.08830
40.5225 40.1268 0.08847
40.5346 40.1268 0.08857
40.5467 40.1388 0.08830
40.5467 40.1509 0.08826
40.5709 40.1509 0.08853
40.5225 40.1630 0.08870
40.5709 40.1268 0.08847
40.5709 40.1388 0.08850
40.5709 40.1751 0.08853
40.5829 40.1630 0.08870
40.6071 40.1630 0.08860
40.5709 40.1630 0.08867
40.5467 40.1992 0.08891
40.5709 40.1509 0.08853
40.5950 40.1630 0.08860
40.6071 40.1871 0.08864
40.6313 40.1871 0.08870
40.6071 40.1751 0.08881
40.6071 40.2113 0.08887
40.6192 40.2234 0.08874
40.6192 40.2234 0.08881
40.6071 40.1992 0.08864
40.6313 40.2234 0.08884
40.6555 40.2113 0.08884
40.6796 40.1992 0.08884
40.6917 40.2234 0.08904
40.6434 40.2113 0.08891
40.6555 40.2354 0.08877
40.6555 40.2234 0.08891
40.6796 40.2475 0.08898
40.7038 40.2234 0.08887
40.7038 40.2717 0.08877
40.7280 40.2234 0.08877
40.6796 40.2596 0.08925
40.7159 40.2475 0.08901
40.7038 40.2475 0.08894
40.7038 40.2596 0.08925
40.7280 40.2596 0.08931
40.7038 40.2596 0.08908
40.7280 40.2596 0.08901
40.7159 40.3079 0.08931
40.7642 40.2717 0.08911
40.7401 40.2958 0.08931
40.7401 40.3079 0.08935
40.7401 40.2958 0.08931
40.7521 40.2958 0.08931
40.7401 40.3079 0.08931
40.7763 40.2958 0.08928
40.7642 40.3079 0.08959
40.7763 40.2958 0.08942
40.8005 40.2958 0.08948
40.7763 40.3200 0.08925
40.7763 40.3200 0.08955
40.7884 40.3200 0.08979
40.7642 40.3320 0.08955
40.7884 40.3200 0.08938
40.8247 40.3200 0.08942
40.8005 40.3200 0.08972
40.8247 40.3441 0.08955
40.8609 40.3441 0.08959
40.8126 40.3200 0.08962
40.8367 40.3441 0.08942
40.8609 40.3683 0.08955
40.8247 40.3562 0.08952
40.8367 40.3683 0.08999
40.8488 40.3683 0.08965
40.8247 40.3441 0.08969
40.8609 40.3320 0.08979
40.8609 40.3924 0.08976
40.8488 40.3562 0.09006
40.8488 40.3924 0.09009
40.8730 40.3683 0.09003
40.8851 40.3924 0.08993
40.8730 40.3924 0.08976
40.8851 40.3803 0.08965
40.9214 40.3924 0.08986
40.8972 40.3803 0.09009
40.8972 40.3683 0.08979
40.9093 40.4165 0.08989
40.9093 40.3683 0.09023
40.9214 40.4045 0.09009
40.9093 40.4045 0.09043
40.9093 40.4165 0.09009
40.9214 40.4165 0.09030
40.9214 40.4165 0.09003
40.9214 40.3924 0.09020
40.9214 40.4045 0.09016
40.9214 40.4407 0.09033
40.9455 40.4528 0.09030
40.9455 40.4407 0.09037
40.9214 40.4045 0.09026
40.9214 40.4165 0.09047
40.9455 40.4528 0.09037
40.9455 40.4528 0.09033
40.9214 40.4528 0.09020
40.9697 40.4165 0.09040
40.9697 40.4286 0.09023
40.9697 40.4528 0.09060
40.9697 40.4286 0.09060
40.9818 40.4165 0.09043
40.9697 40.4648 0.09043
40.9818 40.4648 0.09047
40.9818 40.4648 0.09040
40.9818 40.5011 0.09033
41.0180 40.4769 0.09054
40.9818 40.4528 0.09043
40.9939 40.4528 0.09060
40.9818 40.5011 0.09071
40.9939 40.4890 0.09084
40.9939 40.4769 0.09074
40.9818 40.5011 0.09087
41.0060 40.5373 0.09064
41.0180 40.4769 0.09074
41.0180 40.5011 0.09091
41.0422 40.5011 0.09064
41.0180 40.5011 0.09060
41.0422 40.5131 0.09067
41.0422 40.5011 0.09071
41.0180 40.5131 0.09074
41.0422 40.4769 0.09081
41.0301 40.5131 0.09087
41.0301 40.5131 0.09067
41.0543 40.5494 0.09084
41.0785 40.5131 0.09081
41.0422 40.5131 0.09077
41.0664 40.5373 0.09108
41.0664 40.5131 0.09087
41.0785 40.5011 0.09115
41.0906 40.5373 0.09077
41.0785 40.5252 0.09091
41.0906 40.5373 0.09081
41.0906 40.5856 0.09091
41.0785 40.5373 0.09098
41.0906 40.5252 0.09104
41.0906 40.5131 0.09111
41.1026 40.5494 0.09091
41.1147 40.5494 0.09101
41.1147 40.5614 0.09094
41.1147 40.5494 0.09094
41.1026 40.5494 0.09101
41.0785 40.5735 0.09098
41.1026 40.5735 0.09111
41.1268 40.5614 0.09104
41.1147 40.5614 0.09101
41.1389 40.5977 0.09121
41.1389 40.5977 0.09084
41.1268 40.5977 0.09101
41.1268 40.5614 0.09115
41.1631 40.5614 0.09111
41.1510 40.5735 0.09118
41.1631 40.5977 0.09111
41.1389 40.5494 0.09098
41.1389 40.6097 0.09125
41.1147 40.5614 0.09121
41.1510 40.5856 0.09098
41.1631 40.5977 0.09125
41.1752 40.5977 0.09132
41.1631 40.5977 0.09121
41.1510 40.5977 0.09135
41.1752 40.5977 0.09118
41.1631 40.5856 0.09121
41.1631 40.6097 0.09138
41.1752 40.6097 0.09115
41.1872 40.6218 0.09145
41.1752 40.6460 0.09135
41.1752 40.6097 0.09155
41.1752 40.6097 0.09118
41.2114 40.6218 0.09118
41.1993 40.6097 0.09135
41.2114 40.6339 0.09115
41.1993 40.6097 0.09128
41.1993 40.6460 0.09132
41.1872 40.6580 0.09128
41.2114 40.6339 0.09138
41.2114 40.5977 0.09135
41.2356 40.6460 0.09128
41.1993 40.6218 0.09121
41.2235 40.6097 0.09165
41.2356 40.6460 0.09142
41.1872 40.6339 0.09135
41.2235 40.6218 0.09125
41.2477 40.6701 0.09121
41.2356 40.6701 0.09128
41.2477 40.6701 0.09128
41.2477 40.6460 0.09125
41.2598 40.6580 0.09142
41.2598 40.6580 0.09115
41.2598 40.6460 0.09111
41.2356 40.6460 0.09121
41.2598 40.6460 0.09159
41.2839 40.6943 0.09128
41.2477 40.6701 0.09159
41.2719 40.7063 0.09118
41.2839 40.6580 0.09165
41.2598 40.6580 0.09142
41.2719 40.6701 0.09162
41.2719 40.6701 0.09159
41.2719 40.6580 0.09142
41.2598 40.6943 0.09152
41.2477 40.6943 0.09155
41.2960 40.6822 0.09169
41.2960 40.6580 0.09159
41.2960 40.6943 0.09159
41.2719 40.7063 0.09165
41.3081 40.7184 0.09165
41.2719 40.6943 0.09169
41.2960 40.7063 0.09162
41.3081 40.7063 0.09186
41.2960 40.7063 0.09172
41.2960 40.6943 0.09176
41.3202 40.7063 0.09162
41.3081 40.6943 0.09196
41.3081 40.7305 0.09182
41.2839 40.7063 0.09159
41.3444 40.7305 0.09172
41.3202 40.7305 0.09193
41.3444 40.7305 0.09162
41.3081 40.6943 0.09155
41.3202 40.7063 0.09155
41.3202 40.7426 0.09165
41.3565 40.7063 0.09186
41.3323 40.7305 0.09186
41.3565 40.7426 0.09172
41.3202 40.7667 0.09162
41.3444 40.7546 0.09203
41.3685 40.7546 0.09189
41.3927 40.7546 0.09199
41.3685 40.7426 0.09196
41.3565 40.7546 0.09186
41.3444 40.7667 0.09176
41.3685 40.7426 0.09162
41.3565 40.7426 0.09176
41.3927 40.7426 0.09203
41.3685 40.7546 0.09186
41.3565 40.7546 0.09179
41.3685 40.7667 0.09159
41.3927 40.7788 0.09186
41.3565 40.7426 0.09186
41.3806 40.7546 0.09182
41.3685 40.7908 0.09213
41.3565 40.7546 0.09203
41.4048 40.7426 0.09189
41.3927 40.7546 0.09193
41.4048 40.7546 0.09186
41.3806 40.7546 0.09179
41.3927 40.7546 0.09210
41.3806 40.7667 0.09196
41.3927 40.7546 0.09213
41.4169 40.7426 0.09189
41.4290 40.8029 0.09206
41.4290 40.8029 0.09186
41.4048 40.7908 0.09199
41.4048 40.7788 0.09179
32.7632 34.7537 0.05822
33.0170 34.9469 0.06087
33.2466 35.1401 0.06120
33.6817 35.4540 0.06100
33.9597 35.5989 0.06182
34.1168 35.7438 0.06222
34.5157 36.0698 0.06388
39.6886 39.4868 0.08650
39.6644 39.5110 0.08369
39.7127 39.4748 0.08352
39.6886 39.4868 0.08321
39.6644 39.4989 0.08345
32.7390 34.7537 0.05849
32.9928 34.9469 0.05934
33.2104 35.1039 0.05978
33.4038 35.2850 0.06070
33.6576 35.4058 0.06144
33.8630 35.5627 0.06202
34.0322 35.6955 0.06256
34.2256 35.8163 0.06304
34.4069 35.9491 0.06388
34.5882 36.0940 0.06449
34.7453 36.1785 0.06460
34.9024 36.2992 0.06541
35.0596 36.3838 0.06595
35.2167 36.4924 0.06636
35.3496 36.6252 0.06680
35.5067 36.7218 0.06721
35.6155 36.8064 0.06778
35.7606 36.8788 0.06812
35.8814 36.9512 0.06863
35.9781 37.0478 0.06927
36.0748 37.1324 0.06955
36.2198 37.1686 0.07009
36.3286 37.2652 0.07043
36.4495 37.3256 0.07090
36.5220 37.3738 0.07104
36.6428 37.4221 0.07165
36.7275 37.5308 0.07175
36.8121 37.5550 0.07209
36.9208 37.6153 0.07246
36.9813 37.6999 0.07287
37.0538 37.7240 0.07345
37.1626 37.7481 0.07334
37.2955 37.8689 0.07358
37.3318 37.9051 0.07473
37.4526 37.9413 0.07772
37.4647 37.9896 0.07670
42.5651 41.6240 0.09742
42.5530 41.5757 0.09701
42.4926 41.5877 0.09688
42.5651 41.6723 0.09589
42.6134 41.6360 0.09698
42.5651 41.6119 0.09718
42.5530 41.5877 0.09691
42.4805 41.5757 0.09661
42.5530 41.6481 0.09599
42.5772 41.6360 0.09667
42.5530 41.6119 0.09694
42.5288 41.5877 0.09694
42.5167 41.5636 0.09694
42.4805 41.5757 0.09576
42.5772 41.6602 0.09637
42.5651 41.5998 0.09701
42.5651 41.5877 0.09684
42.5288 41.5998 0.09694
42.5288 41.5636 0.09684
33.9718 35.5869 0.06412
34.2014 35.7318 0.06554
34.4311 35.9129 0.06521
37.7548 38.0138 0.07955
37.7910 38.0138 0.07877
37.7669 38.0379 0.07867
37.7789 38.0259 0.07863
37.7789 38.0379 0.07809
37.7306 38.0259 0.07840
37.7306 38.0379 0.07826
37.7427 37.9896 0.07809
37.7789 38.0259 0.07802
37.7789 38.0500 0.07826
37.7306 38.0017 0.07806
37.7789 38.0259 0.07816
37.7669 38.0017 0.07806
37.7306 38.0500 0.07826
37.7306 38.0138 0.07799
37.7306 38.0138 0.07802
37.7306 37.9896 0.07806
37.7669 38.0259 0.07796
37.7548 37.9896 0.07826
37.7427 38.0138 0.07806
37.7306 38.0017 0.07806
37.7306 37.9534 0.07802
37.7548 37.9896 0.07799
37.7669 37.9896 0.07721
37.7789 38.0379 0.07796
37.7306 38.0259 0.07816
37.7306 37.9896 0.07782
37.7306 37.9896 0.07799
37.7548 37.9896 0.07802
37.7306 37.9896 0.07816
37.7669 37.9655 0.07775
37.7669 38.0500 0.07819
37.7306 38.0017 0.07816
37.7306 37.9896 0.07829
37.8031 38.0138 0.07782
37.7789 38.0017 0.07806
37.7669 38.0017 0.07792
37.7548 37.9776 0.07809
37.7427 38.0017 0.07816
37.7306 38.0138 0.07792
37.7669 38.0017 0.07802
37.7306 38.0017 0.07782
37.7306 38.0017 0.07792
37.7427 38.0017 0.07802
37.7306 38.0017 0.07809
37.7789 38.0138 0.07813
37.7548 37.9896 0.07806
37.7548 38.0017 0.07826
37.7548 38.0138 0.07819
37.7669 37.9896 0.07806
37.7910 38.0017 0.07802
37.7548 37.9896 0.07819
37.8031 38.0017 0.07806
37.8877 38.0500 0.07768
37.8394 38.0742 0.07857
37.8273 38.0017 0.07826
37.7910 38.0259 0.07809
37.7789 38.0017 0.07819
37.7910 38.0379 0.07829
37.8031 38.0259 0.07823
37.8273 38.0138 0.07816
37.8152 38.0138 0.07829
37.8031 38.0379 0.07826
37.8152 38.0500 0.07833
37.8394 38.0500 0.07826
37.8273 38.0742 0.07826
37.8394 38.0862 0.07823
37.8515 38.0500 0.07826
37.8031 38.0379 0.07826
37.8756 38.0379 0.07846
37.8515 38.0621 0.07796
37.8877 38.0862 0.07802
37.8998 38.1345 0.07890
37.8515 38.0983 0.07850
37.8877 38.0862 0.07853
37.8756 38.0862 0.07850
37.8394 38.0983 0.07870
37.9240 38.1104 0.07860
37.8998 38.1345 0.07887
37.9240 38.0983 0.07880
37.9119 38.1104 0.07877
37.9361 38.1466 0.07867
37.9119 38.1466 0.07857
37.9240 38.1466 0.07867
37.9240 38.1466 0.07826
37.9482 38.1707 0.07850
37.9602 38.1828 0.07857
37.9602 38.1466 0.07857
38.0086 38.1828 0.07867
37.9965 38.1707 0.07884
37.9844 38.1587 0.07870
37.9844 38.1949 0.07880
38.0207 38.1949 0.07867
38.0207 38.2311 0.07880
38.0207 38.2190 0.07918
38.0207 38.2190 0.07863
38.0328 38.2190 0.07853
38.0328 38.2311 0.07850
38.0448 38.2553 0.07850
38.0811 38.2673 0.07843
38.1053 38.2673 0.07836
38.0811 38.2673 0.07846
38.0811 38.2794 0.07860
38.0932 38.2673 0.07846
38.1174 38.2673 0.07850
38.1053 38.2915 0.07802
38.1174 38.2673 0.07809
38.1174 38.2673 0.07782
38.1415 38.2915 0.07772
38.1294 38.3156 0.07819
38.1657 38.2915 0.07823
38.1657 38.2794 0.07802
38.1778 38.2915 0.07860
38.1899 38.3398 0.07850
38.1899 38.3277 0.07890
38.1899 38.3398 0.07863
38.2020 38.3277 0.07846
38.2382 38.3398 0.07884
38.2503 38.3881 0.07826
38.2382 38.3881 0.07880
38.2261 38.3639 0.07867
38.2624 38.3398 0.07816
38.2503 38.3639 0.07880
38.2745 38.3881 0.07894
38.2503 38.3639 0.07897
38.2866 38.4002 0.07887
38.2745 38.3881 0.07901
38.2987 38.4243 0.07894
38.2866 38.3881 0.07860
38.2745 38.3760 0.07894
38.2866 38.4122 0.07931
38.3107 38.4243 0.07911
38.3107 38.4243 0.07924
38.3228 38.4243 0.07897
38.3349 38.4364 0.07907
38.3470 38.4122 0.07901
38.3591 38.4243 0.07924
38.3591 38.4485 0.07904
38.3591 38.4243 0.07907
38.3833 38.4485 0.07894
38.3833 38.4122 0.07840
38.3591 38.4364 0.07836
38.3591 38.4847 0.07816
38.3712 38.4485 0.07806
38.4074 38.4605 0.07775
38.4074 38.4726 0.07826
38.4074 38.4726 0.07758
38.4195 38.4847 0.07751
38.4316 38.4847 0.07724
38.4437 38.4967 0.07772
38.4316 38.5209 0.07785
38.4558 38.5209 0.07758
38.4679 38.5088 0.07755
38.4679 38.5209 0.07758
38.4799 38.5450 0.07775
38.4679 38.5209 0.07789
35.0596 36.4200 0.06709
35.1683 36.4924 0.06714
35.2771 36.5770 0.06734
35.3738 36.6373 0.06821
35.4584 36.6977 0.06887
35.5672 36.7581 0.06887
35.6155 36.8064 0.06933
35.7726 36.8667 0.06948
35.8452 36.9392 0.06948
35.9418 36.9754 0.06999
35.9902 37.0358 0.07009
36.0990 37.0478 0.07050
36.1594 37.1565 0.07070
36.2561 37.2169 0.07116
36.3770 37.2893 0.07019
36.4495 37.3256 0.07131
36.5220 37.3738 0.07217
36.6066 37.4221 0.07472
36.7275 37.4463 0.07487
36.7637 37.4946 0.07334
38.8184 38.6899 0.08616
38.7821 38.7020 0.08184
38.7942 38.7262 0.08092
38.7942 38.7624 0.08067
38.7821 38.7262 0.08031
34.0806 35.6231 0.06188
34.4432 35.9129 0.06249
34.6124 36.0698 0.06307
34.7937 36.2147 0.06392
35.1683 36.4924 0.08982
35.5309 36.7460 0.06914
35.7122 36.8426 0.06843
38.7096 38.6537 0.08108
38.6975 38.6537 0.08087
38.6975 38.6658 0.08080
38.6975 38.6779 0.08053
38.6612 38.6658 0.08043
38.6975 38.7020 0.08060
38.7458 37.5429 0.07972
38.7096 38.7262 0.07989
38.6854 38.6899 0.07972
38.6975 38.7262 0.08023
38.7338 38.6779 0.07985
38.7096 38.6779 0.08016
38.7217 38.6779 0.08009
38.7096 38.6899 0.08036
38.6975 38.6779 0.08053
38.6975 38.6899 0.08046
38.7096 38.7020 0.08002
38.7096 38.7020 0.07985
38.6975 38.6899 0.07992
38.6975 38.6779 0.08019
38.7338 38.6899 0.08036
38.6975 38.7141 0.08046
38.7217 38.7141 0.08050
38.7579 38.7141 0.07989
38.7579 38.6899 0.07992
38.7458 38.7141 0.08026
38.7217 38.7020 0.08063
38.7579 38.7262 0.08030
38.7700 38.7020 0.08019
38.7579 38.7141 0.08026
38.7458 38.7141 0.08040
38.7579 38.7503 0.08009
38.7579 38.7503 0.08053
38.7942 38.7262 0.08053
38.7579 38.7382 0.08060
38.7700 38.7503 0.08063
38.7942 38.7262 0.08077
38.7942 38.7503 0.08094
38.8063 38.7624 0.08104
38.7942 38.7986 0.08016
38.8909 38.6416 0.08016
36.8362 37.2169 0.07548
36.8604 37.1927 0.07751
36.8362 37.1686 0.07568
36.8362 37.2169 0.07589
36.8604 37.2169 0.07582
36.8362 37.1686 0.07568
36.8483 37.2048 0.07602
36.8241 37.2048 0.07592
36.8121 37.2048 0.07599
36.8604 37.1686 0.07562
36.8241 37.2048 0.07599
36.8604 37.2048 0.07579
36.8483 37.2290 0.07538
36.8604 37.2048 0.07534
36.8241 37.2169 0.07565
38.4195 38.4847 0.08328
38.2624 38.2915 0.08226
39.4952 39.3782 0.08423
39.4952 39.4144 0.08586
39.4952 39.3419 0.08660
39.5919 39.4385 0.08382
39.6040 39.4506 0.08416
39.5798 39.4506 0.08467
39.6765 39.4989 0.08630
35.7485 36.4079 0.07378
35.7847 36.3958 0.07314
35.7606 36.4079 0.07290
35.7243 36.4321 0.07277
35.7606 36.4079 0.07270
34.8299 36.1906 0.06721
34.9870 36.2872 0.06717
35.0837 36.3355 0.06819
35.2167 36.4441 0.06873
35.3617 36.4924 0.06911
35.4705 36.6132 0.06948
35.5914 36.6856 0.06982
35.7001 36.7460 0.07016
35.8089 36.7822 0.07067
35.8935 36.8788 0.07114
36.0385 36.9754 0.07168
36.1231 37.0116 0.07202
36.2319 37.0720 0.07236
36.3407 37.1565 0.07270
36.4011 37.2290 0.07280
36.4978 37.2773 0.07341
36.5703 37.2652 0.07375
36.6428 37.3376 0.07409
36.7516 37.4221 0.07429
36.8362 37.4704 0.07460
36.8725 37.5067 0.07487
36.9571 37.5429 0.07501
37.0417 37.5791 0.07538
37.1384 37.6033 0.07551
37.1746 37.6636 0.07636
37.2592 37.7240 0.07636
37.2955 37.7481 0.07670
37.3680 37.7964 0.07687
37.4405 37.8206 0.07690
37.4647 37.8689 0.07721
37.5131 37.9051 0.07762
37.5856 37.9413 0.07779
37.6339 37.9413 0.07796
37.6943 37.9776 0.07816
37.7306 38.0379 0.07816
37.7789 38.0379 0.07826
37.8273 38.0742 0.07877
37.8756 38.1104 0.07880
37.8877 38.1224 0.07904
37.9361 38.1828 0.07901
37.9844 38.1828 0.07904
38.0448 38.1949 0.07931
38.0690 38.2311 0.07945
38.0932 38.2915 0.07965
38.1415 38.2794 0.07965
38.2020 38.3036 0.07985
38.2382 38.3277 0.07985
38.2745 38.3277 0.08006
38.2745 38.3760 0.07985
38.3107 38.4122 0.08026
38.3953 38.4122 0.08019
38.3712 38.4726 0.08019
38.4437 38.5209 0.08050
38.4799 38.4847 0.08074
38.4920 38.5209 0.08097
38.5041 38.5330 0.08070
38.5525 38.5813 0.08135
38.5645 38.6175 0.08108
38.6008 38.6296 0.08121
38.6250 38.6175 0.08131
38.6733 38.6658 0.08148
38.6854 38.7141 0.08162
38.7458 38.7382 0.08152
38.7579 38.7624 0.08192
38.7942 38.7503 0.08169
38.7942 38.7745 0.08196
38.8184 38.8107 0.08185
38.8184 38.8228 0.08189
38.8788 38.8228 0.08236
38.8909 38.8710 0.08199
38.9392 38.8469 0.08247
38.9513 38.9073 0.08250
38.9634 38.8952 0.08250
38.9876 38.9435 0.08284
38.9996 38.9556 0.08287
39.0480 38.9918 0.08301
39.0843 38.9918 0.08291
39.0843 39.0280 0.08301
39.0963 39.0401 0.08331
39.0963 39.0401 0.08328
39.1326 39.0642 0.08365
39.1326 39.0642 0.08331
39.1930 39.1005 0.08355
39.2293 39.1005 0.08379
39.2293 39.1246 0.08352
39.2293 39.1488 0.08375
39.2655 39.1488 0.08362
39.2776 39.1608 0.08399
39.3260 39.1850 0.08389
39.3381 39.1971 0.08433
39.3381 39.2574 0.08423
39.3501 39.2574 0.08416
39.3381 39.2453 0.08426
39.3743 39.2816 0.08433
39.4227 39.2695 0.08470
39.4227 39.3178 0.08460
39.4710 39.3178 0.08447
39.4710 39.3178 0.08460
39.4710 39.3540 0.08477
39.4710 39.3902 0.08480
39.5314 39.3540 0.08501
39.5435 39.3782 0.08514
39.5435 39.3782 0.08518
39.5314 39.4023 0.08535
39.5677 39.4144 0.08552
39.5919 39.4385 0.08542
39.5919 39.4506 0.08535
39.6040 39.4144 0.08569
39.6402 39.4506 0.08548
39.6402 39.4385 0.08569
39.6644 39.4868 0.08552
39.6644 39.4748 0.08579
39.6523 39.4989 0.08579
39.6765 39.4868 0.08572
39.6886 39.5231 0.08620
39.6886 39.4868 0.08603
39.7127 39.4989 0.08609
39.7369 39.5351 0.08609
39.7248 39.5351 0.08640
39.7127 39.5472 0.08626
39.7611 39.5834 0.08620
39.7490 39.5472 0.08636
39.7973 39.5593 0.08630
39.7973 39.5955 0.08653
39.8094 39.5593 0.08653
39.8215 39.5714 0.08643
39.8336 39.5834 0.08653
39.7853 39.5714 0.08650
39.8215 39.6076 0.08667
39.8819 39.5955 0.08647
39.8699 39.6076 0.08667
39.8578 39.6197 0.08650
39.8819 39.5955 0.08670
39.9303 39.6438 0.08698
39.9061 39.6317 0.08711
39.9061 39.6559 0.08691
39.8940 39.6559 0.08708
39.9061 39.6800 0.08694
39.9545 39.6679 0.08616
39.9424 39.6921 0.08633
39.9786 39.7162 0.08609
39.9786 39.6800 0.08647
40.0028 39.7162 0.08677
40.0270 39.7283 0.08698
40.0511 39.7283 0.08684
40.0270 39.7042 0.08704
40.0149 39.7283 0.08708
40.0511 39.6800 0.08718
40.0511 39.6800 0.08728
40.0632 39.7645 0.08738
40.0995 39.7525 0.08769
40.0511 39.6921 0.08772
40.0753 39.7645 0.08698
40.0511 39.7525 0.08765
40.1116 39.7283 0.08765
40.1237 39.7404 0.08769
40.1478 39.7766 0.08755
40.0995 39.7645 0.08752
40.1116 39.7766 0.08759
40.1478 39.7766 0.08742
40.1599 39.8008 0.08779
40.1599 39.8128 0.08789
40.1720 39.8008 0.08779
40.1962 39.7766 0.08901
40.1962 39.7887 0.08762
40.1720 39.8128 0.08792
40.1841 39.8128 0.08755
40.1599 39.8008 0.08799
40.1599 39.8128 0.08775
40.1720 39.7766 0.08779
40.1962 39.8370 0.08860
40.2445 39.8249 0.08840
40.1962 39.8128 0.08823
40.2204 39.8249 0.08833
40.2324 39.8370 0.08833
40.2324 39.8249 0.08857
40.2324 39.8128 0.08867
40.2445 39.8491 0.08857
40.2445 39.8611 0.08864
40.2687 39.8249 0.08870
40.2566 39.8370 0.08864
40.2566 39.8611 0.08867
40.2566 39.8732 0.08874
40.2929 39.8732 0.08870
40.2445 39.8732 0.08857
40.2687 39.8853 0.08864
40.2687 39.8853 0.08850
40.2929 39.8611 0.08864
40.3050 39.8974 0.08904
40.3050 39.8974 0.08881
40.3170 39.8853 0.08898
40.3291 39.8974 0.08877
40.3412 39.8974 0.08894
40.3775 39.8853 0.08911
40.3533 39.8974 0.08911
40.3412 39.9215 0.08901
40.3412 39.8853 0.08874
40.3533 39.9457 0.08918
40.3896 39.8732 0.08901
40.3412 39.9215 0.08898
40.3896 39.9094 0.08925
40.3654 39.9336 0.08904
40.3775 39.9457 0.08918
40.4016 39.9577 0.08931
40.4016 39.9336 0.08921
40.4016 39.9577 0.08928
40.4016 39.9698 0.08925
40.4137 39.9336 0.08959
40.4016 39.9698 0.08918
40.4258 39.9577 0.08935
40.3896 39.9336 0.08935
40.4379 39.9939 0.08915
40.4016 39.9698 0.08935
40.4258 39.9577 0.08931
40.4379 39.9819 0.08945
40.4258 39.9819 0.08945
40.4500 39.9698 0.08948
40.4500 39.9698 0.08948
40.4379 39.9939 0.08938
40.4742 39.9819 0.08935
40.4621 40.0302 0.08945
40.4742 39.9698 0.08952
40.4500 39.9939 0.08955
40.4862 40.0302 0.08976
40.4862 40.0060 0.08952
40.4983 40.0181 0.08942
40.4983 40.0181 0.08972
40.4983 39.9939 0.08969
40.4983 40.0181 0.08942
40.5104 40.0422 0.08955
40.4983 40.0543 0.08986
40.5225 40.0302 0.08948
40.5104 40.0422 0.08969
40.5104 40.0664 0.08965
40.4983 40.0422 0.08989
40.5346 40.0664 0.08965
40.5467 40.0422 0.08993
40.5104 40.0543 0.08972
40.5346 40.0302 0.08982
40.5346 40.0543 0.08986
40.5104 40.0785 0.08979
40.5346 40.0302 0.08972
40.5467 40.0543 0.08959
40.5346 40.0664 0.08986
40.5467 40.0785 0.09006
40.5950 40.0422 0.08976
40.5588 40.0785 0.09003
40.5950 40.0905 0.09016
40.5950 40.0905 0.09009
40.5950 40.0664 0.08999
40.6071 40.0905 0.09023
40.5950 40.0785 0.09006
40.5829 40.0785 0.09013
40.5950 40.1026 0.09023
40.5950 40.1147 0.09023
40.5950 40.0905 0.09006
40.5950 40.1026 0.09020
40.6192 40.1147 0.09003
40.6313 40.0905 0.09026
40.6071 40.1268 0.09016
40.6434 40.1388 0.09016
40.6313 40.1268 0.09020
40.6313 40.0905 0.09013
40.6434 40.1026 0.09026
40.6313 40.1268 0.09026
40.6555 40.1509 0.09009
40.6313 40.1388 0.09020
40.6313 40.1509 0.09023
40.6796 40.1268 0.09016
40.6675 40.1268 0.09016
40.6675 40.1388 0.09030
40.6555 40.1630 0.09033
40.6796 40.1630 0.09043
40.6796 40.1509 0.09030
40.6796 40.1509 0.09033
40.7038 40.1630 0.09030
40.6796 40.1388 0.09043
40.6796 40.1630 0.09050
40.6917 40.1509 0.09040
40.7038 40.1509 0.09064
40.7401 40.1751 0.09057
40.7280 40.2234 0.09037
40.6796 40.1630 0.09050
40.7401 40.1630 0.09057
40.6917 40.1992 0.09047
40.7280 40.2113 0.09054
40.7280 40.1992 0.09081
40.7159 40.2113 0.09084
40.7280 40.2113 0.09054
40.7280 40.1871 0.09067
40.7280 40.2113 0.09064
40.7280 40.1751 0.09040
40.7280 40.1992 0.09074
40.7521 40.2113 0.09074
40.7521 40.1871 0.09067
40.7280 40.1751 0.09067
40.7521 40.2596 0.09060
40.7642 40.2113 0.09087
40.7763 40.2234 0.09064
40.7763 40.2475 0.09050
40.7763 40.2234 0.09087
40.8126 40.2234 0.09071
40.7642 40.2596 0.09087
40.8005 40.2234 0.09094
40.8005 40.2113 0.09077
40.7763 40.2234 0.09098
40.8126 40.2234 0.09071
40.8126 40.2475 0.09101
40.7884 40.2475 0.09081
40.7763 40.2475 0.09064
40.7884 40.2475 0.09094
40.8247 40.2717 0.09071
40.8247 40.2596 0.09081
40.8247 40.2475 0.09101
40.8126 40.2596 0.09074
40.8247 40.2596 0.09074
40.8367 40.2596 0.09104
40.8247 40.2958 0.09111
40.8126 40.2475 0.09077
40.8247 40.2354 0.09101
40.8367 40.2596 0.09108
40.8730 40.2596 0.09104
40.8126 40.2837 0.09094
40.8488 40.2958 0.09108
40.8730 40.2717 0.09125
40.8247 40.2475 0.09108
40.8851 40.2596 0.09094
40.8730 40.2717 0.09118
40.8609 40.2958 0.09108
40.8851 40.2958 0.09135
40.8609 40.2958 0.09132
40.8730 40.2837 0.09121
40.8851 40.3200 0.09135
40.8851 40.2717 0.09104
40.8972 40.3079 0.09118
40.8730 40.3200 0.09101
40.8972 40.2958 0.09111
40.8730 40.2958 0.09101
40.8609 40.3200 0.09121
40.8730 40.3200 0.09135
40.8851 40.3320 0.09121
40.8730 40.3320 0.09118
40.9214 40.3441 0.09118
40.8730 40.3200 0.09128
40.8730 40.3079 0.09121
40.8972 40.3200 0.09118
40.9214 40.3079 0.09101
40.8972 40.3200 0.09135
40.9214 40.3441 0.09138
40.9214 40.2958 0.09108
40.9214 40.3683 0.09138
40.9214 40.3320 0.09125
40.9214 40.3562 0.09128
40.8972 40.3441 0.09138
40.9214 40.3683 0.09138
40.9093 40.3200 0.09148
40.9334 40.3562 0.09142
40.8972 40.3200 0.09155
40.8972 40.3683 0.09155
40.9818 40.3924 0.09165
40.9334 40.3683 0.09155
40.9818 40.3924 0.09162
40.9818 40.3562 0.09145
40.9818 40.3803 0.09138
40.9455 40.3562 0.09186
40.9818 40.3320 0.09169
40.9697 40.3441 0.09162
40.9818 40.3683 0.09155
40.9697 40.3803 0.09182
40.9818 40.3803 0.09165
40.9939 40.3683 0.09152
40.9697 40.4045 0.09165
40.9818 40.3803 0.09162
40.9697 40.4045 0.09169
41.0060 40.4045 0.09186
41.0180 40.3803 0.09142
41.0180 40.3924 0.09165
41.0060 40.3924 0.09179
40.9697 40.4045 0.09162
40.9697 40.3803 0.09162
40.9939 40.4286 0.09206
41.0060 40.4286 0.09176
41.0060 40.3924 0.09203
40.9818 40.3924 0.09176
40.9939 40.4165 0.09176
41.0180 40.4165 0.09193
40.9939 40.4165 0.09189
41.0180 40.3562 0.09213
40.9939 40.4165 0.09189
41.0301 40.4045 0.09196
41.0422 40.4165 0.09165
41.0301 40.4528 0.09189
41.0422 40.4286 0.09199
41.0301 40.4165 0.09196
41.0422 40.4286 0.09210
41.0422 40.4045 0.09193
41.0301 40.4407 0.09240
41.0180 40.4165 0.09199
41.0301 40.4528 0.09206
41.0180 40.4407 0.09203
41.0543 40.4407 0.09223
41.0422 40.4165 0.09216
41.0301 40.4528 0.09210
41.0785 40.4165 0.09220
41.0422 40.4165 0.09220
41.0664 40.4528 0.09210
41.0422 40.4890 0.09199
41.0785 40.4286 0.09230
41.0543 40.4528 0.09226
41.0785 40.4528 0.09216
41.0906 40.4165 0.09226
41.0906 40.5131 0.09223
41.0664 40.4648 0.09213
41.0906 40.4528 0.09213
41.0906 40.4528 0.09206
41.0906 40.4528 0.09206
41.0906 40.4528 0.09257
41.0906 40.4528 0.09243
41.0906 40.4528 0.09260
41.0906 40.4648 0.09250
41.0785 40.4769 0.09264
41.0906 40.4407 0.09223
41.0785 40.4648 0.09216
41.0906 40.4648 0.09230
41.1268 40.4890 0.09247
41.1147 40.4769 0.09260
41.1026 40.5011 0.09250
41.1147 40.5131 0.09240
41.1147 40.4890 0.09247
41.1147 40.4890 0.09233
41.1147 40.4890 0.09230
41.1268 40.4648 0.09226
41.1389 40.4890 0.09257
41.1147 40.5131 0.09250
41.1631 40.5252 0.09203
41.1631 40.5494 0.09216
41.1752 40.5373 0.09226
41.1268 40.5131 0.09237
41.1268 40.5011 0.09237
41.1752 40.5252 0.09237
41.1631 40.5252 0.09237
41.1752 40.5131 0.09237
41.1752 40.5373 0.09216
41.1389 40.5131 0.09277
41.1147 40.5373 0.09226
41.1389 40.5373 0.09176
41.1752 40.5131 0.09155
41.1389 40.5494 0.09125
41.1631 40.5373 0.09142
41.1631 40.5373 0.09148
41.1268 40.5373 0.09162
41.1268 40.5494 0.09165
41.1389 40.5494 0.09142
41.1389 40.5494 0.09142
41.1389 40.5373 0.09152
41.1268 40.5373 0.09148
41.1631 40.5494 0.09125
41.1268 40.5373 0.09145
41.1389 40.5856 0.09138
41.1389 40.5373 0.09162
41.1389 40.5494 0.09142
41.1389 40.5977 0.09148
41.1631 40.5614 0.09135
41.1510 40.5494 0.09176
41.1631 40.5614 0.09169
41.1631 40.5494 0.09176
41.1631 40.6097 0.09125
41.1872 40.5494 0.09128
41.1752 40.5614 0.09165
41.1872 40.5494 0.09169
41.1752 40.5735 0.09172
41.1752 40.5614 0.09162
41.1993 40.5494 0.09162
41.1631 40.5494 0.09162
41.1631 40.5977 0.09169
41.1752 40.5856 0.09172
41.1872 40.5735 0.09176
41.1631 40.5735 0.09145
41.1872 40.5977 0.09169
41.1872 40.6218 0.09169
41.1752 40.5856 0.09182
41.1993 40.5977 0.09155
41.1993 40.6097 0.09206
41.1752 40.6097 0.09182
41.2114 40.6097 0.09182
41.1752 40.6097 0.09179
41.2114 40.6097 0.09155
41.2114 40.6097 0.09165
41.2598 40.6097 0.09169
41.2114 40.5977 0.09199
41.2356 40.6218 0.09182
41.2235 40.6097 0.09176
41.2235 40.6097 0.09176
41.2235 40.5977 0.09169
41.2114 40.6339 0.09172
41.1993 40.6097 0.09182
41.1993 40.6218 0.09196
41.2114 40.6218 0.09193
41.2235 40.6097 0.09203
41.2235 40.6460 0.09179
41.2235 40.6460 0.09220
41.2235 40.6460 0.09182
41.2235 40.6097 0.09210
41.2235 40.6460 0.09179
41.2356 40.6460 0.09186
41.2114 40.6460 0.09220
41.2477 40.6460 0.09199
41.2598 40.6460 0.09206
41.2356 40.6460 0.09189
41.2477 40.6460 0.09189
41.2356 40.6339 0.09213
41.2598 40.6218 0.09206
41.2839 40.6218 0.09189
41.2598 40.6460 0.09193
41.2719 40.6460 0.09203
41.2719 40.6097 0.09216
41.2719 40.6460 0.09213
41.2719 40.6460 0.09193
41.2477 40.6460 0.09216
41.2960 40.6580 0.09196
41.2719 40.6580 0.09216
41.2719 40.6701 0.09230
41.2719 40.6701 0.09240
41.2719 40.6580 0.09196
41.2719 40.6701 0.09182
41.3081 40.6943 0.09210
41.3081 40.6460 0.09216
41.3202 40.6580 0.09213
41.3081 40.6580 0.09189
41.2839 40.6460 0.09199
41.2839 40.6701 0.09220
41.2839 40.6701 0.09230
41.3081 40.6339 0.09223
41.3081 40.6701 0.09196
41.3081 40.7063 0.09193
41.3202 40.6701 0.09206
41.3081 40.7063 0.09210
41.3081 40.7063 0.09210
41.3081 40.6822 0.09213
41.3081 40.6822 0.09233
41.3202 40.6943 0.09199
41.2960 40.6701 0.09206
41.3444 40.6701 0.09223
41.3081 40.7305 0.09223
41.3081 40.6701 0.09216
41.3444 40.7063 0.09220
41.3444 40.6580 0.09223
41.3081 40.6460 0.09216
41.3202 40.7063 0.09213
41.3323 40.6943 0.09213
41.3202 40.6701 0.09216
41.3565 40.7063 0.09226
41.2960 40.6822 0.09223
41.3202 40.6701 0.09223
41.3685 40.7305 0.09223
41.3202 40.6701 0.09220
41.3081 40.7305 0.09233
41.3565 40.7063 0.09233
41.3323 40.6943 0.09243
41.3444 40.7063 0.09267
41.3565 40.7305 0.09233
41.3565 40.7426 0.09250
41.3444 40.7546 0.09260
41.3565 40.7305 0.09257
41.3806 40.7184 0.09220
41.3565 40.7305 0.09298
41.3565 40.7063 0.09260
41.3565 40.7184 0.09240
41.3685 40.7305 0.09247
41.3927 40.7305 0.09264
41.3806 40.7305 0.09233
41.3806 40.7184 0.09264
41.3806 40.7305 0.09243
41.3927 40.7426 0.09247
41.3444 40.7426 0.09277
41.3565 40.7184 0.09260
41.4048 40.6943 0.09257
41.4048 40.7305 0.09277
41.3806 40.7426 0.09277
41.3927 40.7305 0.09260
41.3806 40.7426 0.09267
41.3806 40.7426 0.09274
41.3685 40.7426 0.09250
41.3685 40.7546 0.09267
41.4169 40.7546 0.09288
41.3927 40.7426 0.09288
41.4048 40.7426 0.09298
41.3806 40.7426 0.09291
41.4048 40.7426 0.09277
41.3927 40.7426 0.09277
41.4048 40.7426 0.09260
41.4048 40.7667 0.09254
41.3927 40.7667 0.09277
41.4048 40.7426 0.09274
41.4048 40.7546 0.09264
41.4048 40.7667 0.09267
41.4169 40.7426 0.09284
41.4169 40.7426 0.09281
41.4531 40.7546 0.09267
41.4290 40.7546 0.09284
41.4290 40.7426 0.09284
41.4652 40.7546 0.09284
41.4290 40.7667 0.09301
41.4169 40.7546 0.09298
41.4652 40.7426 0.09308
41.4169 40.7546 0.09308
41.4531 40.7908 0.09294
41.4290 40.7667 0.09288
41.4411 40.7667 0.09304
41.4531 40.7667 0.09315
41.4169 40.7908 0.09308
41.4773 40.7546 0.09318
41.4531 40.7546 0.09315
41.4290 40.7908 0.09301
41.5015 40.8029 0.09294
41.4652 40.8271 0.09311
41.4531 40.8029 0.09311
41.4652 40.7908 0.09294
41.4894 40.8029 0.09318
41.4411 40.7667 0.09277
41.4531 40.7908 0.09311
41.4531 40.7908 0.09321
41.4652 40.7908 0.09325
41.4773 40.8029 0.09311
41.4411 40.8150 0.09298
41.4048 40.8029 0.09311
41.5015 40.8029 0.09311
41.4894 40.7908 0.09318
41.5015 40.8150 0.09308
41.4531 40.7788 0.09291
41.4531 40.8029 0.09328
41.5015 40.8029 0.09328
41.4773 40.8150 0.09321
41.5015 40.8150 0.09328
41.4773 40.8271 0.09325
41.5015 40.8029 0.09315
41.4894 40.8029 0.09311
41.5015 40.8150 0.09325
41.4894 40.8029 0.09332
41.5015 40.8271 0.09335
41.4773 40.8512 0.09338
41.5015 40.8391 0.09311
41.5136 40.8271 0.09335
41.4894 40.8391 0.09325
41.4652 40.8150 0.09332
41.5015 40.8391 0.09328
41.5015 40.8150 0.09335
41.5136 40.8271 0.09325
41.5015 40.8391 0.09311
41.5136 40.8391 0.09321
41.5015 40.8271 0.09325
41.5015 40.8391 0.09332
41.5015 40.8391 0.09321
41.5015 40.8391 0.09325
41.5015 40.8633 0.09345
41.5015 40.8150 0.09325
41.5136 40.8391 0.09318
41.5257 40.8029 0.09325
41.5377 40.8029 0.09318
41.5136 40.8512 0.09335
41.4773 40.8271 0.09325
41.5498 40.8029 0.09321
41.5498 40.8512 0.09342
41.5257 40.8391 0.09328
41.5257 40.8271 0.09328
41.5377 40.8512 0.09321
41.5619 40.8391 0.09328
41.5377 40.8754 0.09332
41.5136 40.8633 0.09349
41.5377 40.8874 0.09321
41.5498 40.8512 0.09359
41.5861 40.8874 0.09321
41.5257 40.8633 0.09342
41.5982 40.8633 0.09332
41.5619 40.8512 0.09328
41.5619 40.8633 0.09342
41.5498 40.8391 0.09328
41.5619 40.8512 0.09328
41.5861 40.8391 0.09345
41.5619 40.8633 0.09335
41.5861 40.8874 0.09345
41.5257 40.8874 0.09338
41.5498 40.8633 0.09359
41.5498 40.8512 0.09355
41.5619 40.8633 0.09359
41.5619 40.8995 0.09335
41.5498 40.8633 0.09359
41.5740 40.8512 0.09369
41.5740 40.8754 0.09338
41.5861 40.8995 0.09379
41.5861 40.8874 0.09362
41.6103 40.8512 0.09345
41.5861 40.8995 0.09352
41.6223 40.8874 0.09366
41.5740 40.8874 0.09349
41.5982 40.8754 0.09386
41.5861 40.8995 0.09386
41.6344 40.8995 0.09355
41.5861 40.8995 0.09366
41.5982 40.8874 0.09382
41.5982 40.9116 0.09376
41.5982 40.8995 0.09366
41.5982 40.8754 0.09386
41.5740 40.8995 0.09382
41.6223 40.9237 0.09372
41.5982 40.8874 0.09362
41.5982 40.8633 0.09376
41.6103 40.9116 0.09376
41.6103 40.8995 0.09382
41.6103 40.9116 0.09379
41.6103 40.8995 0.09369
41.5982 40.9237 0.09345
41.6223 40.9116 0.09382
41.5982 40.8995 0.09369
41.5982 40.8995 0.09386
41.5861 40.8995 0.09366
41.6223 40.9237 0.09372
41.6344 40.9357 0.09399
41.5982 40.9116 0.09372
41.6344 40.9237 0.09372
41.5982 40.8995 0.09382
41.6344 40.8995 0.09393
41.6465 40.8874 0.09389
41.6103 40.9237 0.09396
41.6103 40.9237 0.09393
41.6344 40.9116 0.09369
41.6586 40.9116 0.09389
41.6465 40.8995 0.09399
41.6344 40.9357 0.09406
41.6465 40.9116 0.09386
41.6465 40.9237 0.09416
41.6223 40.8995 0.09399
41.6344 40.9116 0.09413
41.6223 40.9237 0.09399
41.6586 40.9237 0.09386
41.6586 40.9357 0.09406
41.6465 40.9237 0.09386
41.6465 40.9237 0.09386
41.6465 40.9357 0.09403
41.6586 40.9116 0.09386
41.6465 40.9116 0.09399
41.6707 40.9720 0.09403
41.6465 40.9116 0.09413
41.6223 40.9237 0.09403
41.6465 40.9357 0.09403
41.6586 40.9237 0.09386
41.6465 40.8995 0.09406
41.6586 40.9357 0.09399
41.6586 40.9237 0.09389
41.6344 40.8995 0.09396
41.6586 40.9357 0.09420
41.6465 40.9357 0.09413
41.6465 40.9357 0.09382
41.6707 40.9720 0.09406
41.6707 40.9478 0.09403
41.6707 40.9478 0.09410
41.6949 40.9720 0.09416
41.6586 40.9478 0.09399
41.6707 40.9720 0.09423
41.6707 40.9357 0.09410
41.6828 40.9116 0.09413
41.6707 40.9478 0.09403
41.6949 40.9478 0.09413
41.6707 40.9116 0.09413
41.6949 40.9357 0.09396
41.6707 40.9478 0.09399
41.6949 40.9478 0.09393
41.6586 40.9599 0.09410
41.6707 40.9720 0.09420
41.6707 40.9478 0.09399
41.6828 40.9840 0.09410
41.6949 40.9478 0.09413
41.6949 40.9478 0.09430
41.6828 40.9599 0.09413
41.6707 40.9961 0.09423
41.7553 40.9840 0.09399
41.7070 40.9599 0.09430
41.6949 40.9357 0.09396
41.6949 40.9599 0.09403
41.6949 40.9961 0.09410
41.6949 40.9840 0.09420
41.6949 40.9840 0.09389
41.7190 40.9840 0.09423
41.6949 40.9961 0.09420
41.7432 40.9720 0.09427
41.6949 40.9840 0.09416
41.7190 40.9720 0.09413
41.6949 40.9840 0.09420
41.7190 40.9599 0.09440
41.7190 40.9720 0.09410
41.7190 40.9961 0.09423
41.7553 40.9840 0.09420
41.7432 40.9961 0.09423
41.6949 40.9840 0.09413
41.7070 40.9599 0.09433
41.6949 40.9599 0.09423
41.7432 40.9961 0.09443
41.7432 40.9720 0.09423
41.7190 40.9961 0.09430
41.7190 40.9961 0.09427
41.6949 40.9478 0.09416
41.7190 40.9961 0.09413
41.7190 40.9961 0.09423
41.7432 41.0203 0.09423
41.7432 40.9961 0.09430
41.7190 40.9961 0.09427
41.7432 41.0082 0.09406
41.7190 41.0082 0.09413
41.7432 40.9840 0.09423
41.7553 40.9961 0.09413
41.7190 40.9840 0.09396
41.7553 40.9840 0.09420
41.7432 40.9840 0.09420
41.7553 40.9961 0.09416
41.7432 41.0082 0.09403
41.7432 41.0082 0.09423
41.7190 41.0082 0.09420
41.7553 41.0203 0.09416
41.7795 41.0082 0.09413
41.7432 40.9961 0.09437
41.7432 40.9961 0.09399
41.7432 40.9961 0.09440
41.7553 41.0082 0.09430
41.7553 41.0082 0.09423
41.7674 40.9840 0.09437
41.7553 40.9961 0.09437
41.7674 40.9961 0.09433
41.7553 41.0203 0.09427
41.7553 40.9961 0.09410
41.7916 41.0082 0.09423
41.7553 41.0323 0.09427
41.7674 41.0444 0.09423
41.7553 41.0323 0.09433
41.7432 41.0323 0.09420
41.7795 41.0203 0.09443
41.7553 41.0323 0.09416
41.7553 40.9961 0.09427
41.7795 41.0444 0.09437
41.7916 41.0203 0.09433
41.7553 41.0323 0.09420
41.7553 41.0323 0.09443
41.7795 41.0323 0.09433
41.7553 41.0082 0.09413
41.7553 41.0686 0.09433
41.7795 41.0323 0.09443
41.7916 41.0323 0.09423
41.7553 41.0444 0.09447
41.7674 41.0323 0.09427
41.7916 41.0323 0.09454
41.7553 41.0323 0.09423
41.8036 41.0323 0.09430
41.7916 41.0323 0.09440
41.7795 41.0203 0.09450
41.7916 40.9961 0.09440
41.7916 40.9961 0.09440
41.7916 41.0444 0.09450
41.7916 41.0323 0.09440
41.8036 41.0203 0.09454
41.7795 41.0565 0.09440
41.8157 41.0444 0.09433
41.7916 41.0323 0.09457
41.7916 41.0806 0.09443
41.8399 41.0565 0.09447
41.8036 41.0323 0.09467
41.7916 41.0565 0.09437
41.8157 41.0686 0.09433
41.8036 41.0444 0.09437
41.7916 41.0323 0.09433
41.8036 41.0444 0.09454
41.7916 41.0323 0.09443
41.8036 41.0082 0.09457
41.8036 41.0686 0.09454
41.8157 41.0806 0.09464
41.7916 41.0444 0.09450
41.8399 41.0323 0.09454
41.8399 41.0444 0.09443
41.8520 41.0686 0.09454
41.8157 41.0806 0.09443
41.8157 41.0686 0.09454
41.7916 41.0686 0.09447
41.8157 41.0323 0.09467
41.8520 41.0565 0.09460
41.8520 41.0686 0.09457
41.8278 41.0444 0.09467
41.8157 41.0444 0.09454
41.8036 41.0686 0.09467
41.8036 41.0686 0.09460
41.8157 41.0686 0.09460
41.8157 41.0806 0.09464
41.8399 41.0806 0.09474
41.8036 41.0565 0.09440
41.8278 41.0806 0.09471
41.8157 41.0686 0.09440
41.8157 41.0686 0.09471
41.8641 41.0686 0.09460
41.8157 41.0444 0.09443
41.8278 41.0806 0.09454
41.8157 41.0927 0.09450
41.8520 41.0927 0.09457
41.8157 41.0927 0.09471
41.8641 41.0806 0.09443
41.8157 41.1048 0.09457
41.8641 41.0686 0.09457
41.8520 41.0806 0.09467
41.8520 41.0927 0.09464
41.8641 41.0806 0.09460
41.8641 41.0686 0.09464
41.8520 41.0927 0.09477
41.8520 41.0806 0.09467
41.8520 41.0927 0.09467
41.8520 41.0927 0.09457
41.8641 41.0927 0.09460
41.8520 41.0806 0.09474
41.8399 41.0806 0.09471
41.8520 41.0806 0.09457
41.8641 41.1169 0.09471
41.8641 41.0927 0.09471
41.8882 41.0806 0.09498
41.8641 41.0806 0.09450
41.8157 41.0686 0.09488
41.8762 41.0927 0.09474
41.8157 41.0927 0.09474
41.8641 41.0927 0.09484
41.8882 41.0686 0.09477
41.8520 41.1169 0.09467
41.8762 41.0806 0.09481
41.8520 41.0806 0.09460
41.8399 41.1048 0.09474
41.8882 41.1169 0.09498
41.9003 41.1289 0.09484
41.8520 41.0806 0.09477
41.8762 41.1169 0.09464
41.8641 41.0927 0.09440
41.8641 41.0686 0.09481
41.8882 41.1048 0.09494
41.8520 41.1169 0.09484
41.8882 41.1169 0.09474
41.8882 41.0806 0.09484
41.8882 41.1169 0.09511
41.8882 41.0686 0.09501
41.9003 41.1169 0.09508
41.9003 41.0927 0.09498
41.9003 41.1048 0.09481
41.8882 41.1289 0.09491
41.8882 41.0927 0.09477
41.9124 41.1289 0.09501
41.8882 41.0806 0.09494
41.8882 41.1048 0.09532
41.8762 41.0806 0.09494
41.9366 41.0927 0.09508
41.9245 41.0927 0.09481
41.9366 41.1169 0.09498
41.9003 41.1048 0.09491
41.8882 41.1169 0.09505
41.9003 41.1169 0.09488
41.9124 41.0806 0.09511
41.9124 41.1410 0.09505
41.9245 41.0927 0.09488
41.8882 41.1289 0.09498
41.9124 41.1289 0.09488
41.9124 41.1169 0.09528
41.9245 41.1048 0.09515
41.9124 41.1169 0.09532
41.9003 41.1410 0.09535
33.8389 35.4420 0.06517
34.0564 35.6110 0.06480
34.2498 35.7197 0.06639
37.1988 37.5550 0.07911
36.9087 37.2773 0.07765
36.8846 37.2531 0.07751
37.9240 38.0017 0.07758
37.9240 38.0017 0.07911
37.9361 38.0500 0.07975
37.9602 38.0742 0.07911
37.9240 38.0379 0.07979
37.9361 38.0017 0.07938
37.9240 38.0138 0.07975
37.9361 38.0379 0.07897
32.1226 34.1500 0.05612
32.3885 34.3311 0.05720
32.6302 34.5606 0.05778
32.8720 34.7175 0.05839
33.1379 34.9349 0.05876
33.3917 35.0918 0.05968
33.5730 35.2971 0.06032
33.8268 35.4661 0.06117
34.0201 35.6110 0.06141
34.2135 35.7801 0.06232
34.4311 35.8525 0.06276
34.6003 36.0095 0.06344
34.7574 36.1181 0.06405
34.9508 36.2992 0.06422
35.2650 36.4924 0.09627
35.3859 36.6132 0.06978
35.5551 36.6856 0.06687
35.7122 36.7943 0.06710
36.9329 37.5791 0.07077
38.2987 38.3277 0.08074
38.3228 38.3398 0.08033
38.3228 38.3639 0.08074
38.5766 38.5571 0.08189
38.5525 38.4847 0.08152
38.5404 38.4485 0.08101
38.5041 38.4847 0.08009
38.4920 38.4485 0.07968
38.4679 38.4605 0.07999
38.4920 38.4485 0.07965
38.4799 38.4726 0.07979
38.4799 38.4847 0.07996
38.4799 38.5088 0.07965
38.4558 38.5088 0.07962
38.5041 38.4847 0.07972
38.4679 38.4847 0.07952
38.4558 38.4847 0.07975
38.4437 38.4485 0.07975
38.4679 38.4847 0.07955
38.4558 38.4847 0.07928
38.4558 38.4726 0.07948
38.4679 38.4364 0.07941
38.4558 38.4364 0.07935
38.4316 38.4967 0.07972
38.4316 38.4364 0.07958
38.4437 38.4726 0.07979
38.4679 38.4847 0.07935
38.4558 38.4726 0.07941
38.4679 38.4364 0.07945
38.4074 38.4364 0.07935
38.4195 38.4485 0.07958
38.4437 38.4485 0.07958
38.4195 38.4243 0.07965
38.4558 38.4243 0.07941
38.4558 38.4364 0.07965
38.4316 38.4364 0.07935
38.4316 38.4485 0.07931
38.4074 38.4605 0.07928
38.4074 38.4243 0.07958
38.4558 38.4243 0.07948
38.4074 38.4243 0.07948
38.4558 38.4364 0.07962
38.4195 38.4243 0.07952
38.4074 38.4243 0.07924
38.4558 38.4485 0.07935
38.4316 38.4364 0.07931
38.4437 38.4605 0.07962
38.4316 38.4243 0.07958
38.3833 38.4243 0.07945
38.4195 38.4605 0.07941
38.4195 38.4122 0.07945
38.4074 38.4243 0.07941
38.4195 38.4605 0.07935
38.4437 38.4243 0.07941
38.4316 38.4364 0.07945
38.4074 38.4122 0.07965
38.4195 38.4364 0.07941
38.4074 38.4122 0.07952
38.4195 38.4243 0.07972
38.4074 38.4243 0.07962
38.4195 38.4122 0.07955
38.4074 38.4002 0.07928
38.4437 38.4485 0.07958
38.4316 38.4243 0.07935
38.4316 38.4243 0.07931
38.4437 38.4243 0.07931
38.4316 38.4243 0.07952
38.4437 38.4485 0.07931
38.4316 38.4122 0.07924
38.4195 38.4243 0.07928
38.4437 38.3881 0.07958
38.4074 38.4243 0.07935
38.4679 38.4485 0.07948
38.4558 38.4605 0.07928
38.4074 38.4243 0.07928
38.4195 38.4243 0.07928
38.4437 38.4243 0.07938
38.4316 38.4485 0.07935
38.4074 38.4485 0.07931
38.4437 38.4364 0.07955
38.4195 38.4485 0.07938
38.4679 38.4364 0.07931
38.4195 38.4243 0.07948
38.4074 38.4243 0.07952
38.4558 38.4002 0.07958
38.4558 38.4364 0.07962
38.4437 38.4364 0.07965
38.4195 38.4243 0.07952
38.4558 38.4364 0.07958
38.4437 38.4243 0.07941
38.4558 38.4364 0.07968
38.4074 38.4243 0.07928
38.4558 38.4243 0.07945
38.4437 38.4364 0.07924
38.4316 38.4364 0.07901
38.4558 38.4364 0.07948
38.4679 38.4364 0.07948
38.4437 38.4364 0.07979
38.4437 38.4485 0.07952
38.4195 38.4243 0.07955
38.4558 38.4364 0.07948
38.4558 38.4243 0.07948
38.4558 38.4364 0.07935
38.4679 38.4364 0.07941
38.4195 38.4485 0.07931
38.4437 38.4485 0.07928
38.4558 38.4364 0.07941
38.4558 38.4726 0.07928
38.4679 38.4485 0.07921
38.4558 38.4605 0.07928
38.4679 38.4605 0.07938
38.4437 38.4726 0.07955
38.4558 38.4364 0.07945
38.4316 38.4485 0.07931
38.4799 38.4364 0.07948
38.4679 38.4243 0.07965
38.4679 38.4847 0.07945
38.4679 38.4485 0.07924
38.4679 38.4485 0.07945
38.4558 38.4364 0.07952
38.4679 38.4485 0.07952
38.4679 38.4485 0.07945
38.4558 38.4605 0.07958
38.5041 38.4364 0.07962
38.4799 38.4847 0.07921
38.4920 38.4726 0.07955
38.4679 38.4364 0.07928
38.4679 38.4485 0.07918
38.4558 38.4605 0.07931
38.4799 38.4485 0.07962
38.4679 38.4485 0.07938
38.4920 38.4485 0.07962
38.4679 38.4847 0.07935
38.4799 38.4847 0.07945
38.4679 38.4605 0.07952
38.4679 38.4485 0.07958
38.4920 38.4364 0.07962
38.4558 38.4485 0.07948
38.4437 38.4364 0.07972
38.4679 38.4847 0.07955
38.5041 38.4485 0.07958
38.4799 38.4847 0.07952
38.4799 38.4726 0.07948
38.4679 38.4605 0.07962
38.4679 38.4967 0.07955
38.4679 38.5088 0.07945
38.5041 38.4847 0.07938
38.5041 38.4726 0.07941
38.5041 38.4726 0.07968
38.4679 38.4726 0.07972
38.4679 38.4847 0.07972
38.5162 38.4726 0.07979
38.4799 38.4485 0.07968
38.5041 38.4847 0.07948
38.5041 38.4847 0.07975
38.4920 38.4485 0.07941
38.5041 38.4967 0.07952
38.5041 38.4726 0.07965
38.5041 38.4726 0.07958
38.5041 38.5088 0.07972
38.4920 38.4726 0.07962
38.5162 38.4967 0.07955
38.4920 38.4605 0.07965
38.4799 38.4605 0.07972
38.4920 38.4847 0.07975
38.5041 38.4967 0.07962
38.5041 38.4967 0.07958
38.5283 38.4847 0.07982
38.5162 38.4967 0.07962
38.5283 38.4847 0.07972
38.6008 37.5670 0.07782
38.7217 38.7745 0.07931
38.5645 38.5450 0.07938
38.4437 38.4364 0.07972
38.4558 38.4485 0.07985
38.5041 38.4364 0.07962
38.5162 38.4967 0.07979
38.5404 38.4847 0.07952
38.5162 38.5088 0.07958
38.5404 38.5209 0.07935
38.5162 38.4847 0.07979
38.5041 38.4847 0.07979
38.5162 38.4726 0.08006
38.5404 38.4847 0.07996
38.5283 38.4967 0.08013
38.5283 38.4967 0.08006
38.5162 38.4967 0.07979
38.5404 38.4847 0.07992
38.5525 38.5209 0.07955
38.5283 38.4967 0.07989
38.5525 38.5088 0.07972
38.5525 38.4967 0.07952
38.5525 38.4847 0.07972
38.5041 38.5209 0.07985
38.5404 38.4726 0.07962
38.5404 38.4967 0.07992
38.5162 38.4847 0.07999
38.5041 38.5088 0.07996
38.5404 38.5088 0.08002
38.5041 38.5209 0.08019
38.5162 38.5209 0.07992
38.5162 38.5209 0.07989
38.5041 37.4463 0.07894
38.6612 38.6899 0.07955
38.5404 38.5330 0.07968
38.5645 37.9172 0.07867
38.9030 38.4243 0.07860
38.9876 39.1005 0.07996
38.8184 38.9073 0.07972
38.7096 38.7141 0.08009
38.5525 38.5330 0.08026
38.5283 38.4967 0.08009
38.5645 38.5209 0.08050
38.5525 38.5209 0.08030
38.5525 38.5209 0.08030
38.5645 38.5330 0.08050
38.5766 38.5330 0.08030
38.5766 38.5330 0.08053
38.5766 38.5330 0.08053
38.5645 38.5209 0.07999
38.5766 38.5209 0.08002
38.5525 38.5209 0.08013
38.5525 38.5088 0.08023
38.5645 38.5209 0.08026
38.5766 38.5088 0.08009
38.5525 38.5209 0.08006
38.5525 38.5209 0.08009
38.5525 38.4967 0.08016
38.5525 38.5330 0.08002
38.5525 38.5088 0.08016
38.5525 38.4967 0.08023
38.5645 38.4967 0.08016
38.5283 38.4967 0.08040
38.5525 38.5088 0.08019
38.5162 38.4967 0.08013
38.5404 38.5088 0.07992
38.5162 38.5088 0.08002
38.5162 38.5209 0.07996
38.5162 38.5209 0.08009
38.5404 38.4967 0.07999
38.5041 38.4726 0.08016
38.5041 38.4967 0.08006
38.5041 38.4967 0.07982
38.4920 38.4847 0.08006
38.5041 38.4847 0.07999
38.5162 38.4847 0.08013
38.4679 38.4847 0.08026
38.4679 38.4726 0.08009
38.5041 38.4967 0.08016
38.5041 38.5088 0.08002
38.5404 38.4485 0.07999
38.4679 38.4847 0.07985
38.4920 38.4726 0.07982
38.5041 38.4726 0.08002
38.5041 38.4726 0.08002
38.4799 38.4726 0.07996
38.4920 38.4847 0.07979
38.4679 38.4243 0.07979
38.4920 38.4485 0.08006
38.4679 38.4485 0.08019
38.4679 38.4243 0.07985
38.4679 38.4364 0.07996
38.4799 38.4485 0.07992
38.4558 38.4726 0.07999
38.4437 38.4605 0.08009
38.4437 38.4364 0.07989
38.4558 38.4243 0.07958
38.4558 38.4243 0.07962
38.4679 38.4243 0.07996
38.4558 38.4364 0.07975
38.4195 38.4364 0.07985
38.4316 38.4243 0.08016
38.4316 38.4605 0.07992
38.4316 38.4364 0.07965
38.4195 38.4243 0.08002
38.4316 38.4243 0.07955
38.4195 38.4243 0.07982
38.4074 38.4243 0.07972
38.4074 38.4364 0.08006
38.4195 38.4122 0.08013
38.4437 38.4243 0.07979
38.4074 38.4122 0.07999
38.4316 38.4002 0.07962
38.3953 38.4243 0.07958
38.4074 38.4243 0.07968
38.4074 38.4122 0.07952
38.4074 38.4122 0.07968
38.3712 38.4243 0.07958
38.3833 38.4122 0.07975
38.3833 38.3881 0.07955
38.3712 38.3881 0.07992
38.4074 38.3760 0.07968
38.3833 38.4122 0.08002
38.3712 38.3760 0.07972
38.3470 38.3881 0.07975
38.3591 38.3760 0.07972
38.3712 38.3881 0.07979
38.3833 38.3398 0.07962
38.3349 38.3519 0.07972
38.3712 38.3881 0.07958
38.3228 38.3277 0.07965
38.3228 38.3398 0.07972
38.3107 38.3639 0.07958
38.3228 38.3398 0.07948
38.3228 38.3639 0.07965
38.3107 38.3156 0.07972
38.3107 38.3277 0.07968
38.3107 38.3277 0.07968
38.3228 38.3277 0.07972
38.3107 38.3519 0.07968
38.3107 38.3036 0.07958
38.2866 38.3277 0.07921
38.4316 37.8206 0.07829
38.6129 38.7141 0.07928
38.4679 38.4605 0.07941
38.2141 38.2915 0.07948
38.2141 38.2915 0.07945
38.2624 38.2915 0.07921
38.2624 38.3036 0.07952
38.2624 38.2794 0.07928
38.2503 38.2794 0.07938
38.2624 38.2915 0.07931
38.2745 38.3036 0.07935
38.2503 38.2915 0.07972
38.2624 38.2915 0.07935
38.2624 38.3036 0.07952
38.2745 38.2673 0.07894
38.2382 38.2915 0.07918
38.2261 38.2794 0.07897
38.2141 38.2915 0.07907
38.2141 38.2673 0.07877
