35.7485 36.6132 0.05558
35.9177 36.7701 0.05608
36.0506 36.8788 0.05680
36.2561 36.9754 0.05734
36.3407 37.0720 0.05802
36.4736 37.1927 0.05853
36.6187 37.3014 0.05883
36.7516 37.4101 0.05934
36.9329 37.5187 0.05985
37.0296 37.5912 0.06063
37.1505 37.6757 0.06127
37.2713 37.7602 0.06154
37.3680 37.8327 0.06226
37.4647 37.8930 0.06246
37.5856 37.9534 0.06293
37.6823 38.0379 0.06368
37.7910 38.0983 0.06412
37.8635 38.1345 0.06415
37.9723 38.2311 0.06504
38.0811 38.2794 0.06521
38.1657 38.3277 0.06551
38.2866 38.4002 0.06619
38.3107 38.4485 0.06643
38.3833 38.5209 0.06666
38.4920 38.5450 0.06724
38.5162 38.5813 0.06744
38.6008 38.6054 0.06785
38.6733 38.6537 0.06809
38.7821 38.7020 0.06850
38.8184 38.7262 0.06860
35.5793 36.6011 0.05303
35.7122 36.6977 0.05527
35.9056 36.8184 0.05490
39.6402 39.0401 0.07440
39.5919 39.0280 0.07256
39.6160 39.0159 0.07260
39.6040 39.0159 0.07233
39.6160 39.0280 0.07243
39.0843 38.8228 0.06982
39.1326 38.8590 0.06982
39.1326 38.8590 0.07009
39.1809 38.8710 0.06989
39.2293 38.8710 0.07036
39.2414 38.9193 0.07060
39.2535 38.9193 0.07233
39.2776 38.9193 0.07168
39.3743 38.9676 0.07087
39.3864 39.0039 0.07107
39.4106 39.0159 0.07100
39.4831 39.0159 0.07111
39.4710 39.0159 0.07107
39.4831 39.0763 0.07107
39.5314 39.0522 0.07141
39.5435 39.0763 0.07155
39.5677 39.0763 0.07168
39.5798 39.0763 0.07202
37.3559 37.7723 0.06202
37.4889 37.8447 0.06348
37.6339 37.9172 0.06371
37.8756 38.0862 0.06314
38.0448 38.2432 0.06500
40.5829 39.7887 0.07704
40.4862 39.6800 0.07629
40.5950 39.7887 0.07562
40.5588 39.7404 0.07623
40.4379 39.6559 0.07595
40.5104 39.7042 0.07585
40.5104 39.7283 0.07572
40.5104 39.7283 0.07585
40.4862 39.7162 0.07575
40.5104 39.7404 0.07558
40.4862 39.7162 0.07551
40.4862 39.7162 0.07551
40.4983 39.7042 0.07568
40.4983 39.6921 0.07541
40.4862 39.7042 0.07558
40.4983 39.6921 0.07541
40.4983 39.7042 0.07521
40.4862 39.6921 0.07531
40.4862 39.7042 0.07555
