34.4432 35.4058 0.04801
34.5519 35.5144 0.04842
34.6124 35.5265 0.04832
34.6970 35.6231 0.04900
34.8057 35.6472 0.04968
34.9024 35.6714 0.04964
34.9750 35.7438 0.04981
35.0716 35.7801 0.05029
35.1442 35.8283 0.05052
35.1804 35.8525 0.05073
35.2892 35.9249 0.05056
35.3375 35.9732 0.05100
35.4101 35.9853 0.05141
35.5067 36.0336 0.05178
35.5672 36.0940 0.05188
35.6155 36.1061 0.05219
35.7001 36.1423 0.05252
35.7364 36.2026 0.05276
35.7968 36.2147 0.05293
35.8210 36.2630 0.05303
35.8935 36.2992 0.05317
35.9539 36.3355 0.05341
35.9902 36.3355 0.05344
36.0627 36.3838 0.05364
36.1111 36.4079 0.05368
36.1111 36.4079 0.05398
36.1715 36.4441 0.05446
36.2077 36.4804 0.05452
36.2803 36.4924 0.05452
36.2923 36.5407 0.05497
36.3044 36.5407 0.05514
36.3770 36.5770 0.05493
36.3890 36.5890 0.05530
36.4495 36.6132 0.05537
36.4495 36.6252 0.05517
36.5099 36.6615 0.05581
36.5462 36.6615 0.05598
36.5703 36.6856 0.05595
36.5945 36.7339 0.05615
36.5945 36.7098 0.05619
36.6428 36.7460 0.05629
36.6791 36.7581 0.05642
36.6912 36.7822 0.05642
36.7154 36.8064 0.05669
36.7637 36.7943 0.05666
36.8241 36.8305 0.05690
36.8121 36.8426 0.05690
36.8362 36.8547 0.05707
36.8483 36.8909 0.05720
36.8846 36.8909 0.05727
36.8846 36.9030 0.05744
36.9087 36.8909 0.05734
36.9571 36.9150 0.05758
36.9692 36.9030 0.05768
36.9692 36.9633 0.05761
36.9933 36.9633 0.05741
37.0417 36.9875 0.05781
37.0538 36.9875 0.05781
37.0538 36.9875 0.05775
37.0900 36.9875 0.05778
37.1021 37.0116 0.05802
37.1021 37.0116 0.05798
37.1384 37.0237 0.05839
37.1384 37.0358 0.05846
37.1384 37.0599 0.05829
37.1746 37.0720 0.05832
37.2109 37.0720 0.05842
37.2230 37.0961 0.05819
37.2592 37.0720 0.05842
37.2351 37.0841 0.05873
37.2592 37.1324 0.05907
37.2713 37.1203 0.05876
37.2592 37.1203 0.05897
37.2955 37.1324 0.05903
37.3318 37.1565 0.05903
37.3318 37.1686 0.05934
37.3438 37.1324 0.05931
37.3438 37.1807 0.05931
37.3438 37.1686 0.05941
37.3559 37.1686 0.05937
37.3680 37.1927 0.05927
37.4164 37.2169 0.05927
37.3680 37.2048 0.05941
37.3922 37.1927 0.05958
37.4164 37.1927 0.05944
37.4405 37.2531 0.05944
37.4284 37.2410 0.05941
37.4647 37.2290 0.05975
37.4405 37.2652 0.05975
37.4889 37.2531 0.05985
37.4405 37.2652 0.05978
37.4647 37.2652 0.05992
37.4647 37.2652 0.06009
37.4647 37.2652 0.06005
37.5010 37.2893 0.06002
37.5372 37.2773 0.06009
37.5251 37.3014 0.05998
37.5493 37.3014 0.05971
37.5372 37.2893 0.05998
37.5493 37.2893 0.05995
37.5372 37.3014 0.05998
37.5614 37.2773 0.05975
37.5856 37.3135 0.06002
37.5977 37.3497 0.05968
37.5856 37.3618 0.06002
37.5856 37.3376 0.06002
37.5977 37.3256 0.06005
37.6097 37.3618 0.06026
37.7064 37.4342 0.06066
37.6823 37.5067 0.06131
37.6943 37.4704 0.06120
37.6581 37.4342 0.06137
37.6943 37.4342 0.06127
37.6460 37.4101 0.06131
37.6581 37.3618 0.06127
37.6460 37.3618 0.06131
37.6339 37.3618 0.06148
37.5977 37.3376 0.06134
37.6339 37.3376 0.06120
37.6581 37.3014 0.06137
37.6097 37.3135 0.06127
37.6339 37.2893 0.06117
37.6339 37.2773 0.06124
37.6097 37.2773 0.06137
37.6339 37.2531 0.06134
37.6097 37.2773 0.06134
37.5977 37.2531 0.06161
37.5977 37.2531 0.06168
37.6339 37.2169 0.06161
37.6097 37.2290 0.06127
37.6097 37.2290 0.06151
37.5977 37.2531 0.06158
37.6097 37.2410 0.06137
37.5977 37.2169 0.06148
37.6097 37.2169 0.06158
37.5977 37.2169 0.06114
37.6218 37.2410 0.06131
37.6097 37.2169 0.06144
37.5977 37.2169 0.06151
37.5856 37.2290 0.06171
37.6097 37.2169 0.06154
37.5977 37.2290 0.06175
37.6218 37.2290 0.06165
37.6581 37.2290 0.06151
37.5977 37.2169 0.06175
37.6339 37.2048 0.06161
37.6097 37.2290 0.06161
37.6218 37.1927 0.06171
37.6097 37.2531 0.06161
37.6097 37.1927 0.06161
37.6339 37.2169 0.06161
37.5977 37.1927 0.06165
37.6218 37.2169 0.06158
37.6218 37.2290 0.06175
37.6339 37.2410 0.06168
37.6097 37.2290 0.06151
37.6339 37.2169 0.06175
37.6097 37.2290 0.06161
37.6339 37.2531 0.06127
37.6097 37.2410 0.06110
37.6339 37.2290 0.06131
37.5977 37.2531 0.06127
37.6460 37.2290 0.06141
37.6460 37.2290 0.06127
37.6581 37.2531 0.06148
37.6581 37.2410 0.06154
37.6097 37.2531 0.06165
37.6581 37.2410 0.06154
37.6702 37.2531 0.06168
37.6823 37.2773 0.06151
37.6581 37.2652 0.06144
37.6581 37.2531 0.06171
37.6339 37.2652 0.06192
37.6581 37.2773 0.06175
37.6581 37.2773 0.06175
37.6581 37.2893 0.06154
37.7064 37.2773 0.06185
37.6581 37.2893 0.06195
37.6823 37.3014 0.06185
37.6702 37.3256 0.06209
37.6943 37.2773 0.06198
37.6823 37.2893 0.06198
37.7185 37.2773 0.06195
37.6943 37.2773 0.06219
37.6581 37.2773 0.06195
37.7064 37.2773 0.06205
37.6943 37.2893 0.06209
37.6943 37.3135 0.06205
37.7427 37.2893 0.06219
37.6943 37.3135 0.06215
37.7185 37.3135 0.06198
37.6943 37.2893 0.06222
37.7306 37.3376 0.06215
37.7306 37.3135 0.06226
37.7306 37.3256 0.06236
37.7306 37.3135 0.06239
37.7306 37.3135 0.06229
37.7306 37.3135 0.06202
37.7427 37.3256 0.06246
37.7306 37.3497 0.06229
37.7548 37.2893 0.06219
37.7427 37.3135 0.06236
37.7427 37.3256 0.06263
37.7427 37.3256 0.06259
37.7789 37.3497 0.06249
37.7548 37.3497 0.06232
37.7306 37.3497 0.06256
37.7306 37.3376 0.06236
37.7789 37.3618 0.06253
37.7789 37.3738 0.06232
37.7548 37.3738 0.06253
37.7789 37.3376 0.06249
37.7669 37.3497 0.06263
37.8031 37.3738 0.06222
37.7789 37.3618 0.06259
37.7789 37.3618 0.06232
37.7910 37.3618 0.06236
37.8273 37.4101 0.06236
37.8031 37.3618 0.06246
37.8031 37.3859 0.06246
37.8273 37.4221 0.06263
37.8152 37.3618 0.06243
37.8394 37.3738 0.06232
37.8515 37.4221 0.06226
37.8515 37.4101 0.06249
37.8273 37.3859 0.06259
37.8515 37.4101 0.06232
37.8515 37.4221 0.06246
37.8273 37.4101 0.06226
37.8152 37.4101 0.06222
37.8273 37.3859 0.06249
37.8394 37.4221 0.06232
37.8394 37.4221 0.06232
37.8515 37.4342 0.06256
37.8394 37.4101 0.06243
37.8515 37.4342 0.06263
37.8515 37.4342 0.06249
37.8394 37.4221 0.06263
37.8635 37.4101 0.06232
37.8756 37.4463 0.06253
37.8635 37.4342 0.06243
37.8756 37.4704 0.06253
37.8515 37.4463 0.06256
37.8756 37.4342 0.06246
37.8756 37.4342 0.06249
37.8756 37.4463 0.06273
37.8877 37.4463 0.06253
37.8877 37.4825 0.06287
37.9119 37.4463 0.06266
37.9240 37.4584 0.06266
37.8998 37.4584 0.06253
37.9119 37.4584 0.06266
37.9240 37.4704 0.06300
37.9119 37.4825 0.06290
37.9361 37.4584 0.06293
37.8877 37.4825 0.06293
37.9361 37.4946 0.06276
37.8998 37.4825 0.06293
37.9361 37.4825 0.06297
37.9240 37.4825 0.06310
37.9240 37.4704 0.06287
37.9482 37.5067 0.06287
37.9361 37.4825 0.06297
37.9602 37.4825 0.06317
37.9361 37.4584 0.06293
37.9482 37.4946 0.06307
37.9602 37.5067 0.06324
37.9482 37.5067 0.06314
37.9240 37.4825 0.06327
37.9240 37.5067 0.06321
37.9361 37.5067 0.06331
37.9482 37.5308 0.06300
37.9482 37.5429 0.06321
37.9844 37.5308 0.06327
37.9965 37.5187 0.06331
37.9482 37.5308 0.06310
37.9723 37.5308 0.06324
37.9965 37.5429 0.06314
37.9723 37.5550 0.06314
37.9844 37.5308 0.06327
38.0207 37.5429 0.06314
37.9844 37.5187 0.06321
37.9723 37.5429 0.06324
37.9844 37.5550 0.06341
38.0086 37.5429 0.06317
37.9965 37.5308 0.06331
38.0207 37.5550 0.06321
38.0207 37.5550 0.06358
37.9965 37.5550 0.06351
38.0207 37.5550 0.06327
37.9844 37.5308 0.06351
38.0207 37.5550 0.06361
37.9965 37.5550 0.06358
38.0448 37.5670 0.06341
37.9965 37.5670 0.06361
38.0207 37.5912 0.06365
38.0207 37.5550 0.06354
38.0207 37.5791 0.06385
38.0086 37.5550 0.06365
38.0328 37.5670 0.06351
38.0328 37.5791 0.06358
38.0207 37.5791 0.06351
38.0448 37.6033 0.06368
38.0569 37.5912 0.06344
38.0448 37.6033 0.06365
38.0448 37.6033 0.06361
38.0328 37.6153 0.06358
38.0569 37.6033 0.06365
38.0569 37.6274 0.06365
38.0328 37.6153 0.06354
38.0811 37.6033 0.06382
38.0569 37.6033 0.06388
38.0932 37.6033 0.06371
38.0690 37.6153 0.06382
38.0569 37.6153 0.06385
38.0932 37.6153 0.06365
38.0811 37.6153 0.06378
38.0932 37.6395 0.06321
38.0932 37.6274 0.06321
38.0811 37.6153 0.06354
38.0811 37.6395 0.06358
38.0932 37.6153 0.06354
38.1174 37.6395 0.06341
38.1053 37.6395 0.06354
38.0932 37.6033 0.06354
38.0932 37.6395 0.06348
38.0932 37.6636 0.06344
38.0932 37.6274 0.06385
38.0811 37.6395 0.06382
38.0811 37.6636 0.06388
38.1174 37.6274 0.06371
38.0932 37.6636 0.06378
38.1174 37.6395 0.06365
38.1053 37.6395 0.06388
38.1174 37.6636 0.06378
38.0811 37.6274 0.06378
38.1415 37.6636 0.06388
38.1174 37.6516 0.06392
38.1294 37.6516 0.06388
38.1174 37.7119 0.06382
38.1415 37.6757 0.06388
38.1415 37.6757 0.06385
38.1174 37.6516 0.06399
38.1053 37.6636 0.06385
38.1415 37.7119 0.06392
38.1415 37.6878 0.06385
38.1657 37.6757 0.06375
38.1294 37.6757 0.06395
38.1294 37.6757 0.06409
38.1536 37.6636 0.06395
38.1415 37.6757 0.06395
38.1415 37.6999 0.06405
38.1536 37.7119 0.06399
38.1778 37.6878 0.06378
38.1778 37.6757 0.06388
38.1415 37.6878 0.06392
38.1657 37.6999 0.06388
38.1415 37.6878 0.06405
38.1415 37.6878 0.06395
38.1778 37.7119 0.06385
38.1657 37.6999 0.06378
38.1778 37.6636 0.06395
38.2020 37.7119 0.06388
38.1657 37.7240 0.06368
38.1778 37.7240 0.06382
38.1778 37.7119 0.06395
38.1657 37.6999 0.06382
38.1657 37.7119 0.06388
38.1778 37.7240 0.06378
38.1657 37.7240 0.06402
38.1778 37.7240 0.06375
38.2141 37.7240 0.06378
38.1899 37.7240 0.06388
38.1899 37.7481 0.06409
38.1899 37.7119 0.06385
38.2141 37.7119 0.06375
38.2141 37.7361 0.06399
38.2020 37.7119 0.06392
38.1778 37.7119 0.06402
38.1899 37.7481 0.06385
38.2141 37.7361 0.06378
38.2141 37.7361 0.06422
38.2261 37.7481 0.06405
38.2261 37.7361 0.06405
38.2261 37.7240 0.06399
38.2261 37.7481 0.06419
38.2141 37.7602 0.06402
38.2382 37.7602 0.06415
38.2141 37.7481 0.06405
38.2141 37.7240 0.06426
38.2141 37.7602 0.06409
38.2261 37.7361 0.06412
38.2141 37.7481 0.06422
38.2382 37.7481 0.06419
38.2261 37.7602 0.06415
38.2382 37.7481 0.06402
38.2141 37.7602 0.06429
38.2141 37.7602 0.06422
38.2261 37.7602 0.06426
38.2141 37.7723 0.06412
38.2624 37.7481 0.06446
38.2141 37.7723 0.06409
38.2624 37.7602 0.06426
38.2624 37.7602 0.06429
38.2382 37.7723 0.06422
38.2624 37.7602 0.06415
38.2382 37.7602 0.06429
38.2382 37.7602 0.06409
38.2141 37.7723 0.06405
38.2141 37.7602 0.06412
38.2382 37.7602 0.06422
38.2624 37.7844 0.06399
38.2624 37.7602 0.06412
38.2624 37.7723 0.06412
38.2503 37.7602 0.06412
38.2745 37.7844 0.06405
38.2624 37.7844 0.06426
38.2624 37.7844 0.06419
38.2624 37.7844 0.06395
38.2866 37.7844 0.06392
38.2987 37.7723 0.06385
38.2382 37.7602 0.06412
38.2987 37.7844 0.06419
38.2745 37.7844 0.06392
38.2866 37.7723 0.06395
38.2745 37.7844 0.06382
38.2987 37.7844 0.06388
38.3107 37.7964 0.06382
38.2987 37.7964 0.06405
38.2745 37.8085 0.06382
38.2624 37.7844 0.06382
38.2866 37.8085 0.06388
38.2745 37.8085 0.06382
38.3107 37.7844 0.06378
38.2866 37.7964 0.06388
38.2866 37.7964 0.06371
38.2987 37.8085 0.06361
38.3107 37.7964 0.06361
38.3107 37.8206 0.06371
38.2987 37.8327 0.06378
38.3228 37.8085 0.06371
38.3107 37.7964 0.06361
38.2866 37.7844 0.06371
38.3107 37.8085 0.06351
38.3107 37.8206 0.06344
38.3107 37.8327 0.06344
38.3591 37.8327 0.06324
38.3107 37.8085 0.06341
38.3228 37.8206 0.06395
38.3107 37.8689 0.06534
38.3470 37.8447 0.06548
38.3712 37.8447 0.06636
38.3712 37.8327 0.06856
38.3591 37.8447 0.06612
38.3712 37.8206 0.06616
38.3591 37.8447 0.06632
38.4074 37.8568 0.06646
38.4195 37.8568 0.06636
38.4074 37.8568 0.06629
38.3833 37.8447 0.06632
38.3833 37.8689 0.06666
38.4074 37.8568 0.06666
38.3833 37.8689 0.06673
38.4074 37.8447 0.06663
38.4074 37.8689 0.06673
38.4074 37.8447 0.06663
38.4316 37.8568 0.06646
38.4316 37.8689 0.06660
38.4316 37.9051 0.06680
38.4316 37.8689 0.06673
38.4316 37.8930 0.06660
38.4316 37.8568 0.06734
38.4679 37.8930 0.06707
38.4679 37.8930 0.06707
39.8819 39.0642 0.07172
39.8578 39.0642 0.07121
39.8699 39.1125 0.07114
39.8578 39.0763 0.07131
39.8578 39.0642 0.07080
39.8578 39.0884 0.07090
39.8578 39.0642 0.07080
39.8457 39.0642 0.07094
39.8578 39.0401 0.07080
39.8578 39.0159 0.07090
39.8578 39.0401 0.07070
39.8336 39.0522 0.07070
39.8336 39.0642 0.07056
39.8457 39.0522 0.07056
39.8699 39.0763 0.07053
39.8336 39.0280 0.07039
39.8336 39.0280 0.07043
39.8578 39.0763 0.07056
39.8699 39.0522 0.07050
39.8578 39.0642 0.07039
39.8457 39.0522 0.07039
39.8215 39.0280 0.07070
39.8578 39.0280 0.07046
39.8457 39.0280 0.07046
39.8094 39.0280 0.07039
39.8457 39.0522 0.07022
39.8215 39.0280 0.07019
39.7853 39.0280 0.07002
39.8215 39.0522 0.07002
39.8215 39.0642 0.06999
39.8215 39.0401 0.07012
39.8215 39.0522 0.06999
39.7973 39.0159 0.06995
39.8215 39.0280 0.06978
39.8215 39.0401 0.06999
39.8215 39.0401 0.06992
39.7853 39.0522 0.06978
39.8336 39.0522 0.06989
39.8215 39.0401 0.06992
28.0254 30.2984 0.03052
28.3155 30.5398 0.03082
28.5935 30.7813 0.03164
28.8594 30.9624 0.03235
29.1132 31.1918 0.03272
29.3911 31.3730 0.03347
29.6329 31.5903 0.03398
29.8625 31.7352 0.03486
30.1163 31.9163 0.03537
30.3339 32.0853 0.03601
30.5514 32.2544 0.03655
30.7206 32.3872 0.03723
30.9261 32.5321 0.03784
31.1195 32.6891 0.03832
31.3249 32.8339 0.03883
31.5425 33.0030 0.03940
31.6875 33.0513 0.03977
31.8567 33.1841 0.04022
31.9897 33.3048 0.04066
32.1710 33.4256 0.04133
32.3281 33.5463 0.04191
32.4852 33.6550 0.04198
32.6182 33.7274 0.04242
32.7874 33.8361 0.04289
32.8961 33.9327 0.04374
33.0533 34.0172 0.04367
33.1379 34.0655 0.04428
33.2950 34.2104 0.04469
33.4279 34.2828 0.04510
33.5367 34.3915 0.04551
33.6334 34.4277 0.04574
33.7422 34.5123 0.04608
33.8751 34.5847 0.04662
33.9597 34.6813 0.04693
34.0564 34.7175 0.04730
34.1652 34.8020 0.04774
34.2498 34.8383 0.04818
34.3465 34.9107 0.04927
34.4432 34.9711 0.04927
34.5036 35.0073 0.04957
34.6124 35.0918 0.04995
34.6728 35.1763 0.05032
34.7453 35.1884 0.05039
34.8420 35.2367 0.05059
34.9024 35.2971 0.05052
34.9750 35.3575 0.05042
35.0596 35.4178 0.05079
35.1200 35.4540 0.05110
35.1925 35.4782 0.05100
35.2167 35.5265 0.05110
35.3134 35.5506 0.05164
35.3738 35.6231 0.05164
35.4342 35.6472 0.05191
35.5067 35.6955 0.05219
35.5430 35.7680 0.05242
35.5914 35.7801 0.05269
35.6639 35.8163 0.05293
35.7364 35.8525 0.05320
35.7485 35.8766 0.05296
35.7606 35.9129 0.05313
35.8452 35.9249 0.05391
35.9056 35.9974 0.05381
35.9539 36.0336 0.05405
36.0023 36.0095 0.05419
36.0627 36.0578 0.05429
36.0627 36.0940 0.05425
36.0990 36.1302 0.05469
36.1836 36.1423 0.05483
36.2319 36.1785 0.05507
36.2803 36.2147 0.05530
36.2682 36.2268 0.05517
36.3044 36.2389 0.05520
36.3286 36.2872 0.05554
36.3770 36.2992 0.05551
36.4011 36.3113 0.05605
36.4374 36.3596 0.05591
36.4978 36.3596 0.05625
36.4978 36.3958 0.05608
36.5220 36.4079 0.05615
36.5703 36.4321 0.05642
36.5945 36.4683 0.05703
36.6187 36.4804 0.05632
36.6428 36.4924 0.05639
36.6912 36.4924 0.05659
36.6912 36.5287 0.05686
36.7275 36.5649 0.05680
36.7637 36.5649 0.05676
36.7758 36.5770 0.05686
36.7879 36.6132 0.05747
36.8121 36.5890 0.05741
36.8483 36.6615 0.05714
36.8725 36.6373 0.05724
36.8846 36.6494 0.05781
36.8846 36.6856 0.05761
36.9329 36.7098 0.05754
36.9571 36.7098 0.05822
37.0054 36.7098 0.05802
36.9813 36.7460 0.05812
37.0417 36.7701 0.05903
37.0054 36.7460 0.05951
37.0538 36.7943 0.05971
37.0779 36.7943 0.05981
37.0779 36.8064 0.06002
37.1142 36.8426 0.05995
37.1142 36.8426 0.05981
37.1626 36.8184 0.05988
37.1746 36.8788 0.06019
37.1746 36.8547 0.06022
37.1746 36.8788 0.06015
37.2472 36.8788 0.06032
37.2230 36.9150 0.06049
37.2472 36.9392 0.06056
37.2230 36.9392 0.06049
37.2955 36.9512 0.06063
37.2713 36.9754 0.06080
37.3197 36.9754 0.06046
37.3197 36.9633 0.06093
37.3438 36.9875 0.06063
37.3438 36.9875 0.06076
37.3680 36.9995 0.06114
37.3680 37.0358 0.06097
37.3922 37.0116 0.06131
37.3922 37.0358 0.06131
37.4043 37.0478 0.06110
37.4526 37.0599 0.06104
37.4043 37.0599 0.06117
37.4405 37.0478 0.06124
37.4405 37.0720 0.06141
37.4889 37.0961 0.06117
37.5131 37.1082 0.06124
37.5010 37.1324 0.06131
37.5493 37.1203 0.06144
37.5010 37.1444 0.06178
37.5131 37.1203 0.06161
37.5493 37.1686 0.06151
37.5372 37.1444 0.06205
37.5856 37.1565 0.06158
37.5493 37.1444 0.06168
37.5856 37.1927 0.06175
37.6097 37.1807 0.06175
37.6097 37.2290 0.06168
37.6097 37.2290 0.06182
37.6097 37.2169 0.06209
37.6460 37.2169 0.06178
37.6097 37.2290 0.06198
37.6581 37.2410 0.06185
37.6702 37.2773 0.06198
37.6943 37.2652 0.06192
37.6823 37.2410 0.06188
37.6581 37.2652 0.06222
37.6943 37.3014 0.06219
37.7064 37.2893 0.06226
37.7064 37.2652 0.06215
37.7306 37.3014 0.06246
37.7185 37.3014 0.06226
37.7548 37.3376 0.06246
37.7789 37.3256 0.06256
37.7427 37.3376 0.06239
37.7789 37.3497 0.06222
37.7789 37.3376 0.06243
37.7669 37.3376 0.06253
37.7910 37.3497 0.06243
37.8031 37.3618 0.06253
37.7910 37.3738 0.06239
37.8031 37.3859 0.06266
37.8031 37.4101 0.06239
37.8515 37.3980 0.06266
37.8152 37.3859 0.06266
37.8394 37.3738 0.06270
37.8756 37.4221 0.06283
37.8273 37.4221 0.06300
37.8635 37.4221 0.06304
37.8515 37.4221 0.06307
37.8756 37.4221 0.06324
37.8877 37.4463 0.06304
37.8877 37.4704 0.06276
37.8877 37.4584 0.06297
37.8877 37.4584 0.06317
37.9240 37.4463 0.06327
37.9119 37.4704 0.06334
37.9240 37.4704 0.06310
37.9240 37.5187 0.06337
37.9240 37.4584 0.06337
37.9240 37.5067 0.06317
37.9361 37.4825 0.06365
37.9361 37.5187 0.06344
37.9482 37.5067 0.06348
37.9723 37.5429 0.06358
37.9602 37.4946 0.06365
37.9965 37.5308 0.06341
37.9723 37.5187 0.06365
38.0207 37.5308 0.06375
37.9844 37.5308 0.06361
37.9965 37.5550 0.06341
38.0207 37.5550 0.06368
38.0207 37.5670 0.06361
38.0086 37.5550 0.06331
38.0207 37.5550 0.06388
38.0328 37.5670 0.06365
38.0207 37.5670 0.06368
38.0448 37.6033 0.06354
38.0690 37.5791 0.06365
38.0328 37.6033 0.06375
38.0569 37.5670 0.06361
38.0328 37.5791 0.06385
38.0690 37.6153 0.06388
38.0932 37.5791 0.06385
38.0811 37.6274 0.06375
38.0811 37.6153 0.06375
38.0811 37.6153 0.06368
38.1174 37.6274 0.06358
38.0811 37.6516 0.06382
38.1174 37.6274 0.06388
38.1294 37.6153 0.06402
38.1174 37.6516 0.06399
38.0932 37.6395 0.06375
38.1053 37.6757 0.06388
38.1415 37.6395 0.06402
38.1174 37.6757 0.06405
38.1536 37.6636 0.06405
38.1536 37.6757 0.06368
38.1415 37.6757 0.06290
38.1657 37.6636 0.06395
38.1415 37.7119 0.06378
38.1657 37.6757 0.06426
38.1657 37.6878 0.06422
38.1778 37.6999 0.06412
38.1899 37.7240 0.06415
38.2020 37.7119 0.06432
38.2020 37.7240 0.06432
38.1899 37.7119 0.06443
38.1778 37.7361 0.06446
38.2020 37.7240 0.06419
38.2020 37.7240 0.06449
38.2141 37.7361 0.06432
38.2261 37.7361 0.06439
38.1899 37.7481 0.06432
38.2382 37.7361 0.06439
38.2141 37.7602 0.06449
38.2382 37.7723 0.06443
38.2141 37.7602 0.06439
38.2745 37.7602 0.06466
38.2261 37.7844 0.06449
38.2382 37.7844 0.06439
38.2624 37.7723 0.06456
38.2624 37.7844 0.06470
38.2987 37.7723 0.06449
38.2382 37.7723 0.06446
38.2866 37.7964 0.06463
38.2745 37.7723 0.06446
38.2745 37.8085 0.06456
38.2624 37.7844 0.06456
38.3107 37.8085 0.06473
38.2866 37.7602 0.06483
38.2745 37.8085 0.06477
38.3107 37.8206 0.06470
38.2987 37.8085 0.06483
38.3228 37.8085 0.06453
38.2866 37.8085 0.06460
38.3228 37.8085 0.06449
38.3107 37.8327 0.06426
38.3228 37.8327 0.06477
38.3228 37.8327 0.06470
38.3349 37.8568 0.06463
38.3712 37.8206 0.06493
38.3712 37.8206 0.06497
38.3349 37.8447 0.06521
38.3591 37.8447 0.06480
38.3107 37.8568 0.06483
38.3349 37.8447 0.06500
38.3349 37.8447 0.06500
38.3591 37.8447 0.06500
38.3712 37.8689 0.06524
38.3833 37.8689 0.06500
38.3833 37.8810 0.06629
38.3953 37.8810 0.06622
38.4195 37.8447 0.06649
38.4074 37.8689 0.06666
38.4074 37.9051 0.06683
38.4316 37.9051 0.06677
38.4558 37.9172 0.06690
38.4195 37.9172 0.06673
38.4558 37.8930 0.06680
38.4316 37.9655 0.06673
38.4558 37.9172 0.06694
38.4679 37.9655 0.06687
38.4437 37.9413 0.06683
38.4799 37.9534 0.06724
38.4799 37.9172 0.06727
38.4799 37.9413 0.06721
38.5041 37.9655 0.06717
38.5041 37.9655 0.06707
38.4799 37.9413 0.06717
38.5041 37.9655 0.06710
38.5162 37.9534 0.06721
38.5041 37.9534 0.06727
38.5283 37.9172 0.06660
38.5404 37.9655 0.06592
38.5766 38.0138 0.06592
38.5645 37.9655 0.06961
38.5525 37.9655 0.06588
38.5887 38.0017 0.06585
38.6008 38.0259 0.06792
38.5887 38.0017 0.06636
38.5766 38.0259 0.06612
38.6250 38.0500 0.06717
38.5766 38.0138 0.06860
38.6008 38.0259 0.06616
38.5887 38.0500 0.06636
38.6008 38.0379 0.08118
38.6008 38.0500 0.06639
38.6492 38.0621 0.06727
38.6492 38.0621 0.06653
38.6492 38.0862 0.06660
38.6733 38.0862 0.12550
38.6371 38.0862 0.06649
38.6612 38.0983 0.06724
38.6975 38.0983 0.06694
38.7096 38.1104 0.06690
38.6733 38.1345 0.06724
38.7096 38.1828 0.06683
38.6975 38.1104 0.11475
38.6975 38.1345 0.06704
38.7338 38.1345 0.06724
38.7217 38.1466 0.06714
38.7579 38.1828 0.06714
41.2114 40.1630 0.08057
41.1631 40.1147 0.07999
41.1389 40.0543 0.07982
41.1147 40.0302 0.07846
41.1389 40.1147 0.07911
41.1752 40.1630 0.07938
41.1631 40.1630 0.07945
41.1752 40.1751 0.07972
41.1752 40.1751 0.07962
41.1510 40.2234 0.07958
41.1872 40.2354 0.07921
41.2114 40.2234 0.07921
41.2114 40.2234 0.07952
41.1872 40.2475 0.07955
41.2235 40.2234 0.07952
41.2114 40.2717 0.07935
41.2114 40.2837 0.07935
41.2114 40.2717 0.07962
41.2356 40.2596 0.07952
41.2477 40.2717 0.07948
41.1993 40.2837 0.07952
41.2235 40.2717 0.07945
41.2356 40.3079 0.07941
41.2235 40.2717 0.07948
41.2598 40.3200 0.07941
41.2356 40.2958 0.07952
41.2598 40.2837 0.07941
41.2235 40.2837 0.07962
41.2235 40.3079 0.07945
41.2598 40.3079 0.07941
41.2719 40.3079 0.07945
41.2356 40.3200 0.07931
41.2719 40.3441 0.07945
41.2719 40.2958 0.07935
41.2719 40.3200 0.07931
41.2839 40.3079 0.07897
41.2839 40.3079 0.07874
41.2719 40.3200 0.07907
41.2839 40.3079 0.07921
41.2839 40.3200 0.07931
41.2719 40.2717 0.07945
41.2839 40.3320 0.07955
41.2960 40.3200 0.07979
41.2598 40.3200 0.07982
41.2719 40.3320 0.07972
41.2839 40.3079 0.07972
41.3081 40.3441 0.07979
41.3081 40.3200 0.07958
41.2960 40.3562 0.07972
41.2719 40.2837 0.07996
41.2839 40.3200 0.07989
41.3081 40.3441 0.07989
41.3202 40.3320 0.08009
41.2839 40.3200 0.08016
41.2960 40.3441 0.08016
41.3081 40.3320 0.08030
41.3081 40.2837 0.08002
41.2839 40.3320 0.08016
41.3081 40.3320 0.08016
41.2839 40.3562 0.08013
41.3081 40.3200 0.08036
41.3081 40.3441 0.08023
41.3081 40.3200 0.07996
41.2960 40.3079 0.08040
41.3081 40.3441 0.08036
41.2839 40.3320 0.08063
41.3081 40.3320 0.08002
41.3081 40.3441 0.08026
41.3202 40.3562 0.08023
41.3081 40.3441 0.08013
41.2839 40.3683 0.08016
41.2839 40.3320 0.08009
41.3081 40.3200 0.08006
41.3081 40.3200 0.08006
41.3081 40.3200 0.07992
41.3081 40.3200 0.07996
41.3202 40.3200 0.07989
41.3081 40.3200 0.07982
41.3081 40.3441 0.07985
41.3202 40.3200 0.08006
41.3081 40.3441 0.08023
41.3081 40.3200 0.07965
41.2960 40.3200 0.07992
41.3081 40.3200 0.07989
41.3081 40.3320 0.07985
41.3081 40.3441 0.07992
41.3202 40.3200 0.07996
41.3323 40.3562 0.07975
41.3081 40.3441 0.08019
41.2960 40.3200 0.08013
41.3202 40.3441 0.08016
41.3081 40.3200 0.08033
41.3323 40.3320 0.07982
41.3323 40.3320 0.08043
41.3081 40.3441 0.08046
41.3081 40.3562 0.08023
41.3081 40.3200 0.08023
41.3081 40.3200 0.08043
41.3323 40.3320 0.08026
41.3323 40.3200 0.08016
41.3081 40.3320 0.08033
41.3081 40.3200 0.08040
29.8021 31.7110 0.03564
30.0196 31.8559 0.03635
30.2976 32.0491 0.03676
30.4426 32.1578 0.03760
30.6239 32.3148 0.03849
30.8294 32.4476 0.03869
31.0832 32.6045 0.03954
31.2041 32.7011 0.04005
31.4216 32.8460 0.04028
31.5425 32.9426 0.04110
31.7117 33.0634 0.04133
31.8446 33.1841 0.04215
32.0259 33.3169 0.04222
32.1468 33.3773 0.04276
32.3160 33.5101 0.04374
32.4610 33.5825 0.04432
32.5819 33.6912 0.04452
32.7632 33.7757 0.04510
32.8720 33.8602 0.04544
32.9807 33.9327 0.04595
33.0895 34.0293 0.04639
33.2345 34.1017 0.04666
33.3071 34.1621 0.04710
33.4400 34.2708 0.04730
33.5004 34.3070 0.04761
33.6455 34.4157 0.04788
33.7905 34.4640 0.04832
33.8509 34.5364 0.04856
33.9597 34.6209 0.04893
34.0201 34.6451 0.04910
34.1168 34.7175 0.04930
34.1894 34.7417 0.04964
34.2740 34.8020 0.04988
34.3465 34.8624 0.05022
34.4069 34.9228 0.05029
34.5157 34.9711 0.05025
34.6003 35.0435 0.05083
34.6607 35.0797 0.05120
34.7091 35.1039 0.05124
34.8057 35.1643 0.05103
34.8420 35.2367 0.05151
34.9266 35.2488 0.05178
34.9870 35.3092 0.05171
35.0354 35.3454 0.05191
35.0716 35.4058 0.05188
35.1563 35.4299 0.05252
35.2167 35.4540 0.05256
35.2771 35.4782 0.05280
35.3255 35.5386 0.05307
35.3859 35.5627 0.05327
35.4221 35.5869 0.05337
35.4705 35.6352 0.05344
35.5067 35.6472 0.05385
35.5672 35.6835 0.05432
35.5914 35.7318 0.05415
35.6518 35.7438 0.05463
35.7122 35.7801 0.05480
35.7243 35.8163 0.05500
35.7726 35.8283 0.05503
35.8089 35.8766 0.05503
35.8331 35.9008 0.05517
35.8814 35.9008 0.05497
35.9418 35.9370 0.05541
35.9660 35.9732 0.05554
36.0144 35.9853 0.05551
36.0385 36.0095 0.05588
36.0869 36.0336 0.05595
36.0869 36.0698 0.05598
36.1473 36.0819 0.05629
36.1715 36.1061 0.05639
36.2077 36.1302 0.05686
36.2319 36.1785 0.05700
36.2803 36.1664 0.05710
36.2923 36.1785 0.05703
36.3286 36.2147 0.05727
36.3407 36.2268 0.05751
36.3770 36.2389 0.05775
36.3890 36.2872 0.05764
36.4374 36.2751 0.05802
36.4616 36.2992 0.05812
36.4857 36.2872 0.05809
36.4736 36.3596 0.05815
36.5341 36.3596 0.05819
36.5220 36.3596 0.05846
36.5703 36.3596 0.05863
36.5945 36.3717 0.05853
36.6066 36.4200 0.05859
36.6308 36.4441 0.05897
36.6308 36.4441 0.05893
36.6549 36.4562 0.05897
36.6791 36.4562 0.05890
36.7395 36.4924 0.05917
36.7395 36.5045 0.05924
36.7637 36.5166 0.05931
36.7637 36.5407 0.05927
36.7879 36.5528 0.05900
36.8121 36.5770 0.05924
36.8241 36.5770 0.05900
36.8483 36.5649 0.05931
36.8604 36.6132 0.05941
36.8725 36.6132 0.05985
36.8725 36.6373 0.05944
36.9087 36.6132 0.05914
36.9208 36.6494 0.05951
36.9571 36.6735 0.05934
36.9571 36.6494 0.05958
36.9692 36.6735 0.05958
36.9813 36.6735 0.05992
36.9692 36.6856 0.05981
36.9933 36.7339 0.05985
37.0538 36.6977 0.06009
37.0175 36.7218 0.06049
37.0659 36.7460 0.06042
37.0900 36.7460 0.06070
37.1021 36.7460 0.06053
37.0659 36.7943 0.06070
37.0779 36.7822 0.06070
37.1263 36.7822 0.06032
37.1142 36.8184 0.06073
37.1263 36.8064 0.06076
37.1505 36.8064 0.06070
37.1263 36.8305 0.06080
37.1746 36.8305 0.06076
37.1746 36.8305 0.06104
37.2109 36.8305 0.06073
37.1988 36.8667 0.06093
37.2351 36.8667 0.06090
37.2472 36.8909 0.06104
37.2472 36.8788 0.06093
37.2713 36.8788 0.06104
37.2592 36.9150 0.06141
37.3076 36.9271 0.06124
37.2713 36.9150 0.06124
37.2713 36.8909 0.06137
37.3076 36.9392 0.06148
37.3318 36.9512 0.06171
37.3197 36.9754 0.06127
37.3438 36.9512 0.06131
37.3801 36.9633 0.06171
37.3680 36.9633 0.06182
37.3438 36.9754 0.06202
37.3680 36.9754 0.06188
37.3922 37.0237 0.06209
37.4164 36.9875 0.06215
37.3922 36.9995 0.06229
37.4043 37.0237 0.06222
37.4164 37.0358 0.06253
37.4164 37.0116 0.06249
37.4164 37.0237 0.06232
37.4526 37.0237 0.06270
37.4647 37.0599 0.06256
37.4647 37.0720 0.06229
37.5010 37.0599 0.06273
37.5010 37.0720 0.06259
37.5010 37.0720 0.06249
37.4647 37.0599 0.06304
37.5131 37.0961 0.06293
37.5372 37.1082 0.06300
37.5614 37.0841 0.06341
37.5493 37.0841 0.06239
37.5251 37.1082 0.06171
37.5614 37.1444 0.06195
37.5614 37.1324 0.06198
37.5977 37.1565 0.06226
37.5856 37.1444 0.06246
37.5614 37.1324 0.06202
37.6339 37.1565 0.06212
37.5977 37.1686 0.06219
37.6218 37.1324 0.06232
37.6218 37.1565 0.06249
37.6097 37.1807 0.06273
37.6339 37.1565 0.06236
37.6460 37.1807 0.06276
37.6339 37.1927 0.06273
37.6339 37.1927 0.06263
37.6581 37.2290 0.06263
37.6943 37.2290 0.06287
37.6702 37.2169 0.06314
37.6823 37.2290 0.06253
37.7064 37.2290 0.06276
37.6823 37.2410 0.06297
37.6943 37.2290 0.06300
37.7064 37.2169 0.06253
37.7306 37.2652 0.06266
37.6943 37.2773 0.06283
37.7427 37.2652 0.06297
37.7306 37.2531 0.06314
37.7427 37.2652 0.06361
37.7427 37.2531 0.06334
37.7548 37.2773 0.06304
37.7669 37.2773 0.06317
37.7789 37.3014 0.06429
37.7548 37.2893 0.06439
37.7548 37.3256 0.06463
37.7427 37.2893 0.06426
37.7789 37.2773 0.06460
37.7910 37.3014 0.06439
37.8031 37.3256 0.06443
37.8273 37.2773 0.06443
37.8152 37.3135 0.06477
37.8394 37.3497 0.06436
37.8273 37.3376 0.06432
37.8515 37.3618 0.06446
37.8273 37.3376 0.06480
37.8394 37.3497 0.06497
37.8515 37.3376 0.06514
37.8635 37.3497 0.06531
37.8756 37.3738 0.06524
37.8877 37.3738 0.06507
37.8877 37.3738 0.06531
37.8515 37.3859 0.06548
37.8877 37.3738 0.06534
37.9119 37.3980 0.06561
37.8756 37.3738 0.06527
37.8998 37.3859 0.06538
37.8998 37.3859 0.06544
37.9723 37.3738 0.06548
37.9240 37.3859 0.06487
37.9119 37.4101 0.06497
37.9240 37.4221 0.06517
37.9723 37.4584 0.06514
37.9361 37.4463 0.06493
37.9602 37.4221 0.06490
37.9361 37.4463 0.06504
37.9482 37.4342 0.06483
37.9723 37.4704 0.06473
37.9482 37.4463 0.06490
37.9482 37.4342 0.06483
37.9723 37.4946 0.06456
37.9723 37.4825 0.06480
38.0207 37.4704 0.06493
37.9965 37.4704 0.06497
37.9965 37.4584 0.06477
37.9844 37.4946 0.06507
38.0328 37.5067 0.06483
38.0086 37.5067 0.06477
38.0448 37.5187 0.06493
37.9965 37.5429 0.06487
38.0207 37.5187 0.06487
38.0207 37.5429 0.06497
38.0207 37.5550 0.06483
38.0328 37.5429 0.06483
38.0690 37.5308 0.06504
38.0207 37.5550 0.06497
38.0569 37.5550 0.06497
38.0448 37.5550 0.06490
38.0690 37.5550 0.06500
38.0569 37.5550 0.06521
38.0690 37.5550 0.06507
38.0569 37.5550 0.06500
38.0811 37.5670 0.06500
38.0811 37.5670 0.06531
38.0690 37.5670 0.06504
38.0811 37.5791 0.06490
38.0690 37.5791 0.06517
38.0690 37.6033 0.06514
38.1053 37.6153 0.06527
38.0811 37.6033 0.06507
38.0932 37.5791 0.06514
38.0932 37.6033 0.06514
38.1174 37.5912 0.06514
38.0932 37.5791 0.06531
38.1174 37.5791 0.06538
38.1174 37.6153 0.06524
38.1294 37.6153 0.06507
38.0932 37.6153 0.06531
38.1415 37.6153 0.06524
38.1294 37.6153 0.06521
38.1415 37.6516 0.06517
38.1415 37.6395 0.06548
38.1536 37.6395 0.06524
38.1657 37.6757 0.06541
38.1657 37.6516 0.06541
38.1536 37.6516 0.06568
38.1778 37.6757 0.06575
38.1778 37.6757 0.06592
38.1657 37.6999 0.06609
38.1778 37.6757 0.06636
38.1778 37.6999 0.06646
38.1899 37.7119 0.06636
38.1778 37.7119 0.06639
38.2141 37.7119 0.06653
38.2382 37.7240 0.06663
38.2261 37.7119 0.06653
38.2261 37.7119 0.06673
38.2382 37.7119 0.06687
38.2382 37.7119 0.06666
38.2382 37.7119 0.06673
38.2382 37.7119 0.06670
38.2624 37.7240 0.06700
38.2141 37.7119 0.06690
38.2382 37.7361 0.06690
38.2866 37.7361 0.06673
38.2866 37.7602 0.06717
38.3107 37.7723 0.06724
38.2987 37.7481 0.06690
38.2745 37.7602 0.06690
38.2866 37.7481 0.06643
38.3228 37.7602 0.06595
38.3349 37.7844 0.06626
38.3591 37.7964 0.06792
38.3349 37.8085 0.06632
38.3591 37.8085 0.06738
38.3712 37.8206 0.06853
38.3712 37.8085 0.06616
38.3953 37.8327 0.06677
38.3591 37.7964 0.06632
38.3591 37.8447 0.06609
38.4074 37.8327 0.06680
38.3712 37.8447 0.08501
38.4074 37.8689 0.06653
38.4074 37.8568 0.06690
38.4195 37.8327 0.06809
38.4316 37.8568 0.06636
38.4316 37.8568 0.06765
38.4316 37.8447 0.06850
38.4316 37.8810 0.06900
41.1752 40.1630 0.08033
41.2114 40.1751 0.08172
41.1631 40.0785 0.08121
41.0906 40.0664 0.08124
41.0785 39.9698 0.08040
41.1510 40.0543 0.07975
41.1389 40.0905 0.08033
41.1147 40.1268 0.08043
41.1268 40.1026 0.08050
41.1510 40.1026 0.08023
41.1147 40.1268 0.08067
41.1510 40.1509 0.08046
41.1510 40.1268 0.08080
41.1147 40.1268 0.08053
41.1268 40.1509 0.08053
41.1510 40.1147 0.08050
41.1510 40.1388 0.08091
41.1510 40.1509 0.08070
41.1872 40.1630 0.08040
41.1993 40.1630 0.08053
41.1510 40.1751 0.08077
41.1631 40.1630 0.08087
41.1752 40.1751 0.08074
41.1993 40.1992 0.08084
41.1872 40.1751 0.08077
41.2114 40.1630 0.08104
41.2114 40.1992 0.08067
41.1872 40.1992 0.08057
41.1993 40.2113 0.08087
41.1993 40.1751 0.08053
41.1872 40.1751 0.07992
41.1993 40.1871 0.07938
41.1752 40.1871 0.07931
41.2114 40.1751 0.07931
41.1872 40.1992 0.07948
41.1752 40.1992 0.07962
41.2114 40.1992 0.07955
41.1872 40.1992 0.07958
41.2356 40.2234 0.07972
41.2356 40.1751 0.07985
41.2114 40.1992 0.08013
41.2356 40.1992 0.08043
41.2598 40.1751 0.08063
41.2235 40.1751 0.08070
41.2356 40.1992 0.08057
41.2477 40.2113 0.08084
41.2356 40.2113 0.08087
41.2235 40.2113 0.08101
41.2477 40.1992 0.08121
41.2356 40.2113 0.08104
41.2235 40.2234 0.08128
41.2598 40.2234 0.08087
41.2235 40.2113 0.08087
41.2598 40.1992 0.08118
41.2235 40.2234 0.08101
41.2477 40.1751 0.08091
41.2477 40.1871 0.08108
41.2356 40.2234 0.08104
41.2356 40.2234 0.08104
41.2356 40.2234 0.08101
41.2598 40.1751 0.08121
41.2598 40.2113 0.08108
41.2356 40.1871 0.08114
41.2235 40.2113 0.08091
41.2477 40.1992 0.08070
41.2477 40.2113 0.08074
41.2719 40.2113 0.08074
41.2356 40.1992 0.08074
41.2356 40.2113 0.08070
41.2356 40.1751 0.08074
41.2719 40.2113 0.08074
41.2598 40.2234 0.08046
41.2719 40.1871 0.08067
41.2719 40.1992 0.08074
41.2477 40.2234 0.08057
41.2719 40.1871 0.08070
41.2477 40.1992 0.08077
41.2719 40.1992 0.08080
41.2477 40.2234 0.08080
41.2356 40.2234 0.08067
41.2598 40.1871 0.08080
41.2839 40.1992 0.08080
41.2356 40.1871 0.08108
41.2719 40.1751 0.08080
41.2598 40.1992 0.08077
41.2477 40.2113 0.08101
41.2719 40.2113 0.08091
41.2598 40.1992 0.08077
41.2598 40.2113 0.08097
41.2719 40.2234 0.08087
41.2356 40.1751 0.08074
41.2719 40.2234 0.08074
41.2719 40.1751 0.08108
41.2598 40.1871 0.08074
41.2598 40.1992 0.08101
41.2356 40.2234 0.08080
41.2598 40.1871 0.08074
41.2598 40.2234 0.08087
41.2598 40.1630 0.08111
41.2719 40.2113 0.08084
41.2598 40.1871 0.08094
41.2598 40.1871 0.08097
41.2356 40.1871 0.08108
41.2839 40.2113 0.08128
41.2598 40.1992 0.08111
41.2477 40.2113 0.08084
41.3081 40.2234 0.08097
41.2598 40.1871 0.08087
41.2719 40.1871 0.08097
41.2356 40.1871 0.08084
29.3911 31.3488 0.03343
29.6208 31.5299 0.03404
29.8021 31.6748 0.03479
29.9955 31.8197 0.03510
30.2855 32.0491 0.03611
30.4789 32.1940 0.03679
30.6602 32.3389 0.03747
30.8657 32.4959 0.03791
31.0711 32.6287 0.03821
31.2403 32.7132 0.03910
31.4095 32.8702 0.04008
31.5908 33.0030 0.04038
31.7600 33.1116 0.04096
31.9292 33.2203 0.04127
32.0864 33.3290 0.04130
32.2314 33.4618 0.04198
32.4006 33.5342 0.04242
32.5215 33.6308 0.04272
32.6423 33.7154 0.04303
32.7994 33.8120 0.04361
32.8961 33.9206 0.04401
33.0412 33.9931 0.04435
33.1741 34.0776 0.04567
33.2950 34.1742 0.04628
33.3675 34.2466 0.04625
33.4763 34.2949 0.04628
33.5971 34.3674 0.04645
33.6938 34.4760 0.04679
33.8147 34.5243 0.04706
33.9235 34.6089 0.04781
34.0081 34.6813 0.04798
34.1048 34.7175 0.04812
34.1773 34.7658 0.04825
34.2860 34.8503 0.04846
34.3344 34.8503 0.04890
34.4432 34.9469 0.04927
34.5157 35.0073 0.04937
34.6003 35.0797 0.04978
34.6970 35.1039 0.05015
34.7453 35.1160 0.05012
34.8299 35.2005 0.05046
34.8783 35.2488 0.05056
34.9387 35.2971 0.05073
34.9991 35.3333 0.05117
35.0475 35.3575 0.05141
35.1442 35.4299 0.05134
35.1683 35.4540 0.05171
35.2409 35.5144 0.05174
35.3255 35.5023 0.05191
35.3617 35.5748 0.05222
35.4221 35.6352 0.05219
35.4584 35.6472 0.05246
35.5067 35.6835 0.05276
35.5793 35.7197 0.05307
35.6518 35.7197 0.05300
35.6760 35.7801 0.05351
35.7001 35.7801 0.05361
35.7485 35.8646 0.05354
35.8210 35.8525 0.05408
35.7968 35.8766 0.05412
35.8572 35.9249 0.05436
35.9177 35.9612 0.05442
35.9539 35.9732 0.05459
36.0144 36.0095 0.05446
36.0265 36.0215 0.05490
36.0748 36.0336 0.05497
36.0990 36.0819 0.05486
36.1352 36.1061 0.05530
36.1957 36.1664 0.05520
36.2077 36.1302 0.05564
36.2077 36.1906 0.05554
36.2803 36.2026 0.05571
36.2923 36.2147 0.05575
36.3286 36.2147 0.05591
36.3649 36.2268 0.05612
36.4011 36.2509 0.05629
36.4374 36.2992 0.05629
36.4495 36.3113 0.05649
36.4978 36.3596 0.05659
36.5099 36.3475 0.05666
36.5220 36.3717 0.05693
36.5462 36.3717 0.05680
36.5582 36.4079 0.05693
36.6187 36.4200 0.05686
36.6187 36.4200 0.05680
36.6670 36.4562 0.05697
36.6791 36.4924 0.05727
36.7154 36.4804 0.05703
36.7154 36.5045 0.05754
36.7275 36.5166 0.05747
36.7275 36.5166 0.05741
36.7879 36.5407 0.05754
36.7879 36.5528 0.05764
36.7879 36.5649 0.05778
36.8604 36.5890 0.05788
36.8604 36.6011 0.05775
36.8604 36.6132 0.05795
36.8725 36.6132 0.05792
36.9208 36.6735 0.05788
36.9208 36.6373 0.05819
36.9329 36.6494 0.05836
37.0054 36.6494 0.05842
36.9571 36.6977 0.05839
37.0054 36.6977 0.05836
37.0296 36.7098 0.05846
36.9813 36.7460 0.05863
37.0538 36.7460 0.05863
37.0538 36.7460 0.05873
37.0538 36.7581 0.05880
37.1142 36.7581 0.05887
37.1021 36.7943 0.05900
37.1142 36.7943 0.05900
37.1263 36.7943 0.05907
37.1505 36.7822 0.05917
37.1746 36.8184 0.05907
37.1626 36.8305 0.05920
37.1867 36.7943 0.05934
37.2109 36.8426 0.05890
37.2109 36.8547 0.05920
37.2351 36.8788 0.05948
37.2472 36.8547 0.05934
37.2592 36.8667 0.05934
37.2713 36.8909 0.05951
37.2592 36.9030 0.05937
37.2834 36.9271 0.05934
37.2834 36.9392 0.05944
37.3076 36.9392 0.05958
37.3076 36.9512 0.05992
37.3438 36.9633 0.05981
37.3559 36.9392 0.05971
37.3559 36.9875 0.05981
37.3801 36.9633 0.05998
37.3680 36.9875 0.05985
37.3922 36.9875 0.05995
37.4164 37.0358 0.06002
37.4043 36.9995 0.06005
37.4405 37.0237 0.05992
37.4284 37.0358 0.06002
37.4526 36.9995 0.06022
37.4647 37.0599 0.06022
37.4164 37.0358 0.06036
37.4647 37.0237 0.06046
37.4526 37.0599 0.06046
37.4647 37.0720 0.06049
37.4889 37.0720 0.06042
37.5131 37.0358 0.06066
37.5131 37.0720 0.06066
37.5251 37.1082 0.06070
37.5372 37.0841 0.06090
37.5614 37.1082 0.06070
37.5614 37.1324 0.06076
37.5493 37.1203 0.06090
37.5614 37.1203 0.06093
37.5977 37.1203 0.06110
37.5977 37.1324 0.06093
37.6097 37.1324 0.06120
37.6218 37.1444 0.06124
37.5977 37.1807 0.06137
37.6339 37.1686 0.06124
37.6339 37.1444 0.06127
37.6339 37.1807 0.06148
37.6581 37.1927 0.06117
37.6581 37.1927 0.06151
37.6581 37.1686 0.06148
37.6943 37.1927 0.06161
37.6581 37.1807 0.06151
37.6581 37.2290 0.06171
37.7306 37.2048 0.06134
37.6581 37.2290 0.06175
37.7064 37.2410 0.06171
37.7185 37.2169 0.06175
37.7306 37.2410 0.06158
37.7185 37.2652 0.06188
37.7427 37.2652 0.06165
37.7427 37.2531 0.06185
37.7306 37.2531 0.06188
37.7548 37.2652 0.06209
37.7789 37.2652 0.06192
37.7669 37.3014 0.06209
37.7548 37.3014 0.06226
37.7669 37.2893 0.06226
37.8031 37.3014 0.06219
37.8031 37.2893 0.06232
37.8031 37.3256 0.06239
37.8031 37.3135 0.06232
37.8152 37.3014 0.06246
37.8031 37.3618 0.06263
37.8394 37.3256 0.06219
37.8515 37.3376 0.06249
37.8273 37.3376 0.06232
37.8273 37.3376 0.06229
37.8756 37.3738 0.06259
37.8635 37.3738 0.06266
37.8877 37.3618 0.06256
37.8515 37.3618 0.06256
37.8635 37.3859 0.06280
37.8756 37.3618 0.06307
37.9240 37.3859 0.06327
37.9240 37.3738 0.06331
37.9240 37.3618 0.06354
37.9240 37.3738 0.06392
37.9361 37.4101 0.06371
37.9240 37.3859 0.06388
37.9482 37.4221 0.06419
37.9361 37.3980 0.06436
37.9240 37.4221 0.06412
37.9482 37.4101 0.06439
37.9361 37.4221 0.06419
37.9602 37.4463 0.06436
37.9844 37.4584 0.06402
37.9723 37.4584 0.06402
37.9965 37.4463 0.06392
37.9723 37.4704 0.06419
38.0086 37.4463 0.06422
38.0086 37.4704 0.06405
37.9844 37.4704 0.06405
38.0207 37.4704 0.06422
38.0207 37.4584 0.06432
38.0086 37.4825 0.06443
38.0448 37.4704 0.06419
38.0448 37.5067 0.06439
38.0448 37.4946 0.06429
38.0086 37.5067 0.06446
38.0448 37.4825 0.06449
38.0328 37.5067 0.06453
38.0690 37.5067 0.06429
38.0448 37.5308 0.06432
38.0690 37.5067 0.06429
38.0690 37.5187 0.06422
38.0811 37.5308 0.06439
38.0811 37.5550 0.06392
38.0811 37.5308 0.06378
38.0811 37.5308 0.06378
38.0932 37.5429 0.06361
38.0932 37.5308 0.06327
38.1174 37.5429 0.06324
38.0932 37.5550 0.06351
38.0932 37.5670 0.06354
38.1174 37.5308 0.06341
38.1294 37.5912 0.06334
38.1415 37.5670 0.06368
38.1174 37.5791 0.06341
38.1294 37.5791 0.06371
38.1657 37.5791 0.06358
38.1536 37.5791 0.06365
38.1899 37.5912 0.06368
38.1415 37.6153 0.06399
38.1899 37.5791 0.06354
38.1657 37.6033 0.06382
38.2020 37.6395 0.06402
38.2020 37.6153 0.06429
38.1778 37.6153 0.06382
38.1899 37.6395 0.06419
38.2141 37.6153 0.06422
38.2020 37.6153 0.06466
38.2382 37.6516 0.06460
38.2020 37.6395 0.06449
38.2382 37.6636 0.06477
38.2141 37.6516 0.06470
38.2261 37.6636 0.06436
38.2261 37.6516 0.06446
38.2624 37.6636 0.06466
38.2382 37.6636 0.06470
38.2261 37.6636 0.06436
38.2382 37.6878 0.06439
38.2382 37.6636 0.06446
38.2382 37.6999 0.06449
38.2866 37.7240 0.06446
38.2745 37.6999 0.06453
38.2745 37.7119 0.06453
38.2624 37.7119 0.06483
38.2624 37.7119 0.06453
38.2987 37.7119 0.06497
38.2866 37.7119 0.06449
38.2745 37.6999 0.06432
38.2745 37.7361 0.06443
38.2866 37.7119 0.06446
38.2987 37.7240 0.06483
38.3107 37.7602 0.06470
38.2987 37.7481 0.06473
38.3107 37.7240 0.06497
38.3107 37.7481 0.06517
38.3107 37.7602 0.06517
38.3107 37.7481 0.06517
38.3228 37.7723 0.06538
38.3107 37.7602 0.06514
38.3228 37.7602 0.06531
38.3107 37.7481 0.06524
38.3228 37.7844 0.06500
38.3349 37.7844 0.06510
38.3228 37.7723 0.06497
38.3228 37.7723 0.06504
38.3349 37.7844 0.06493
38.3228 37.7844 0.06490
38.3470 37.7723 0.06514
38.3470 37.7964 0.06507
38.3470 37.7964 0.06504
38.3349 37.7844 0.06480
38.3591 37.7844 0.06493
38.3712 37.7844 0.06510
38.3591 37.7964 0.06500
38.3712 37.7723 0.06500
38.3470 37.7723 0.06487
38.3953 37.7964 0.06504
38.3712 37.7844 0.06544
38.3591 37.8085 0.06514
38.3833 37.8327 0.06504
38.3712 37.8206 0.06538
38.3591 37.8085 0.06510
38.3591 37.8206 0.06443
38.3712 37.8085 0.06504
38.3953 37.8085 0.06538
38.3953 37.8327 0.06524
38.4074 37.8568 0.06534
38.4074 37.8327 0.06510
38.3833 37.8206 0.06426
38.4074 37.8327 0.06432
38.3953 37.8327 0.06449
38.3953 37.8447 0.06439
38.4195 37.8810 0.06449
38.4074 37.9051 0.06673
38.4195 37.8930 0.06707
38.4195 37.8689 0.06751
38.4195 37.8568 0.06734
38.4437 37.8689 0.06731
38.4316 37.8689 0.06727
38.4316 37.8689 0.06694
38.4316 37.8689 0.06724
38.4558 37.8810 0.06727
38.4679 37.8930 0.06734
38.4679 37.9051 0.06744
38.4679 37.8810 0.06727
38.4679 37.9051 0.06731
38.4799 37.9051 0.06721
38.4558 37.9051 0.06697
38.4799 37.9051 0.06697
38.4799 37.8930 0.06812
38.4799 37.9051 0.06802
38.4679 37.9172 0.06721
38.4920 37.9413 0.06755
38.4799 37.9413 0.06782
38.5283 37.9413 0.06717
38.5041 37.9413 0.06755
38.5041 37.9172 0.06748
38.5645 37.9655 0.06612
38.4920 37.9776 0.06609
32.8236 33.8965 0.04415
32.9687 33.9931 0.04462
33.1499 34.0897 0.04530
33.2708 34.1742 0.04551
33.4038 34.2587 0.04618
33.4884 34.2949 0.04622
33.5971 34.4277 0.04656
33.7180 34.4760 0.04710
33.8026 34.5243 0.04744
33.9355 34.6451 0.04720
34.0564 34.7175 0.04825
34.1531 34.7537 0.04866
34.1773 34.8141 0.04890
34.2981 34.8624 0.04940
34.3827 34.9590 0.04991
34.4794 34.9952 0.05008
34.5640 35.0435 0.05035
34.6607 35.0797 0.05052
34.7091 35.1401 0.05046
34.7816 35.2126 0.05083
34.9024 35.2488 0.05086
34.9750 35.3454 0.05147
35.0233 35.3816 0.05151
35.0958 35.4299 0.05185
35.1442 35.4782 0.05202
35.2409 35.4782 0.05252
35.2650 35.5386 0.05252
35.3738 35.5869 0.05269
35.4221 35.6352 0.05300
35.4705 35.6472 0.05347
35.5309 35.6835 0.05358
35.6034 35.7197 0.05361
35.6397 35.7921 0.05405
35.7001 35.8163 0.05405
35.7606 35.8766 0.05456
35.7968 35.8766 0.05483
35.8452 35.9008 0.05463
35.8935 35.9491 0.05500
35.9177 35.9612 0.05510
35.9781 36.0095 0.05530
36.0385 36.0095 0.05541
36.0869 36.0698 0.05551
36.0748 36.0819 0.05568
36.1594 36.1181 0.05598
36.1836 36.1181 0.05595
36.2440 36.1906 0.05588
36.2440 36.2268 0.05615
36.3044 36.2268 0.05625
36.3286 36.2509 0.05659
36.3770 36.2751 0.05656
36.4132 36.3113 0.05656
36.4253 36.3355 0.05683
36.4616 36.3475 0.05676
36.5099 36.3596 0.05680
36.5099 36.3838 0.05731
36.5582 36.4079 0.05727
36.5945 36.4441 0.05751
36.6308 36.4562 0.05764
36.6187 36.4200 0.05785
36.6670 36.5045 0.05822
36.6791 36.5166 0.05792
36.6912 36.5166 0.05839
36.7516 36.5407 0.05890
36.7758 36.5528 0.05873
36.7637 36.6011 0.05873
36.8121 36.5890 0.05931
36.8604 36.6132 0.05883
36.8846 36.6373 0.05887
36.8846 36.6494 0.05907
36.9329 36.6494 0.05903
36.9450 36.6494 0.05917
36.9571 36.6735 0.05920
36.9692 36.6977 0.05961
37.0054 36.6856 0.05941
37.0175 36.7460 0.05985
37.0779 36.7460 0.05975
37.0659 36.7701 0.05992
37.0779 36.7460 0.06022
37.1142 36.7822 0.06012
37.1505 36.8064 0.06049
37.1384 36.8426 0.06053
37.1746 36.8426 0.06059
37.1746 36.8426 0.06076
37.1988 36.8788 0.06053
37.2109 36.8426 0.06076
37.2230 36.8788 0.06080
37.2472 36.8909 0.06087
37.2713 36.9150 0.06104
37.2592 36.9030 0.06093
37.2955 36.9030 0.06093
37.3318 36.9392 0.06127
37.3076 36.9633 0.06110
37.3438 36.9512 0.06114
37.3318 36.9392 0.06154
37.3559 36.9754 0.06134
37.3801 36.9875 0.06120
37.4164 36.9995 0.06158
37.4043 37.0116 0.06158
37.4526 36.9875 0.06165
37.4164 37.0358 0.06171
37.4647 37.0237 0.06158
37.4405 37.0358 0.06168
37.4526 37.0358 0.06198
37.4647 37.0720 0.06212
37.4889 37.0599 0.06215
37.5010 37.0841 0.06202
37.5372 37.0720 0.06222
37.5010 37.1082 0.06229
37.5372 37.0961 0.06249
37.5614 37.0720 0.06229
37.5493 37.1082 0.06249
37.5614 37.1324 0.06239
37.5614 37.1324 0.06226
37.5735 37.1203 0.06249
37.5856 37.1324 0.06253
37.6097 37.1565 0.06270
37.5977 37.1444 0.06256
37.6460 37.1444 0.06263
37.5977 37.1686 0.06246
37.6581 37.1324 0.06246
37.6339 37.1686 0.06259
37.6339 37.1807 0.06256
37.6581 37.2290 0.06249
37.6823 37.1927 0.06270
37.6581 37.2290 0.06287
37.6823 37.2290 0.06307
37.7064 37.2048 0.06246
37.7185 37.2290 0.06297
37.7064 37.2290 0.06317
37.7185 37.2290 0.06297
37.7306 37.2290 0.06297
37.7306 37.2410 0.06300
37.7306 37.2893 0.06287
37.7185 37.2773 0.06300
37.7548 37.2773 0.06304
37.7789 37.2893 0.06293
37.7789 37.2893 0.06310
37.7548 37.2652 0.06307
37.7789 37.2773 0.06310
37.8031 37.2652 0.06327
37.7910 37.3135 0.06307
37.8273 37.2773 0.06304
37.8273 37.3256 0.06324
37.8273 37.3256 0.06348
37.8273 37.3256 0.06331
37.8273 37.3376 0.06317
37.8273 37.3618 0.06337
37.8152 37.3256 0.06354
37.8635 37.3376 0.06337
37.8515 37.3618 0.06344
37.8756 37.3376 0.06344
37.8515 37.3497 0.06371
37.8756 37.3618 0.06337
37.8998 37.3618 0.06354
37.8756 37.3859 0.06358
37.8877 37.3497 0.06375
37.8756 37.3859 0.06375
37.8877 37.3618 0.06365
37.8998 37.3738 0.06331
37.8998 37.3980 0.06361
37.9119 37.4221 0.06344
37.9482 37.3859 0.06371
37.9240 37.4221 0.06378
37.9119 37.4101 0.06365
37.9361 37.4221 0.06371
37.9240 37.3980 0.06365
37.9361 37.4101 0.06365
37.9482 37.4342 0.06375
37.9965 37.4221 0.06371
37.9602 37.4342 0.06402
37.9482 37.4221 0.06392
37.9723 37.4101 0.06392
37.9602 37.4584 0.06402
37.9482 37.4704 0.06382
38.0086 37.4704 0.06405
37.9723 37.4584 0.06402
38.0448 37.4584 0.06395
38.0086 37.4584 0.06419
37.9965 37.4704 0.06409
37.9965 37.4704 0.06405
38.0086 37.4704 0.06399
37.9844 37.4463 0.06399
38.0086 37.4584 0.06392
37.9965 37.5067 0.06405
38.0328 37.4946 0.06409
38.0207 37.4946 0.06405
38.0448 37.5187 0.06422
38.0328 37.5067 0.06409
38.0328 37.5067 0.06415
38.0448 37.5187 0.06402
38.0569 37.5550 0.06405
38.0448 37.5187 0.06415
38.0690 37.5187 0.06399
38.0690 37.5187 0.06426
38.0328 37.5187 0.06443
38.0690 37.5429 0.06443
38.0448 37.5429 0.06446
38.0569 37.5187 0.06436
38.0690 37.5550 0.06429
38.0811 37.5429 0.06415
38.0811 37.5550 0.06429
38.0811 37.5308 0.06436
38.0811 37.5550 0.06412
38.1174 37.5670 0.06432
38.0811 37.5429 0.06439
38.0932 37.5550 0.06436
38.0932 37.5550 0.06415
38.0690 37.5550 0.06436
38.0932 37.5670 0.06432
38.1174 37.5670 0.06422
38.1294 37.5670 0.06392
38.1174 37.5670 0.06392
38.0932 37.5670 0.06402
38.1174 37.6033 0.06395
38.1053 37.5791 0.06415
38.1294 37.5791 0.06422
38.1174 37.6033 0.06426
38.1174 37.5912 0.06415
38.1415 37.6033 0.06419
38.1657 37.6153 0.06426
38.1415 37.6153 0.06449
38.1778 37.6153 0.06419
38.1294 37.6033 0.06409
38.1657 37.6033 0.06426
38.1778 37.6153 0.06432
38.1778 37.6153 0.06436
38.1657 37.6153 0.06443
38.1657 37.6274 0.06429
38.1778 37.6395 0.06422
38.1778 37.6274 0.06436
38.1899 37.6153 0.06443
38.1657 37.6153 0.06432
38.1899 37.6516 0.06449
38.2020 37.6516 0.06432
38.2141 37.6395 0.06449
38.2141 37.6516 0.06449
38.1899 37.6274 0.06443
38.1899 37.6636 0.06453
38.2261 37.6636 0.06432
38.2020 37.6636 0.06446
38.2141 37.6636 0.06439
38.1899 37.6516 0.06446
38.2141 37.6878 0.06456
38.2141 37.6516 0.06453
38.1899 37.6757 0.06436
38.1899 37.6636 0.06446
38.2261 37.6757 0.06456
38.2141 37.6636 0.06473
38.2624 37.7119 0.06470
38.2261 37.6757 0.06456
38.2382 37.6999 0.06449
38.2261 37.7119 0.06477
38.2382 37.6999 0.06449
38.2382 37.6636 0.06456
38.2745 37.6757 0.06453
38.2382 37.7240 0.06477
38.2382 37.6757 0.06449
38.2382 37.7119 0.06449
38.2745 37.7361 0.06460
38.2382 37.7119 0.06463
38.2382 37.7119 0.06460
38.2624 37.7119 0.06449
38.2503 37.7119 0.06453
38.2624 37.7240 0.06463
38.2382 37.7119 0.06443
38.3107 37.7240 0.06443
38.2987 37.7119 0.06449
38.2745 37.7119 0.06453
38.2624 37.7481 0.06443
38.2745 37.7240 0.06453
38.2866 37.7240 0.06466
38.2987 37.6999 0.06473
38.3107 37.7240 0.06446
38.2866 37.7481 0.06456
38.3107 37.7361 0.06487
38.2745 37.7240 0.06463
38.2745 37.7361 0.06470
38.3470 37.7361 0.06446
38.3349 37.7240 0.06466
38.2866 37.7481 0.06466
38.3228 37.7119 0.06483
38.3228 37.7602 0.06453
38.3349 37.7361 0.06466
38.3107 37.7481 0.06480
38.3107 37.7481 0.06477
38.3470 37.7481 0.06456
38.3107 37.7481 0.06477
38.3349 37.7602 0.06480
38.3349 37.7602 0.06463
38.3107 37.7602 0.06480
38.3470 37.7602 0.06463
38.3349 37.7723 0.06466
38.3591 37.7723 0.06493
38.3349 37.7844 0.06500
38.3349 37.7602 0.06500
38.3107 37.7723 0.06510
38.3349 37.7602 0.06517
38.3591 37.7844 0.06490
38.3712 37.7844 0.06521
38.3591 37.7844 0.06507
38.3349 37.7602 0.06524
38.3712 37.7844 0.06510
38.3591 37.7844 0.06510
38.3470 37.7602 0.06534
38.3712 37.7844 0.06514
38.3712 37.7844 0.06527
38.3833 37.7844 0.06510
38.3470 37.7964 0.06527
38.3349 37.7844 0.06497
38.3712 37.8085 0.06527
38.3712 37.7723 0.06517
38.3833 37.8085 0.06521
38.3349 37.7964 0.06517
38.3712 37.7844 0.06510
38.3712 37.8085 0.06531
38.3833 37.7964 0.06514
38.3712 37.7964 0.06504
38.3953 37.8085 0.06497
38.3953 37.8085 0.06517
38.3833 37.7844 0.06524
38.3712 37.8085 0.06500
38.3833 37.8085 0.06504
38.3712 37.8085 0.06534
38.3833 37.7844 0.06517
38.4074 37.8206 0.06514
38.4074 37.8085 0.06521
38.4074 37.8447 0.06500
38.4074 37.8327 0.06493
38.3953 37.8085 0.06487
38.3833 37.8206 0.06497
38.4074 37.8327 0.06466
38.4074 37.8085 0.06460
38.3833 37.8206 0.06439
38.3953 37.8206 0.06426
38.4195 37.8447 0.06429
38.3953 37.8085 0.06405
38.4195 37.8568 0.06392
38.4074 37.8568 0.06392
38.4074 37.8206 0.06392
38.4316 37.8447 0.06358
38.4074 37.8568 0.06375
38.4316 37.8447 0.06371
38.4195 37.8447 0.06368
38.4074 37.8327 0.06317
38.4558 37.8327 0.06327
38.4195 37.8447 0.06341
38.4316 37.8206 0.06324
38.4558 37.8447 0.06344
38.4316 37.8206 0.06334
38.4316 37.8327 0.06365
38.4316 37.8930 0.06588
38.4679 37.8689 0.06653
38.4316 37.8568 0.06934
38.4316 37.8810 0.06931
38.4679 37.8689 0.06955
38.4558 37.8930 0.06853
38.4799 37.8568 0.06748
38.4558 37.8810 0.06673
38.4799 37.8930 0.06714
38.4679 37.8689 0.06694
38.4799 37.8689 0.06755
38.4920 37.9172 0.06697
38.5041 37.9051 0.06697
38.5041 37.8810 0.06704
38.4799 37.8689 0.06721
38.5041 37.8810 0.06731
38.5041 37.8568 0.06761
38.5041 37.8930 0.06588
38.5525 37.9293 0.06527
38.5162 37.9172 0.06599
38.5766 37.9051 0.06548
38.5645 37.9413 0.06578
40.8488 39.8128 0.07890
40.8851 39.8491 0.07860
40.8005 39.8008 0.07802
40.7884 39.7645 0.07785
40.7280 39.6921 0.07721
40.8126 39.7645 0.07755
40.8126 39.7766 0.07735
40.7884 39.7766 0.07684
40.7884 39.7766 0.07694
40.7763 39.8008 0.07667
40.7521 39.7887 0.07701
40.7884 39.7766 0.07731
40.7884 39.7887 0.07728
40.8005 39.7887 0.07772
40.7884 39.8008 0.07762
40.7642 39.8249 0.07799
40.7884 39.7766 0.07779
40.8126 39.7887 0.07755
40.8247 39.8249 0.07768
40.8005 39.8128 0.07768
40.8005 39.8249 0.07796
40.8126 39.8008 0.07819
40.8005 39.7887 0.07833
40.8126 39.8128 0.07813
40.8367 39.8128 0.07802
40.8247 39.8370 0.07819
40.8367 39.8128 0.07833
40.8247 39.8008 0.07850
40.7884 39.8370 0.07870
40.7884 39.8008 0.07874
40.8247 39.8491 0.07863
40.8247 39.8249 0.07860
40.8609 39.8008 0.07857
40.8367 39.8008 0.07840
40.8367 39.8249 0.07799
40.8126 39.8370 0.07799
40.8247 39.8611 0.07806
40.8609 39.8370 0.07809
40.8247 39.8370 0.07819
40.8247 39.7766 0.07724
40.8367 39.8128 0.07738
40.8247 39.8491 0.07741
40.8126 39.8249 0.07782
40.8247 39.8128 0.07802
40.8005 39.8249 0.07809
40.8126 39.8249 0.07816
40.8488 39.8370 0.07802
40.8367 39.8370 0.07813
40.8247 39.8370 0.07809
40.8609 39.8249 0.07813
40.8247 39.8491 0.07806
40.8247 39.8249 0.07836
40.8126 39.8370 0.07765
33.6213 34.3553 0.04720
33.7180 34.4398 0.04757
33.8389 34.4760 0.04784
33.9355 34.5847 0.04808
34.0322 34.6451 0.04900
34.1289 34.7054 0.04934
34.2135 34.8020 0.04947
34.2981 34.8141 0.05001
34.3706 34.8624 0.05025
34.4552 34.9107 0.05025
34.5399 34.9952 0.05066
34.6486 35.0556 0.05096
34.6970 35.0556 0.05137
34.7453 35.0918 0.05157
34.8299 35.2005 0.05181
34.8904 35.2367 0.05219
34.9750 35.2850 0.05242
35.0354 35.3212 0.05249
35.0716 35.3333 0.05293
35.1321 35.3937 0.05307
35.2167 35.4299 0.05320
35.2409 35.4540 0.05341
35.3134 35.5144 0.05374
35.3738 35.5386 0.05395
35.3980 35.5748 0.05405
35.4705 35.6352 0.05439
35.5551 35.6472 0.05466
35.5672 35.6835 0.05500
35.6397 35.7197 0.05510
35.7001 35.7801 0.05527
35.7001 35.7801 0.05527
35.7485 35.7801 0.05537
35.7968 35.8404 0.05541
35.8331 35.8646 0.05571
35.8814 35.8887 0.05605
35.9418 35.9370 0.05591
35.9902 35.9491 0.05595
35.9781 35.9732 0.05666
36.0144 36.0095 0.05659
36.0869 36.0336 0.05683
36.0990 36.0578 0.05697
36.1473 36.0940 0.05720
36.1957 36.1061 0.05720
36.2198 36.1423 0.05727
36.2561 36.1785 0.05744
36.2682 36.1664 0.05761
36.3044 36.1785 0.05778
36.3044 36.2026 0.05788
36.3770 36.2268 0.05805
36.4011 36.2751 0.05809
36.4495 36.2872 0.05842
36.4495 36.2872 0.05842
36.4736 36.2630 0.05866
36.4978 36.2992 0.05846
36.5099 36.3234 0.05876
36.5341 36.3717 0.05883
36.5824 36.3838 0.05890
36.6187 36.3838 0.05907
36.6187 36.3958 0.05907
36.6308 36.4079 0.05920
36.6791 36.4200 0.05920
36.6670 36.4804 0.05958
36.6912 36.4804 0.05927
36.7275 36.5045 0.05954
36.7395 36.4924 0.05948
36.7637 36.5407 0.05975
36.8121 36.5166 0.05981
36.8000 36.5407 0.05975
36.8362 36.5649 0.05954
36.8362 36.5890 0.05958
36.8846 36.6011 0.05941
36.9208 36.6011 0.05964
36.9329 36.6132 0.05992
36.9329 36.6132 0.06022
36.9450 36.6252 0.06026
36.9571 36.6494 0.06039
36.9692 36.6735 0.06070
37.0175 36.6615 0.06042
37.0175 36.6977 0.06019
37.0175 36.6856 0.06070
37.0175 36.6977 0.06066
37.0417 36.7460 0.06039
37.0659 36.7339 0.06080
37.0779 36.7460 0.06097
37.0779 36.7581 0.06063
37.0900 36.7460 0.06073
37.1263 36.7701 0.06063
37.1626 36.7943 0.06090
37.1505 36.7943 0.06070
37.1626 36.7943 0.06019
37.1867 36.8426 0.06019
37.2109 36.8426 0.06032
37.2109 36.8426 0.06042
37.2230 36.8547 0.06029
37.2351 36.8667 0.06056
37.2592 36.8667 0.06053
37.2472 36.8909 0.06022
37.3076 36.8547 0.06042
37.2955 36.8909 0.06036
37.2955 36.9030 0.05998
37.3438 36.9392 0.06012
37.3076 36.9392 0.05992
37.3680 36.9392 0.05988
37.3438 36.9875 0.06005
37.3680 36.9754 0.06022
37.3680 36.9512 0.06005
37.3680 36.9754 0.06032
37.3922 36.9875 0.06039
37.4405 37.0116 0.06022
37.4284 36.9995 0.06036
37.4043 37.0237 0.06053
37.4405 37.0237 0.06056
37.4405 37.0478 0.06066
37.4526 37.0478 0.06097
37.4768 37.0358 0.06087
37.4647 37.0599 0.06063
37.5010 37.0841 0.06100
37.5131 37.0841 0.06090
37.4889 37.0720 0.06107
37.5131 37.0599 0.06093
37.5372 37.1203 0.06117
37.5131 37.1203 0.06120
37.5372 37.1444 0.06104
37.5614 37.1444 0.06131
37.5493 37.1203 0.06114
37.6097 37.1203 0.06117
37.5856 37.1444 0.06141
37.6339 37.1807 0.06127
37.6097 37.1686 0.06151
37.6097 37.1807 0.06148
37.6097 37.1686 0.06137
37.6339 37.1807 0.06154
37.6339 37.1807 0.06154
37.6339 37.1927 0.06141
37.6581 37.2048 0.06141
37.6460 37.2290 0.06161
37.6581 37.2169 0.06165
37.6581 37.2169 0.06168
37.6943 37.2169 0.06165
37.6943 37.2290 0.06148
37.7064 37.2290 0.06178
37.6943 37.2410 0.06178
37.7064 37.2410 0.06266
37.7064 37.2410 0.06270
37.7548 37.2893 0.06280
37.7789 37.2652 0.06324
37.7548 37.2652 0.06375
37.7910 37.2893 0.06446
37.7789 37.3256 0.06483
37.7789 37.3014 0.06514
37.7910 37.3376 0.06500
37.8273 37.3256 0.06524
37.8152 37.3256 0.06517
37.8273 37.3376 0.06504
37.8152 37.3376 0.06483
37.8394 37.3618 0.06510
37.8394 37.3618 0.06497
37.8515 37.3738 0.06514
37.8756 37.3618 0.06517
37.8515 37.3738 0.06531
37.8635 37.3618 0.06534
37.9119 37.4101 0.06544
37.9119 37.3859 0.06524
37.9119 37.3618 0.06517
37.9361 37.4101 0.06507
37.9240 37.3738 0.06531
37.9361 37.3859 0.06554
37.9240 37.3859 0.06616
37.9482 37.4101 0.06595
37.9482 37.4342 0.06538
37.9844 37.4463 0.06500
38.0086 37.4584 0.06510
37.9965 37.4584 0.06575
37.9844 37.4704 0.06443
38.0086 37.5067 0.06470
37.9361 37.4463 0.06599
38.0207 37.4946 0.06697
38.0207 37.4825 0.06510
38.0207 37.4704 0.06575
38.0207 37.5067 0.06449
38.0328 37.5067 0.06470
38.0448 37.5067 0.06588
38.0448 37.5067 0.06432
38.0811 37.5429 0.06446
38.0448 37.4946 0.06575
38.0690 37.5308 0.06443
38.0811 37.5308 0.06480
38.0811 37.5067 0.06595
38.0811 37.5550 0.06466
38.1294 37.5429 0.06446
38.0811 37.5429 0.06561
38.0811 37.5550 0.06436
38.1174 37.5670 0.06466
38.1053 37.5912 0.06541
38.1053 37.5791 0.06463
38.1174 37.6274 0.06470
38.1053 37.5670 0.06531
38.1294 37.6153 0.06446
38.1415 37.6274 0.06463
38.1415 37.6033 0.06585
38.1657 37.6033 0.06460
38.1657 37.6274 0.06470
38.1657 37.6153 0.06592
38.1899 37.6395 0.06504
38.1657 37.6757 0.06466
38.1415 37.6153 0.06595
38.1778 37.6033 0.06477
38.1899 37.6516 0.06483
38.1778 37.6516 0.06877
38.1899 37.6395 0.06877
38.2141 37.6636 0.09210
40.8126 39.7645 0.07487
40.8126 39.7525 0.07345
40.8126 39.7162 0.07328
40.7763 39.7404 0.07314
40.8126 39.7404 0.07324
40.8005 39.7404 0.07290
40.8005 39.7042 0.07300
40.7884 39.7283 0.07294
40.8005 39.7042 0.07307
40.7521 39.7404 0.07314
40.7521 39.7404 0.07317
40.7763 39.7525 0.07297
40.7884 39.7283 0.07321
40.7521 39.7162 0.07277
40.7884 39.7404 0.07328
40.7521 39.7283 0.07321
40.8005 39.7162 0.07304
40.7884 39.7042 0.07304
40.7763 39.7404 0.07321
40.7884 39.7042 0.07338
40.7763 39.7404 0.07304
40.8005 39.7042 0.07328
40.7763 39.7283 0.07314
40.8005 39.7283 0.07314
40.7763 39.7525 0.07287
40.7521 39.7042 0.07304
40.7763 39.7283 0.07287
40.7521 39.7042 0.07324
40.7521 39.6921 0.07287
