12.10.2005  1.0  Inf  4.0  11.0390   9.5061   7.4131   8.3017   9.1090   6.3977   7.1514   7.2346   7.9345   5.4336   8.0309   6.6178   9.1609   8.1227   0.0148   0.0142   0.0095   0.0061   0.0059   0.0022   0.0025   0.0033   0.0037   0.0000   0.0034   0.0028   0.0022   0.0050   0.0006   0.0006   0.0011   0.0008   0.0006   0.0005   0.0007   0.0009   0.0011   0.0000   0.0007   0.0012   0.0013   0.0005
12.10.2005  1.0  Inf  4.0  11.0389   9.5061   7.4125   8.2959   9.1008   6.3866   7.1474   7.2331   7.9339   5.4336   8.0309   6.6178   9.1609   8.1227   0.0149   0.0142   0.0099   0.0085   0.0097   0.0135   0.0058   0.0040   0.0039   0.0000   0.0034   0.0028   0.0022   0.0050   0.0006   0.0006   0.0011   0.0007   0.0005   0.0005   0.0006   0.0009   0.0011   0.0000   0.0007   0.0012   0.0013   0.0005
12.10.2005  1.0  Inf  4.0  11.0390   9.5061   7.4126   8.2985   9.1048   6.3887   7.1514   7.2340   7.9341   5.4336   8.0309   6.6178   9.1609   8.1227   0.0148   0.0142   0.0097   0.0074   0.0080   0.0083   0.0045   0.0037   0.0038   0.0000   0.0034   0.0028   0.0022   0.0050   0.0006   0.0006   0.0011   0.0007   0.0005   0.0005   0.0008   0.0009   0.0011   0.0000   0.0007   0.0012   0.0013   0.0005
12.10.2005  1.0  Inf  4.0  11.0390   9.5061   7.4127   8.2992   9.1055   6.3907   7.1526   7.2342   7.9342   5.4336   8.0309   6.6178   9.1609   8.1227   0.0148   0.0142   0.0097   0.0072   0.0076   0.0071   0.0041   0.0036   0.0038   0.0000   0.0034   0.0028   0.0022   0.0050   0.0006   0.0006   0.0011   0.0007   0.0005   0.0004   0.0008   0.0009   0.0011   0.0000   0.0007   0.0012   0.0013   0.0005
12.10.2005  1.0  Inf  4.0  11.0390   9.5061   7.4128   8.2995   9.1060   6.3917   7.1529   7.2344   7.9342   5.4336   8.0309   6.6178   9.1609   8.1227   0.0148   0.0142   0.0097   0.0071   0.0074   0.0065   0.0040   0.0036   0.0038   0.0000   0.0034   0.0028   0.0022   0.0050   0.0006   0.0006   0.0011   0.0007   0.0006   0.0004   0.0009   0.0009   0.0011   0.0000   0.0007   0.0012   0.0013   0.0005
13.10.2005  1.0  Inf  4.0  11.0499   9.5122   7.3954   8.2941   9.1173   6.3974   7.1574   7.2455   7.9340   5.4336   8.0426   6.6207   9.1509   8.1382   0.0206   0.0191   0.0136   0.0108   0.0106   0.0093   0.0061   0.0052   0.0047   0.0000   0.0046   0.0047   0.0028   0.0060   0.0006   0.0007   0.0011   0.0008   0.0006   0.0005   0.0006   0.0007   0.0013   0.0000   0.0003   0.0016   0.0009   0.0004
14.10.2005  1.0  Inf  4.0  11.0880   9.5385   7.3988   8.2947   9.1287   6.4143   7.1671   7.2504   7.9439   5.4336   8.0530   6.6256   9.1597   8.1416   0.0183   0.0172   0.0123   0.0103   0.0102   0.0101   0.0061   0.0051   0.0047   0.0000   0.0045   0.0037   0.0028   0.0058   0.0005   0.0005   0.0009   0.0006   0.0005   0.0005   0.0006   0.0007   0.0010   0.0000   0.0007   0.0011   0.0010   0.0007
14.10.2005  1.0  Inf  3.5  11.0887   9.5381   7.3989   8.2953   9.1293   6.4161   7.1683   7.2505   7.9438   5.4336   8.0528   6.6241   9.1593   8.1409   0.0183   0.0172   0.0123   0.0100   0.0098   0.0089   0.0058   0.0050   0.0047   0.0000   0.0045   0.0036   0.0028   0.0058   0.0005   0.0005   0.0009   0.0006   0.0005   0.0005   0.0006   0.0007   0.0010   0.0000   0.0007   0.0010   0.0010   0.0007
14.10.2005  1.0  Inf  3.0  11.0888   9.5380   7.3987   8.2956   9.1301   6.4170   7.1688   7.2502   7.9435   5.4336   8.0526   6.6159   9.1586   8.1350   0.0184   0.0172   0.0122   0.0099   0.0096   0.0083   0.0056   0.0050   0.0046   0.0000   0.0045   0.0031   0.0028   0.0055   0.0005   0.0005   0.0009   0.0006   0.0005   0.0005   0.0006   0.0007   0.0010   0.0000   0.0006   0.0005   0.0009   0.0004
15.10.2005  1.0  Inf  3.0  11.0476   9.5132   7.3686   8.2734   9.1220   6.4077   7.1598   7.2273   7.9293   5.4336   8.0365   6.6070   9.1460   8.1375   0.0152   0.0145   0.0105   0.0083   0.0079   0.0063   0.0044   0.0036   0.0038   0.0000   0.0037   0.0025   0.0025   0.0059   0.0007   0.0009   0.0015   0.0007   0.0007   0.0004   0.0008   0.0005   0.0014   0.0000   0.0004   0.0007   0.0014   0.0006
15.10.2005  1.0  Inf  4.0  11.0516   9.5187   7.3751   8.2771   9.1258   6.4082   7.1657   7.2411   7.9356   5.4336   8.0480   6.6243   9.1541   8.1430   0.0153   0.0147   0.0106   0.0084   0.0080   0.0063   0.0046   0.0043   0.0040   0.0000   0.0042   0.0034   0.0027   0.0061   0.0007   0.0009   0.0013   0.0007   0.0007   0.0005   0.0009   0.0009   0.0014   0.0000   0.0007   0.0012   0.0014   0.0006
17.10.2005  1.0  Inf  4.0  11.0375   9.4716   7.2734   8.1516   9.0940   6.3999   7.1374   7.2214   7.8945   5.4236   8.0357   6.5734   9.0825   8.1156   0.0148   0.0124   0.0063   0.0058   0.0058   0.0035   0.0023   0.0023   0.0022   0.0000   0.0050   0.0009   0.0001   0.0068   0.0005   0.0004   0.0004   0.0004   0.0003   0.0003   0.0003   0.0003   0.0004   0.0000   0.0003   0.0003   0.0003   0.0003
18.10.2005  1.0  Inf  4.0  11.0484   9.5041   7.3029   8.1568   9.1178   6.4104   7.1612   7.2461   7.9178   5.4236   8.0403   6.6034   9.1305   8.1350   0.0127   0.0122   0.0086   0.0069   0.0062   0.0042   0.0034   0.0035   0.0032   0.0000   0.0038   0.0031   0.0024   0.0062   0.0005   0.0007   0.0014   0.0009   0.0008   0.0005   0.0008   0.0008   0.0015   0.0000   0.0009   0.0009   0.0013   0.0005
18.10.2005  1.0  Inf  3.5  11.0485   9.5043   7.3028   8.1566   9.1166   6.4086   7.1598   7.2456   7.9177   5.4236   8.0402   6.5972   9.1305   8.1341   0.0128   0.0122   0.0086   0.0072   0.0066   0.0054   0.0037   0.0036   0.0032   0.0000   0.0038   0.0027   0.0024   0.0062   0.0005   0.0007   0.0013   0.0009   0.0007   0.0005   0.0007   0.0008   0.0015   0.0000   0.0009   0.0006   0.0013   0.0004
18.10.2005  1.5  Inf  3.5  11.0552   9.5134   7.3122   8.1595   9.1246   6.4113   7.1642   7.2502   7.9268   5.4236   8.0461   6.6066   9.1389   8.1357   0.0129   0.0124   0.0089   0.0072   0.0068   0.0055   0.0038   0.0036   0.0034   0.0000   0.0039   0.0031   0.0025   0.0062   0.0004   0.0004   0.0010   0.0009   0.0005   0.0003   0.0006   0.0007   0.0012   0.0000   0.0006   0.0010   0.0012   0.0005
19.10.2005  1.0  Inf  4.0  11.0332   9.5045   7.2897   8.1331   9.1182   6.4085   7.1647   7.2525   7.9415   5.4236   8.0435   6.6100   9.1447   8.1331   0.0134   0.0135   0.0103   0.0081   0.0078   0.0060   0.0045   0.0043   0.0042   0.0000   0.0045   0.0035   0.0031   0.0065   0.0011   0.0013   0.0019   0.0012   0.0012   0.0008   0.0013   0.0011   0.0016   0.0000   0.0008   0.0014   0.0011   0.0007
19.10.2005  1.0  Inf  3.5  11.0336   9.5046   7.2894   8.1315   9.1148   6.4059   7.1625   7.2518   7.9412   5.4236   8.0435   6.6085   9.1445   8.1327   0.0135   0.0135   0.0103   0.0084   0.0081   0.0072   0.0048   0.0043   0.0042   0.0000   0.0045   0.0035   0.0031   0.0065   0.0011   0.0013   0.0019   0.0012   0.0011   0.0006   0.0012   0.0011   0.0016   0.0000   0.0008   0.0013   0.0011   0.0006
19.10.2005  1.0 15.0  3.5  11.0336   9.5046   7.2895   8.1318   9.1161   6.4069   7.1636   7.2518   7.9402   5.4236   8.0439   6.6077   9.1427   8.1330   0.0135   0.0135   0.0103   0.0082   0.0080   0.0066   0.0047   0.0043   0.0041   0.0000   0.0046   0.0034   0.0030   0.0065   0.0011   0.0013   0.0018   0.0011   0.0011   0.0007   0.0012   0.0011   0.0016   0.0000   0.0008   0.0013   0.0010   0.0006
20.10.2005  1.0 15.0  3.5  11.0012   9.4660   7.2348   8.0980   9.0935   6.3960   7.1458   7.2358   7.9056   5.4236   8.0308   6.5858   9.1137   8.1203   0.0109   0.0106   0.0075   0.0061   0.0058   0.0043   0.0029   0.0029   0.0025   0.0000   0.0034   0.0025   0.0020   0.0061   0.0015   0.0017   0.0020   0.0016   0.0013   0.0009   0.0011   0.0010   0.0013   0.0000   0.0009   0.0011   0.0013   0.0008
20.10.2005  1.5 15.0  3.5  11.0173   9.4831   7.2507   8.1114   9.1019   6.4003   7.1515   7.2427   7.9153   5.4236   8.0377   6.5929   9.1248   8.1254   0.0112   0.0110   0.0080   0.0066   0.0061   0.0051   0.0032   0.0031   0.0028   0.0000   0.0036   0.0027   0.0023   0.0063   0.0009   0.0012   0.0015   0.0012   0.0008   0.0006   0.0008   0.0009   0.0012   0.0000   0.0008   0.0012   0.0014   0.0008
20.10.2005  1.8 15.0  3.5  11.0242   9.4929   7.2628   8.1209   9.1090   6.4035   7.1607   7.2517   7.9254   5.4236   8.0480   6.6013   9.1366   8.1319   0.0113   0.0112   0.0083   0.0067   0.0061   0.0048   0.0035   0.0035   0.0031   0.0000   0.0040   0.0031   0.0026   0.0065   0.0007   0.0010   0.0012   0.0010   0.0006   0.0005   0.0009   0.0010   0.0013   0.0000   0.0010   0.0012   0.0013   0.0008
20. 1.2006  1.0 15.0  4.0  10.9714   9.5625   8.9839   9.1928   9.1155   6.7166   7.0670   7.2652   7.7584   5.3948   8.0330   9.5724   9.1805   8.1210   0.0084   0.0098   0.0064   0.0059   0.0051   0.0034   0.0029   0.0034   0.0028   0.0000   0.0041   0.0040   0.0030   0.0070   0.0016   0.0012   0.0018   0.0012   0.0013   0.0013   0.0042   0.0013   0.0016   0.0000   0.0009   0.0014   0.0012   0.0007
20. 1.2006  1.0 15.0  4.0  10.9713   9.5625   8.9837   9.1912   9.1136   6.7118   7.0654   7.2649   7.7583   5.3948   8.0330   9.5724   9.1805   8.1210   0.0084   0.0098   0.0064   0.0062   0.0056   0.0048   0.0033   0.0035   0.0029   0.0000   0.0041   0.0040   0.0030   0.0070   0.0016   0.0012   0.0018   0.0012   0.0012   0.0011   0.0043   0.0013   0.0016   0.0000   0.0009   0.0014   0.0012   0.0007
25. 1.2006  1.0 15.0  3.0  11.0530   9.5498   8.9501   9.2082   9.1052   6.7094   7.0919   7.2345   7.7390   5.3948   8.0006   9.5383   9.1424   8.0253   0.0118   0.0102   0.0060   0.0087   0.0065   0.0060   0.0036   0.0026   0.0025   0.0000   0.0054   0.0046   0.0046   0.0082   0.0015   0.0016   0.0021   0.0030   0.0010   0.0011   0.0009   0.0017   0.0013   0.0000   0.0011   0.0016   0.0031   0.0026
21. 1.2006  1.0 15.0  3.5  10.9243   9.5089   8.9681   9.1289   9.0792   6.6865   7.1071   7.2505   7.7003   5.3948   8.1862   9.5208   9.1422   8.1734   0.0112   0.0121   0.0090   0.0084   0.0080   0.0072   0.0062   0.0049   0.0011   0.0000   0.0175   0.0031   0.0020   0.0118   0.0011   0.0009   0.0010   0.0011   0.0010   0.0009   0.0010   0.0009   0.0017   0.0000   0.0060   0.0008   0.0009   0.0012
21. 1.2006  1.0 15.0  3.5  10.9243   9.5089   8.9681   9.1289   9.0792   6.6865   7.1071   7.2505   7.7003   5.3948   8.1862   9.5208   9.1422   8.1734   0.0112   0.0121   0.0090   0.0084   0.0080   0.0072   0.0062   0.0049   0.0011   0.0000   0.0175   0.0031   0.0020   0.0118   0.0011   0.0009   0.0010   0.0011   0.0010   0.0009   0.0010   0.0009   0.0017   0.0000   0.0060   0.0008   0.0009   0.0012
21. 1.2006  2.4 15.0  3.5  10.9446   9.4944   8.9421   9.1428   9.0836   6.6823   7.0883   7.2379   7.6064   5.3948   7.8164   9.5015   9.0932   8.1971   0.0117   0.0116   0.0081   0.0088   0.0082   0.0070   0.0053   0.0044  -0.0028   0.0000   0.0030   0.0025   0.0002   0.0127   0.0012   0.0012   0.0012   0.0012   0.0012   0.0011   0.0011   0.0011   0.0011   0.0000   0.0010   0.0011   0.0010   0.0013
28. 1.2006  1.0  Inf  4.0  11.0544   9.5999   9.0210   9.2094   9.1310   6.7275   7.1195   7.2743   7.7729   5.3948   8.0316   9.5765   9.2071   8.1253   0.0133   0.0137   0.0102   0.0096   0.0093   0.0094   0.0062   0.0055   0.0040   0.0000   0.0052   0.0048   0.0042   0.0073   0.0009   0.0011   0.0016   0.0009   0.0010   0.0008   0.0012   0.0011   0.0015   0.0000   0.0012   0.0011   0.0015   0.0009
28. 1.2006  1.0  Inf  3.5  11.0544   9.6000   9.0212   9.2104   9.1326   6.7309   7.1193   7.2731   7.7729   5.3948   8.0315   9.5719   9.2071   8.1252   0.0133   0.0137   0.0101   0.0094   0.0089   0.0083   0.0058   0.0053   0.0040   0.0000   0.0052   0.0046   0.0042   0.0073   0.0008   0.0011   0.0016   0.0009   0.0011   0.0008   0.0011   0.0010   0.0015   0.0000   0.0012   0.0010   0.0015   0.0009
28. 1.2006  1.0  Inf  3.0  11.0537   9.5997   9.0204   9.2091   9.1309   6.7320   7.1139   7.2616   7.7723   5.3948   8.0286   9.5603   9.2071   8.1230   0.0133   0.0137   0.0101   0.0092   0.0086   0.0077   0.0053   0.0046   0.0039   0.0000   0.0051   0.0041   0.0042   0.0071   0.0008   0.0011   0.0016   0.0008   0.0010   0.0008   0.0009   0.0006   0.0014   0.0000   0.0011   0.0006   0.0015   0.0006
29. 1.2006  1.0  Inf  4.0  11.0157   9.5613   9.0023   9.1958   9.1179   6.7157   7.1090   7.2656   7.7525   5.3902   8.0310   9.5622   9.1823   8.1249   0.0120   0.0122   0.0093   0.0079   0.0074   0.0053   0.0046   0.0047   0.0036   0.0000   0.0046   0.0042   0.0029   0.0060   0.0010   0.0013   0.0017   0.0009   0.0011   0.0008   0.0010   0.0009   0.0017   0.0000   0.0011   0.0010   0.0013   0.0006
30. 1.2006  1.0  Inf  4.0  11.0040   9.5445   8.9784   9.1768   9.1016   6.7080   7.1028   7.2640   7.7513   5.5142   8.0428   9.5606   9.1769   8.1096   0.0093   0.0097   0.0071   0.0058   0.0054   0.0033   0.0034   0.0038   0.0030   0.0000   0.0038   0.0037   0.0026   0.0054   0.0006   0.0008   0.0011   0.0006   0.0008   0.0007   0.0010   0.0009   0.0016   0.0000   0.0011   0.0011   0.0013   0.0007
30. 1.2006  1.0  Inf  4.0  11.0040   9.5445   8.9783   9.1758   9.0992   6.7041   7.1015   7.2637   7.7512   5.5142   8.0428   9.5606   9.1769   8.1096   0.0093   0.0097   0.0071   0.0060   0.0058   0.0045   0.0037   0.0039   0.0030   0.0000   0.0038   0.0037   0.0026   0.0054   0.0006   0.0008   0.0011   0.0006   0.0007   0.0006   0.0010   0.0009   0.0016   0.0000   0.0011   0.0011   0.0013   0.0007
31. 1.2006  1.0  Inf  4.0  11.0025   9.5458   8.9872   9.1847   9.1056   6.7108   7.1037   7.2559   7.7466   5.4628   8.0400   9.5470   9.1751   8.1162   0.0080   0.0085   0.0064   0.0051   0.0048   0.0031   0.0027   0.0028   0.0024   0.0000   0.0031   0.0028   0.0023   0.0054   0.0008   0.0010   0.0014   0.0007   0.0009   0.0007   0.0008   0.0005   0.0017   0.0000   0.0008   0.0005   0.0013   0.0004
