20. 1.2006  1.0 20.0  4.0   5.3325   0.3622   0.0061
27. 1.2006  1.0 20.0  4.0   5.4620   0.6427   0.0140
27. 1.2006  1.0 20.0  3.5   5.4638   0.6431   0.0139
27. 1.2006  1.0 20.0  3.0   5.4621   0.6412   0.0125
21. 1.2006  1.0 20.0  3.0   5.3128   0.6260   0.0109
25. 1.2006  1.0 20.0  3.0   5.1893   1.0817   0.0068
28. 1.2006  1.0 20.0  3.0  14.4615   3.3917   0.0015
28. 1.2006  1.0 20.0  3.0   5.6541   0.2911   0.0089
29. 1.2006  1.0 20.0  3.0   5.6079   0.1204   0.0026
30. 1.2006  1.0 20.0  3.0   5.2574   0.0842   0.0038
20. 1.2006  1.0 20.0  4.0   5.3400   0.3631   0.0061
27. 1.2006  1.0 20.0  4.0   5.4653   0.6427   0.0141
27. 1.2006  1.0 20.0  3.5   5.4671   0.6430   0.0140
28. 1.2006  1.0 20.0  3.5   5.6428   0.2892   0.0095
29. 1.2006  1.0 20.0  3.5   5.6126   0.1202   0.0027
30. 1.2006  1.0 20.0  3.5   5.2563   0.0838   0.0038
31. 1.2006  1.0 20.0  3.5   5.3424   0.1093   0.0050
