24Aug2008   UT:     std:3
wvlmicr    airmass_range    V0_calc    V0_prev   pctdiff_V0  tau_calc   RSD_calc
 0.3535    1.2002- 3.8188   11.0418    10.9392     0.9379     0.0132     0.0005
 0.3800    1.2002- 3.8188    9.6318     9.5113     1.2669     0.0155     0.0011
 0.4512    1.2002- 3.8188    4.7987     4.8356    -0.7638     0.0076     0.0010
 0.4994    1.2002- 3.8188    9.1283     8.9393     2.1145     0.0080     0.0007
 0.5204    1.2002- 3.8150   10.5371    10.4401     0.9289     0.0089     0.0004
 0.6058    1.2002- 3.8074    6.2968     6.2606     0.5779     0.0053     0.0004
 0.6751    1.2002- 3.8150    6.9954     7.0055    -0.1446     0.0034     0.0006
 0.7791    1.2002- 3.8150    6.2916     6.2604     0.4989     0.0051     0.0003
 0.8645    1.2002- 3.8150    7.5864     7.6417    -0.7230     0.0034     0.0010
 1.0191    1.2002- 3.8150    7.8931     7.8985    -0.0681     0.0042     0.0003
 1.2413    1.2002- 3.8188    8.3404     8.4481    -1.2743     0.0046     0.0003
 1.5585    1.2002- 3.8150    8.5963     8.7061    -1.2607     0.0011     0.0017
 2.1391    1.2002- 3.8150    6.3800     6.4441    -0.9944     0.0052     0.0006


25Aug2008   UT:     std:5
wvlmicr    airmass_range    V0_calc    V0_prev   pctdiff_V0  tau_calc   RSD_calc
 0.3535    1.2001-11.2223   11.0155    10.9392     0.6979     0.0130     0.0007
 0.3800    1.2001-11.9783    9.5896     9.5113     0.8234     0.0127     0.0008
 0.4512    1.2001-11.9783    4.7949     4.8356    -0.8416     0.0069     0.0014
 0.4994    1.2001-11.9783    9.1209     8.9393     2.0314     0.0079     0.0004
 0.5204    1.3102-11.9418   10.5196    10.4401     0.7611     0.0089     0.0004
 0.6058    1.2001-11.9783    6.2461     6.2606    -0.2318     0.0055     0.0004
 0.6751    1.2001-11.9783    6.9969     7.0055    -0.1223     0.0041     0.0007
 0.7791    1.2001-11.9783    6.2947     6.2604     0.5485     0.0052     0.0005
 0.8645    1.2001-11.9783    7.6005     7.6417    -0.5385     0.0031     0.0011
 1.0191    1.2001-11.9783    7.8950     7.8985    -0.0448     0.0043     0.0005
 1.2413    1.2001-11.9783    8.3417     8.4481    -1.2596     0.0056     0.0007
 1.5585    1.2001-11.9783    8.6241     8.7061    -0.9422     0.0032     0.0011
 2.1391    1.2001-11.9783    6.3877     6.4441    -0.8747     0.0069     0.0008

25Aug2008   UT:     std:3
wvlmicr    airmass_range    V0_calc    V0_prev   pctdiff_V0  tau_calc   RSD_calc
 0.3535    1.2001-11.0006   11.0155    10.9392     0.6974     0.0130     0.0007
 0.3800    1.2001- 7.1648    9.5768     9.5113     0.6891     0.0120     0.0004
 0.4512    1.2001- 4.5918    4.7812     4.8356    -1.1249     0.0055     0.0005
 0.4994    1.2001-11.9055    9.1203     8.9393     2.0245     0.0079     0.0004
 0.5204    1.3102-11.8695   10.5193    10.4401     0.7584     0.0088     0.0003
 0.6058    1.2001-11.9418    6.2459     6.2606    -0.2340     0.0055     0.0003
 0.6751    1.2001- 8.4484    6.9916     7.0055    -0.1991     0.0038     0.0004
 0.7791    1.2001- 8.4484    6.2909     6.2604     0.4867     0.0049     0.0003
 0.8645    1.2001- 5.5199    7.5856     7.6417    -0.7338     0.0022     0.0004
 1.0191    1.2001- 7.3443    7.8905     7.8985    -0.1014     0.0040     0.0002
 1.2413    1.2001- 7.1648    8.3316     8.4481    -1.3789     0.0050     0.0002
 1.5585    1.2001- 7.4592    8.6133     8.7061    -1.0665     0.0026     0.0007
 2.1391    1.2001- 7.3443    6.3813     6.4441    -0.9746     0.0064     0.0004

25Aug2008   UT:     std:2
wvlmicr    airmass_range    V0_calc    V0_prev   pctdiff_V0  tau_calc   RSD_calc
 0.3535    1.2396- 4.3502   11.0077    10.9392     0.6258     0.0125     0.0003
 0.3800    1.2001- 4.5918    9.5743     9.5113     0.6622     0.0119     0.0003
 0.4512    1.2001- 3.6035    4.7773     4.8356    -1.2055     0.0050     0.0003
 0.4994    1.2001-11.9055    9.1179     8.9393     1.9980     0.0078     0.0003
 0.5204    1.3114-11.8695   10.5179    10.4401     0.7449     0.0088     0.0003
 0.6058    1.2001-11.9055    6.2456     6.2606    -0.2388     0.0055     0.0003
 0.6751    1.2187- 7.1648    6.9924     7.0055    -0.1864     0.0037     0.0001
 0.7791    1.2001- 3.7925    6.2859     6.2604     0.4072     0.0044     0.0001
 0.8645    1.2187- 4.2962    7.5852     7.6417    -0.7397     0.0021     0.0002
 1.0191    1.2005- 7.3302    7.8902     7.8985    -0.1045     0.0040     0.0001
 1.2413    1.2001- 4.2962    8.3293     8.4481    -1.4066     0.0048     0.0001
 1.5585    1.2001- 3.7406    8.5969     8.7061    -1.2542     0.0015     0.0003
 2.1391    1.2012- 4.4416    6.3766     6.4441    -1.0469     0.0060     0.0003


25Aug2008   UT:     std:3
wvlmicr    airmass_range    V0_calc    V0_prev   pctdiff_V0  tau_calc   RSD_calc
 0.3535    1.5004-10.7574   11.0232    10.9392     0.7683     0.0131     0.0005
 0.3800    1.5004-11.9783    9.5939     9.5113     0.8686     0.0127     0.0007
 0.4512    1.5004- 9.4915    4.7974     4.8356    -0.7899     0.0069     0.0010
 0.4994    1.5004-11.8695    9.1226     8.9393     2.0505     0.0079     0.0004
 0.5204    1.5004-11.8695   10.5212    10.4401     0.7773     0.0089     0.0003
 0.6058    1.5004-11.8695    6.2482     6.2606    -0.1986     0.0056     0.0003
 0.6751    1.5004- 8.4484    6.9951     7.0055    -0.1481     0.0039     0.0002
 0.7791    1.5004-11.9783    6.2953     6.2604     0.5574     0.0051     0.0003
 0.8645    1.5004- 5.5360    7.5912     7.6417    -0.6615     0.0024     0.0002
 1.0191    1.5004- 7.3443    7.8902     7.8985    -0.1056     0.0040     0.0002
 1.2413    1.5004- 7.3443    8.3366     8.4481    -1.3195     0.0052     0.0003
 1.5585    1.5004- 7.4592    8.6220     8.7061    -0.9662     0.0029     0.0005
 2.1391    1.5004-11.9783    6.3907     6.4441    -0.8281     0.0070     0.0007


25Aug2008   UT:     std:3
wvlmicr    airmass_range    V0_calc    V0_prev   pctdiff_V0  tau_calc   RSD_calc
 0.3535    1.8006-10.4394   11.0293    10.9392     0.8235     0.0132     0.0004
 0.3800    1.8006-11.9783    9.6007     9.5113     0.9400     0.0129     0.0007
 0.4512    1.8006-11.9783    4.8048     4.8356    -0.6378     0.0072     0.0010
 0.4994    1.8006-11.8695    9.1258     8.9393     2.0865     0.0080     0.0003
 0.5204    1.8006-11.8337   10.5241    10.4401     0.8050     0.0089     0.0003
 0.6058    1.8006-11.8695    6.2500     6.2606    -0.1700     0.0057     0.0003
 0.6751    1.8006- 9.4915    6.9990     7.0055    -0.0933     0.0041     0.0003
 0.7791    1.8006-11.9783    6.2980     6.2604     0.6011     0.0052     0.0003
 0.8645    1.8006- 5.7369    7.5943     7.6417    -0.6202     0.0025     0.0002
 1.0191    1.8006- 7.3585    7.8916     7.8985    -0.0873     0.0040     0.0002
 1.2413    1.8006- 7.3585    8.3394     8.4481    -1.2868     0.0053     0.0003
 1.5585    1.8006-11.9783    8.6367     8.7061    -0.7971     0.0034     0.0009
 2.1391    1.8006-11.9783    6.3946     6.4441    -0.7683     0.0071     0.0007


26Aug2008   UT:     std:5
wvlmicr    airmass_range    V0_calc    V0_prev   pctdiff_V0  tau_calc   RSD_calc
 0.3535    1.2001-10.9565   10.9860    10.9392     0.4275     0.0132     0.0018
 0.3800    1.2001-11.9639    9.5713     9.5113     0.6306     0.0130     0.0012
 0.4512    1.2001-11.9639    4.7853     4.8356    -1.0402     0.0075     0.0013
 0.4994    1.2001-11.9639    9.1096     8.9393     1.9052     0.0083     0.0011
 0.5204    1.3103-11.9639   10.4841    10.4401     0.4213     0.0097     0.0011
 0.6058    1.2112-11.9639    6.2340     6.2606    -0.4255     0.0065     0.0007
 0.6751    1.2001-11.9639    6.9924     7.0055    -0.1867     0.0048     0.0007
 0.7791    1.2001-11.9639    6.2910     6.2604     0.4895     0.0055     0.0007
 0.8645    1.2001-11.9639    7.5838     7.6417    -0.7576     0.0032     0.0013
 1.0191    1.2001-11.9639    7.8945     7.8985    -0.0502     0.0040     0.0006
 1.2413    1.2001-11.9639    8.3352     8.4481    -1.3358     0.0052     0.0010
 1.5585    1.2044-11.9639    8.6185     8.7061    -1.0064     0.0027     0.0012
 2.1391    1.2001-11.9639    6.3859     6.4441    -0.9035     0.0056     0.0015

26Aug2008   UT:     std:3
wvlmicr    airmass_range    V0_calc    V0_prev   pctdiff_V0  tau_calc   RSD_calc
 0.3535    1.2001- 9.8684   10.9904    10.9392     0.4680     0.0134     0.0017
 0.3800    1.2001-11.9275    9.5716     9.5113     0.6341     0.0130     0.0011
 0.4512    1.2001- 7.7537    4.7802     4.8356    -1.1467     0.0070     0.0010
 0.4994    1.2001-11.9275    9.1100     8.9393     1.9093     0.0083     0.0011
 0.5204    1.3103-11.9275   10.4846    10.4401     0.4260     0.0098     0.0010
 0.6058    1.2112-11.9639    6.2340     6.2606    -0.4256     0.0065     0.0007
 0.6751    1.2003-11.9639    6.9922     7.0055    -0.1896     0.0048     0.0007
 0.7791    1.2001-11.9639    6.2904     6.2604     0.4797     0.0055     0.0006
 0.8645    1.2001- 6.9857    7.5713     7.6417    -0.9216     0.0025     0.0006
 1.0191    1.2001-11.8553    7.8940     7.8985    -0.0564     0.0040     0.0006
 1.2413    1.2001- 6.9857    8.3239     8.4481    -1.4706     0.0046     0.0005
 1.5585    1.2044-11.5404    8.6175     8.7061    -1.0177     0.0026     0.0012
 2.1391    1.2001-11.6436    6.3851     6.4441    -0.9162     0.0056     0.0014


26Aug2008   UT:     std:3
wvlmicr    airmass_range    V0_calc    V0_prev   pctdiff_V0  tau_calc   RSD_calc
 0.3535    1.5003-10.1803   10.9844    10.9392     0.4132     0.0133     0.0018
 0.3800    1.5003-11.9639    9.5717     9.5113     0.6354     0.0130     0.0013
 0.4512    1.5003-11.9639    4.7891     4.8356    -0.9615     0.0076     0.0014
 0.4994    1.5003-11.9639    9.1062     8.9393     1.8665     0.0082     0.0011
 0.5204    1.5003-11.9639   10.4839    10.4401     0.4200     0.0097     0.0011
 0.6058    1.5003-11.9639    6.2349     6.2606    -0.4103     0.0065     0.0007
 0.6751    1.5003-11.9639    6.9946     7.0055    -0.1555     0.0049     0.0007
 0.7791    1.5003-11.9639    6.2926     6.2604     0.5145     0.0056     0.0006
 0.8645    1.5003-11.2089    7.5882     7.6417    -0.7007     0.0033     0.0011
 1.0191    1.5003-11.9639    7.8966     7.8985    -0.0238     0.0040     0.0006
 1.2413    1.5003-11.2737    8.3384     8.4481    -1.2983     0.0052     0.0009
 1.5585    1.5003-11.9639    8.6255     8.7061    -0.9257     0.0028     0.0011
 2.1391    1.5003-11.9639    6.3915     6.4441    -0.8161     0.0058     0.0015


26Aug2008   UT:     std:3
wvlmicr    airmass_range    V0_calc    V0_prev   pctdiff_V0  tau_calc   RSD_calc
 0.3535    1.8004-10.1803   10.9830    10.9392     0.4001     0.0132     0.0019
 0.3800    1.8004-11.7839    9.5765     9.5113     0.6855     0.0131     0.0011
 0.4512    1.8004-11.9639    4.7939     4.8356    -0.8623     0.0078     0.0010
 0.4994    1.8004-11.9639    9.1065     8.9393     1.8708     0.0082     0.0011
 0.5204    1.8004-11.9639   10.4833    10.4401     0.4141     0.0097     0.0012
 0.6058    1.8004-11.9639    6.2367     6.2606    -0.3823     0.0065     0.0007
 0.6751    1.8004-11.9639    6.9975     7.0055    -0.1141     0.0049     0.0006
 0.7791    1.8004-11.9639    6.2951     6.2604     0.5541     0.0056     0.0006
 0.8645    1.8004-11.5404    7.5960     7.6417    -0.5981     0.0035     0.0010
 1.0191    1.8004-11.9639    7.8986     7.8985     0.0011     0.0041     0.0006
 1.2413    1.8004-11.6436    8.3453     8.4481    -1.2165     0.0054     0.0009
 1.5585    1.8004-11.9639    8.6319     8.7061    -0.8521     0.0029     0.0011
 2.1391    1.8004-11.9639    6.3971     6.4441    -0.7293     0.0059     0.0015


27Aug2008   UT:     std:3
wvlmicr    airmass_range    V0_calc    V0_prev   pctdiff_V0  tau_calc   RSD_calc
 0.3535    1.2002- 9.3417   11.0205    10.9392     0.7434     0.0161     0.0013
 0.3800    1.2002- 9.3190    9.5849     9.5113     0.7734     0.0158     0.0013
 0.4512    1.2002- 8.9918    4.7802     4.8356    -1.1452     0.0094     0.0013
 0.4994    1.2002- 9.3417    9.1328     8.9393     2.1645     0.0100     0.0008
 0.5204    1.2002- 9.3417   10.5375    10.4401     0.9333     0.0114     0.0007
 0.6058    1.2002- 9.3417    6.2950     6.2606     0.5487     0.0076     0.0006
 0.6751    1.2002- 9.0129    7.0025     7.0055    -0.0433     0.0054     0.0007
 0.7791    1.2002- 9.1854    6.2827     6.2604     0.3568     0.0061     0.0004
 0.8645    1.2002- 8.6862    7.5727     7.6417    -0.9025     0.0035     0.0009
 1.0191    1.2002- 9.0129    7.8954     7.8985    -0.0387     0.0040     0.0004
 1.2413    1.2002- 8.6862    8.3364     8.4481    -1.3222     0.0052     0.0006
 1.5585    1.2002- 9.0129    8.5621     8.7061    -1.6541     0.0026     0.0011
 2.1391    1.2002- 8.9918    6.3846     6.4441    -0.9228     0.0053     0.0008


27Aug2008   UT:     std:3
wvlmicr    airmass_range    V0_calc    V0_prev   pctdiff_V0  tau_calc   RSD_calc
 0.3535    1.5004- 9.3417   11.0318    10.9392     0.8466     0.0164     0.0011
 0.3800    1.5004- 9.3190    9.5954     9.5113     0.8842     0.0160     0.0010
 0.4512    1.5004- 9.3417    4.7874     4.8356    -0.9962     0.0097     0.0009
 0.4994    1.5004- 9.3417    9.1382     8.9393     2.2247     0.0101     0.0006
 0.5204    1.5004- 9.3417   10.5439    10.4401     0.9940     0.0115     0.0006
 0.6058    1.5004- 9.2965    6.2991     6.2606     0.6157     0.0078     0.0004
 0.6751    1.5004- 9.0129    7.0076     7.0055     0.0305     0.0055     0.0005
 0.7791    1.5004- 9.0341    6.2849     6.2604     0.3914     0.0062     0.0003
 0.8645    1.5004- 8.6862    7.5817     7.6417    -0.7855     0.0037     0.0006
 1.0191    1.5004- 8.9918    7.8983     7.8985    -0.0021     0.0041     0.0003
 1.2413    1.5004- 5.6179    8.3371     8.4481    -1.3136     0.0051     0.0002
 1.5585    1.5004- 9.3190    8.5731     8.7061    -1.5281     0.0029     0.0009
 2.1391    1.5004- 8.9918    6.3911     6.4441    -0.8226     0.0056     0.0006


27Aug2008   UT:     std:3
wvlmicr    airmass_range    V0_calc    V0_prev   pctdiff_V0  tau_calc   RSD_calc
 0.3535    1.8005- 9.3417   11.0196    10.9392     0.7352     0.0161     0.0010
 0.3800    1.8005- 9.3190    9.5916     9.5113     0.8438     0.0159     0.0011
 0.4512    1.8005- 9.3417    4.7886     4.8356    -0.9723     0.0098     0.0010
 0.4994    1.8005- 9.3417    9.1343     8.9393     2.1812     0.0100     0.0006
 0.5204    1.8005- 9.3417   10.5386    10.4401     0.9438     0.0114     0.0005
 0.6058    1.8005- 9.3417    6.2971     6.2606     0.5828     0.0077     0.0005
 0.6751    1.8005- 9.3190    7.0091     7.0055     0.0510     0.0056     0.0005
 0.7791    1.8005- 9.3190    6.2854     6.2604     0.3993     0.0062     0.0004
 0.8645    1.8005- 9.0129    7.5856     7.6417    -0.7347     0.0039     0.0006
 1.0191    1.8005- 9.0341    7.8993     7.8985     0.0098     0.0041     0.0003
 1.2413    1.8005- 8.9918    8.3463     8.4481    -1.2048     0.0055     0.0004
 1.5585    1.8005- 9.3190    8.5789     8.7061    -1.4607     0.0030     0.0009
 2.1391    1.8005- 9.0129    6.3944     6.4441    -0.7705     0.0057     0.0005



27Aug2008   UT:     std:3
wvlmicr    airmass_range    V0_calc    V0_prev   pctdiff_V0  tau_calc   RSD_calc
 0.3535    2.0006- 9.3417   11.0143    10.9392     0.6866     0.0160     0.0011
 0.3800    2.0006- 9.3417    9.5908     9.5113     0.8363     0.0160     0.0013
 0.4512    2.0006- 9.3417    4.7896     4.8356    -0.9503     0.0098     0.0011
 0.4994    2.0006- 9.3417    9.1329     8.9393     2.1654     0.0100     0.0007
 0.5204    2.0006- 9.3417   10.5368    10.4401     0.9261     0.0114     0.0006
 0.6058    2.0006- 9.3417    6.2963     6.2606     0.5703     0.0077     0.0005
 0.6751    2.0006- 9.3190    7.0110     7.0055     0.0780     0.0056     0.0005
 0.7791    2.0006- 9.3417    6.2862     6.2604     0.4120     0.0062     0.0004
 0.8645    2.0006- 9.0341    7.5883     7.6417    -0.6989     0.0039     0.0006
 1.0191    2.0006- 9.3190    7.9006     7.8985     0.0260     0.0041     0.0003
 1.2413    2.0006- 9.0129    8.3483     8.4481    -1.1808     0.0055     0.0004
 1.5585    2.0006- 9.3190    8.5828     8.7061    -1.4166     0.0031     0.0009
 2.1391    2.0006- 9.3190    6.3960     6.4441    -0.7457     0.0057     0.0005



29Aug2008   UT:     std:3
wvlmicr    airmass_range    V0_calc    V0_prev   pctdiff_V0  tau_calc   RSD_calc
 0.3535    1.2002- 3.8624   11.0582    10.9392     1.0877     0.0144     0.0003
 0.3800    1.2002- 3.8546    9.6017     9.5113     0.9510     0.0139     0.0004
 0.4512    1.2002- 3.8663    4.7729     4.8356    -1.2968     0.0072     0.0005
 0.4994    1.2002- 3.8624    9.1592     8.9393     2.4604     0.0090     0.0002
 0.5204    1.2002- 3.8624   10.5450    10.4401     1.0043     0.0105     0.0002
 0.6058    1.2002- 3.8663    6.2922     6.2606     0.5043     0.0071     0.0002
 0.6751    1.2002- 3.8624    6.9991     7.0055    -0.0911     0.0043     0.0003
 0.7791    1.2002- 3.8663    6.2881     6.2604     0.4422     0.0052     0.0003
 0.8645    1.2002- 3.8624    7.5736     7.6417    -0.8917     0.0019     0.0003
 1.0191    1.2002- 3.8624    7.8885     7.8985    -0.1261     0.0034     0.0002
 1.2413    1.2002- 3.8624    8.3148     8.4481    -1.5774     0.0043     0.0004
 1.5585    1.2002- 3.8624    8.5730     8.7061    -1.5284     0.0010     0.0006
 2.1391    1.2002- 3.8546    6.3616     6.4441    -1.2797     0.0041     0.0005


30Aug2008   UT:     std:5
wvlmicr    airmass_range    V0_calc    V0_prev   pctdiff_V0  tau_calc   RSD_calc
 0.3535    1.2001-11.9742   11.0060    10.9392     0.6109     0.0141     0.0028
 0.3800    1.2001-11.9742    9.5740     9.5113     0.6595     0.0140     0.0031
 0.4512    1.2001-11.9742    4.7715     4.8356    -1.3264     0.0083     0.0031
 0.4994    1.2001-11.9742    9.1488     8.9393     2.3431     0.0087     0.0019
 0.5204    1.3100-11.9742   10.5291    10.4401     0.8520     0.0103     0.0011
 0.6058    1.2001-11.9742    6.2883     6.2606     0.4417     0.0067     0.0013
 0.6751    1.2001-11.9742    7.0034     7.0055    -0.0298     0.0049     0.0015
 0.7791    1.2001-11.9742    6.2874     6.2604     0.4318     0.0056     0.0012
 0.8645    1.2001-11.9742    7.5783     7.6417    -0.8292     0.0033     0.0018
 1.0191    1.2001-11.9742    7.9004     7.8985     0.0234     0.0038     0.0011
 1.2413    1.2001-11.9742    8.3178     8.4481    -1.5422     0.0051     0.0014
 1.5585    1.2001-11.9742    8.6237     8.7061    -0.9464     0.0025     0.0015
 2.1391    1.2001-11.9742    6.3670     6.4441    -1.1967     0.0054     0.0015


30Aug2008   UT:     std:3
wvlmicr    airmass_range    V0_calc    V0_prev   pctdiff_V0  tau_calc   RSD_calc
 0.3535    1.2160-11.9742   11.0134    10.9392     0.6780     0.0142     0.0022
 0.3800    1.2137-11.9742    9.5784     9.5113     0.7055     0.0140     0.0028
 0.4512    1.2009-11.9742    4.7722     4.8356    -1.3121     0.0083     0.0029
 0.4994    1.2171-11.9742    9.1546     8.9393     2.4083     0.0088     0.0014
 0.5204    1.3109-11.9742   10.5311    10.4401     0.8718     0.0103     0.0009
 0.6058    1.2160-11.9742    6.2908     6.2606     0.4820     0.0068     0.0010
 0.6751    1.2137- 8.4344    6.9994     7.0055    -0.0876     0.0046     0.0010
 0.7791    1.2009-11.9742    6.2879     6.2604     0.4389     0.0056     0.0011
 0.8645    1.2001- 6.0914    7.5608     7.6417    -1.0591     0.0022     0.0011
 1.0191    1.2009- 9.5739    7.8980     7.8985    -0.0067     0.0036     0.0008
 1.2413    1.2001- 8.0941    8.3094     8.4481    -1.6414     0.0046     0.0011
 1.5585    1.2001-11.1829    8.6213     8.7061    -0.9742     0.0024     0.0014
 2.1391    1.2001-11.9376    6.3664     6.4441    -1.2065     0.0054     0.0014


30Aug2008   UT:     std:3
wvlmicr    airmass_range    V0_calc    V0_prev   pctdiff_V0  tau_calc   RSD_calc
 0.3535    1.5003-10.7487   11.0428    10.9392     0.9469     0.0148     0.0007
 0.3800    1.5003- 7.9922    9.5940     9.5113     0.8692     0.0140     0.0010
 0.4512    1.5003- 7.7956    4.7783     4.8356    -1.1842     0.0081     0.0011
 0.4994    1.5003-11.9742    9.1650     8.9393     2.5245     0.0090     0.0005
 0.5204    1.5003-11.9742   10.5369    10.4401     0.9274     0.0104     0.0007
 0.6058    1.5003-10.6598    6.2947     6.2606     0.5455     0.0068     0.0004
 0.6751    1.5003- 7.9587    7.0075     7.0055     0.0281     0.0048     0.0005
 0.7791    1.5003-11.9742    6.2949     6.2604     0.5517     0.0058     0.0006
 0.8645    1.5003- 6.5108    7.5747     7.6417    -0.8764     0.0027     0.0007
 1.0191    1.5003- 8.4344    7.9034     7.8985     0.0621     0.0037     0.0004
 1.2413    1.5003- 7.9587    8.3211     8.4481    -1.5036     0.0050     0.0006
 1.5585    1.5003-11.6174    8.6352     8.7061    -0.8149     0.0027     0.0011
 2.1391    1.5003-11.9742    6.3766     6.4441    -1.0479     0.0056     0.0010


30Aug2008   UT:     std:3
wvlmicr    airmass_range    V0_calc    V0_prev   pctdiff_V0  tau_calc   RSD_calc
 0.3535    1.8005-10.3736   11.0504    10.9392     1.0167     0.0149     0.0006
 0.3800    1.8005- 7.9922    9.6057     9.5113     0.9927     0.0143     0.0008
 0.4512    1.8005-11.9742    4.7945     4.8356    -0.8500     0.0091     0.0014
 0.4994    1.8005-11.9742    9.1689     8.9393     2.5681     0.0091     0.0005
 0.5204    1.8005-11.9742   10.5423    10.4401     0.9790     0.0105     0.0006
 0.6058    1.8005-11.9742    6.2985     6.2606     0.6061     0.0070     0.0004
 0.6751    1.8005- 8.1810    7.0115     7.0055     0.0859     0.0050     0.0004
 0.7791    1.8005-11.9742    6.2985     6.2604     0.6090     0.0059     0.0005
 0.8645    1.8005- 8.1986    7.5907     7.6417    -0.6675     0.0034     0.0007
 1.0191    1.8005- 8.9272    7.9057     7.8985     0.0908     0.0038     0.0004
 1.2413    1.8005- 8.1986    8.3282     8.4481    -1.4189     0.0052     0.0005
 1.5585    1.8005-11.6174    8.6441     8.7061    -0.7117     0.0028     0.0008
 2.1391    1.8005-11.9742    6.3826     6.4441    -0.9551     0.0058     0.0007

30Aug2008   UT:     std:3
wvlmicr    airmass_range    V0_calc    V0_prev   pctdiff_V0  tau_calc   RSD_calc
 0.3535    2.0005-10.3736   11.0527    10.9392     1.0373     0.0149     0.0006
 0.3800    2.0005-11.9742    9.6205     9.5113     1.1485     0.0147     0.0009
 0.4512    2.0005-11.9742    4.7982     4.8356    -0.7731     0.0092     0.0013
 0.4994    2.0005-11.9742    9.1707     8.9393     2.5889     0.0091     0.0005
 0.5204    2.0005-11.9742   10.5449    10.4401     1.0042     0.0106     0.0006
 0.6058    2.0005-11.9742    6.2996     6.2606     0.6229     0.0070     0.0004
 0.6751    2.0005- 8.1986    7.0136     7.0055     0.1162     0.0050     0.0004
 0.7791    2.0005-11.9742    6.3002     6.2604     0.6356     0.0059     0.0005
 0.8645    2.0005- 8.6056    7.5957     7.6417    -0.6020     0.0035     0.0007
 1.0191    2.0005- 9.5264    7.9079     7.8985     0.1195     0.0039     0.0004
 1.2413    2.0005-11.6174    8.3376     8.4481    -1.3075     0.0055     0.0007
 1.5585    2.0005-11.9742    8.6487     8.7061    -0.6597     0.0029     0.0008
 2.1391    2.0005-11.9742    6.3850     6.4441    -0.9173     0.0059     0.0006

31Aug2008   UT:     std:3
wvlmicr    airmass_range    V0_calc    V0_prev   pctdiff_V0  tau_calc   RSD_calc
 0.3535    1.2002-11.9713   10.9888    10.9392     0.4534     0.0148     0.0015
 0.3800    1.2002-10.3147    9.5663     9.5113     0.5786     0.0145     0.0017
 0.4512    1.2002- 5.9540    4.7533     4.8356    -1.7029     0.0074     0.0010
 0.4994    1.2002-11.9347    9.1455     8.9393     2.3067     0.0091     0.0010
 0.5204    1.2002-11.9713   10.5190    10.4401     0.7555     0.0105     0.0009
 0.6058    1.2002-11.9713    6.2832     6.2606     0.3614     0.0067     0.0007
 0.6751    1.2002- 6.0204    6.9910     7.0055    -0.2063     0.0044     0.0006
 0.7791    1.2002- 7.4997    6.2806     6.2604     0.3219     0.0053     0.0005
 0.8645    1.2002- 4.5658    7.5527     7.6417    -1.1649     0.0017     0.0004
 1.0191    1.2002- 7.5444    7.8907     7.8985    -0.0985     0.0035     0.0005
 1.2413    1.2002- 6.0204    8.2978     8.4481    -1.7789     0.0045     0.0007
 1.5585    1.2002- 8.4495    8.6133     8.7061    -1.0663     0.0022     0.0012
 2.1391    1.2002- 8.3023    6.3588     6.4441    -1.3232     0.0052     0.0013


31Aug2008   UT:     std:3
wvlmicr    airmass_range    V0_calc    V0_prev   pctdiff_V0  tau_calc   RSD_calc
 0.3535    1.5002-11.9713   10.9948    10.9392     0.5078     0.0149     0.0016
 0.3800    1.5002-11.9347    9.5778     9.5113     0.6989     0.0148     0.0018
 0.4512    1.5002-10.3424    4.7707     4.8356    -1.3429     0.0088     0.0017
 0.4994    1.5002-11.9713    9.1514     8.9393     2.3724     0.0093     0.0009
 0.5204    1.5002-11.9713   10.5233    10.4401     0.7969     0.0106     0.0009
 0.6058    1.5002-11.9713    6.2854     6.2606     0.3967     0.0068     0.0007
 0.6751    1.5002-11.7546    7.0035     7.0055    -0.0290     0.0051     0.0009
 0.7791    1.5002-11.9713    6.2890     6.2604     0.4563     0.0058     0.0007
 0.8645    1.5002- 5.9259    7.5656     7.6417    -0.9964     0.0025     0.0007
 1.0191    1.5002- 7.8566    7.8979     7.8985    -0.0080     0.0038     0.0005
 1.2413    1.5002-11.9347    8.3193     8.4481    -1.5249     0.0054     0.0010
 1.5585    1.5002-11.9713    8.6315     8.7061    -0.8569     0.0028     0.0013
 2.1391    1.5002-11.9713    6.3742     6.4441    -1.0845     0.0059     0.0012


31Aug2008   UT:     std:3
wvlmicr    airmass_range    V0_calc    V0_prev   pctdiff_V0  tau_calc   RSD_calc
 0.3535    1.8007-11.9713   10.9925    10.9392     0.4868     0.0149     0.0018
 0.3800    1.8007-11.9713    9.5824     9.5113     0.7472     0.0149     0.0021
 0.4512    1.8007-10.8054    4.7739     4.8356    -1.2764     0.0089     0.0019
 0.4994    1.8007-11.9713    9.1513     8.9393     2.3715     0.0093     0.0010
 0.5204    1.8007-11.9713   10.5221    10.4401     0.7855     0.0106     0.0010
 0.6058    1.8007-11.9713    6.2847     6.2606     0.3857     0.0068     0.0007
 0.6751    1.8007-11.9347    7.0057     7.0055     0.0033     0.0051     0.0009
 0.7791    1.8007-11.9713    6.2907     6.2604     0.4838     0.0059     0.0007
 0.8645    1.8007-11.7546    7.5920     7.6417    -0.6498     0.0036     0.0013
 1.0191    1.8007-11.7546    7.9062     7.8985     0.0980     0.0041     0.0007
 1.2413    1.8007-11.9713    8.3271     8.4481    -1.4317     0.0055     0.0008
 1.5585    1.8007-11.9713    8.6416     8.7061    -0.7408     0.0030     0.0011
 2.1391    1.8007-11.9713    6.3816     6.4441    -0.9704     0.0061     0.0010


31Aug2008   UT:     std:3
wvlmicr    airmass_range    V0_calc    V0_prev   pctdiff_V0  tau_calc   RSD_calc
 0.3535    3.0016-11.8620   11.0352    10.9392     0.8779     0.0155     0.0013
 0.3800    3.0016-11.9713    9.6345     9.5113     1.2958     0.0157     0.0011
 0.4512    3.0016-11.9713    4.8015     4.8356    -0.7054     0.0099     0.0011
 0.4994    3.0016-11.9713    9.1749     8.9393     2.6358     0.0096     0.0007
 0.5204    3.0016-11.9713   10.5466    10.4401     1.0199     0.0109     0.0007
 0.6058    3.0016-11.9713    6.2941     6.2606     0.5346     0.0070     0.0006
 0.6751    3.0016-11.9713    7.0228     7.0055     0.2466     0.0055     0.0006
 0.7791    3.0016-11.9713    6.3017     6.2604     0.6602     0.0061     0.0005
 0.8645    3.0016-11.9713    7.6197     7.6417    -0.2877     0.0042     0.0007
 1.0191    3.0016-11.9713    7.9220     7.8985     0.2969     0.0044     0.0006
 1.2413    3.0016-11.9713    8.3444     8.4481    -1.2270     0.0059     0.0006
 1.5585    3.0016-11.9713    8.6619     8.7061    -0.5082     0.0033     0.0007
 2.1391    3.0016-11.9713    6.3977     6.4441    -0.7194     0.0065     0.0006


01Sep2008   UT:     std:3
wvlmicr    airmass_range    V0_calc    V0_prev   pctdiff_V0  tau_calc   RSD_calc
 0.3535    1.2001-10.0350   11.0300    10.9392     0.8300     0.0125     0.0007
 0.3800    1.2001-11.9950    9.5782     9.5113     0.7038     0.0123     0.0010
 0.4512    1.2001-11.7506    4.7719     4.8356    -1.3173     0.0067     0.0014
 0.4994    1.2001-11.9950    9.1669     8.9393     2.5460     0.0083     0.0004
 0.5204    1.2001-11.9582   10.5432    10.4401     0.9879     0.0088     0.0004
 0.6058    1.2001-11.9950    6.2902     6.2606     0.4721     0.0047     0.0004
 0.6751    1.2001- 8.6320    6.9911     7.0055    -0.2058     0.0037     0.0005
 0.7791    1.2001-11.6364    6.2909     6.2604     0.4875     0.0051     0.0006
 0.8645    1.2001- 4.8735    7.5654     7.6417    -0.9987     0.0017     0.0004
 1.0191    1.2001- 6.5691    7.8948     7.8985    -0.0472     0.0045     0.0003
 1.2413    1.2001- 5.6459    8.2852     8.4481    -1.9285     0.0048     0.0003
 1.5585    1.2001-11.6364    8.6198     8.7061    -0.9915     0.0039     0.0013
 2.1391    1.2001- 6.6852    6.3223     6.4441    -1.8905     0.0074     0.0006


01Sep2008   UT:     std:3
wvlmicr    airmass_range    V0_calc    V0_prev   pctdiff_V0  tau_calc   RSD_calc
 0.3535    1.5001-10.0350   11.0365    10.9392     0.8898     0.0127     0.0007
 0.3800    1.5001-11.9950    9.5858     9.5113     0.7828     0.0124     0.0009
 0.4512    1.5001-11.9950    4.7794     4.8356    -1.1631     0.0071     0.0013
 0.4994    1.5001-11.9582    9.1688     8.9393     2.5679     0.0083     0.0005
 0.5204    1.5001-11.8490   10.5468    10.4401     1.0217     0.0088     0.0005
 0.6058    1.5001-11.9950    6.2922     6.2606     0.5042     0.0048     0.0004
 0.6751    1.5001-11.7506    6.9983     7.0055    -0.1027     0.0040     0.0006
 0.7791    1.5001-11.9950    6.2946     6.2604     0.5466     0.0052     0.0006
 0.8645    1.5001- 5.2604    7.5725     7.6417    -0.9059     0.0021     0.0004
 1.0191    1.5001-11.6364    7.9036     7.8985     0.0648     0.0049     0.0005
 1.2413    1.5001-11.1355    8.3007     8.4481    -1.7449     0.0055     0.0008
 1.5585    1.5001-11.8131    8.6302     8.7061    -0.8724     0.0041     0.0011
 2.1391    1.5001-11.7064    6.3327     6.4441    -1.7290     0.0080     0.0011


01Sep2008   UT:     std:3
wvlmicr    airmass_range    V0_calc    V0_prev   pctdiff_V0  tau_calc   RSD_calc
 0.3535    1.8002- 9.2598   11.0411    10.9392     0.9318     0.0128     0.0007
 0.3800    1.8002-11.9950    9.5909     9.5113     0.8373     0.0125     0.0010
 0.4512    1.8002-11.9950    4.7840     4.8356    -1.0672     0.0072     0.0012
 0.4994    1.8002-11.9582    9.1714     8.9393     2.5967     0.0084     0.0005
 0.5204    1.8002-11.8490   10.5488    10.4401     1.0409     0.0089     0.0005
 0.6058    1.8002-11.9950    6.2935     6.2606     0.5248     0.0048     0.0005
 0.6751    1.8002-11.9950    7.0020     7.0055    -0.0504     0.0041     0.0006
 0.7791    1.8002-11.9950    6.2972     6.2604     0.5881     0.0053     0.0006
 0.8645    1.8002-11.6364    7.5985     7.6417    -0.5648     0.0033     0.0010
 1.0191    1.8002-11.6364    7.9067     7.8985     0.1042     0.0050     0.0005
 1.2413    1.8002-11.6713    8.3068     8.4481    -1.6722     0.0057     0.0007
 1.5585    1.8002-11.8131    8.6385     8.7061    -0.7768     0.0042     0.0009
 2.1391    1.8002-11.8131    6.3380     6.4441    -1.6472     0.0082     0.0011



01Sep2008   UT:     std:3
wvlmicr    airmass_range    V0_calc    V0_prev   pctdiff_V0  tau_calc   RSD_calc
 0.3535    2.0000- 8.8114   11.0462    10.9392     0.9778     0.0129     0.0007
 0.3800    2.0000-11.9950    9.5945     9.5113     0.8752     0.0126     0.0009
 0.4512    2.0000-11.9950    4.7870     4.8356    -1.0052     0.0073     0.0011
 0.4994    2.0000-11.8490    9.1733     8.9393     2.6180     0.0085     0.0005
 0.5204    2.0000-11.8490   10.5501    10.4401     1.0538     0.0089     0.0005
 0.6058    2.0000-11.9950    6.2942     6.2606     0.5366     0.0048     0.0005
 0.6751    2.0000-11.9950    7.0041     7.0055    -0.0194     0.0042     0.0006
 0.7791    2.0000-11.9950    6.2988     6.2604     0.6131     0.0053     0.0006
 0.8645    2.0000-11.6364    7.6032     7.6417    -0.5042     0.0034     0.0010
 1.0191    2.0000-11.8131    7.9088     7.8985     0.1308     0.0050     0.0006
 1.2413    2.0000-11.6713    8.3099     8.4481    -1.6358     0.0057     0.0007
 1.5585    2.0000-11.8852    8.6427     8.7061    -0.7287     0.0043     0.0009
 2.1391    2.0000-11.8131    6.3410     6.4441    -1.5992     0.0082     0.0010

