% Radiance calibration [Resp in cts/ms / W/(m^2.sr.um)] for 4STAR NIR spectrometer (512 channels) measured on 20130506 and generated on 2013-09-17 09:47. 
% Also requires calibrated radiance from 20130605124300HISS. 
% Calibration used only data with 9-lamps and 9 ms (vis), 140 ms (nir). 
Pix  Wavelength     resp       rate        rad 
1    949.79  7.18573272e-02 8.60576586e+01 1.19761842e+03 
2    949.79  7.41430498e-02 8.87948681e+01 1.19761553e+03 
3    951.68  7.84353545e-02 9.37817020e+01 1.19565600e+03 
4    953.57  8.05990254e-02 9.62066175e+01 1.19364492e+03 
5    955.46  8.52097464e-02 1.01539051e+02 1.19163658e+03 
6    957.34  8.75301884e-02 1.04128623e+02 1.18963097e+03 
7    959.22  9.18273017e-02 1.09056681e+02 1.18762807e+03 
8    961.10  9.39613780e-02 1.11397437e+02 1.18556624e+03 
9    962.98  9.82377525e-02 1.16260815e+02 1.18346371e+03 
10   964.85  9.95370631e-02 1.17589503e+02 1.18136400e+03 
11   966.72  1.04488746e-01 1.23220143e+02 1.17926712e+03 
12   968.59  1.06151694e-01 1.24958912e+02 1.17717304e+03 
13   970.45  1.10094048e-01 1.29373901e+02 1.17512166e+03 
14   972.32  1.11124670e-01 1.30371143e+02 1.17319713e+03 
15   974.18  1.14632950e-01 1.34266726e+02 1.17127515e+03 
16   976.04  1.15212641e-01 1.34724562e+02 1.16935573e+03 
17   977.89  1.18237973e-01 1.38035604e+02 1.16743885e+03 
18   979.74  1.18499341e-01 1.38113886e+02 1.16552450e+03 
19   981.59  1.20865956e-01 1.40643859e+02 1.16363501e+03 
20   983.44  1.20568163e-01 1.40070255e+02 1.16175159e+03 
21   985.29  1.22820202e-01 1.42455547e+02 1.15987064e+03 
22   987.13  1.22040525e-01 1.41321971e+02 1.15799216e+03 
23   988.97  1.24050206e-01 1.43416444e+02 1.15611613e+03 
24   990.81  1.23141714e-01 1.42174204e+02 1.15455762e+03 
25   992.65  1.24297499e-01 1.43364604e+02 1.15339895e+03 
26   994.48  1.23078088e-01 1.41815716e+02 1.15224178e+03 
27   996.31  1.24630015e-01 1.43459880e+02 1.15108612e+03 
28   998.14  1.22926106e-01 1.41356656e+02 1.14993195e+03 
29   999.97  1.24392664e-01 1.42899714e+02 1.14877927e+03 
30   1001.79  1.23230904e-01 1.41376381e+02 1.14724778e+03 
31   1003.62  1.23909608e-01 1.41964700e+02 1.14571180e+03 
32   1005.44  1.22592409e-01 1.40267510e+02 1.14417778e+03 
33   1007.25  1.24044938e-01 1.41739418e+02 1.14264573e+03 
34   1009.07  1.22165717e-01 1.39405209e+02 1.14111563e+03 
35   1010.88  1.23263814e-01 1.40478693e+02 1.13965883e+03 
36   1012.69  1.21559643e-01 1.38368821e+02 1.13827927e+03 
37   1014.50  1.21929567e-01 1.38621903e+02 1.13690146e+03 
38   1016.31  1.20621222e-01 1.36968462e+02 1.13552540e+03 
39   1018.11  1.21797129e-01 1.38136345e+02 1.13415108e+03 
40   1019.91  1.19910571e-01 1.35832115e+02 1.13277848e+03 
41   1021.71  1.21338368e-01 1.37265111e+02 1.13125892e+03 
42   1023.51  1.19721067e-01 1.35252894e+02 1.12973345e+03 
43   1025.30  1.21087155e-01 1.36611726e+02 1.12820989e+03 
44   1027.09  1.21188933e-01 1.36542146e+02 1.12668824e+03 
45   1028.88  1.23088235e-01 1.38495002e+02 1.12516848e+03 
46   1030.67  1.22293742e-01 1.37410762e+02 1.12361238e+03 
47   1032.46  1.24290206e-01 1.39452942e+02 1.12199462e+03 
48   1034.24  1.23813679e-01 1.38718228e+02 1.12037885e+03 
49   1036.02  1.25658484e-01 1.40582325e+02 1.11876508e+03 
50   1037.80  1.25559020e-01 1.40268673e+02 1.11715330e+03 
51   1039.58  1.27592300e-01 1.42334761e+02 1.11554350e+03 
52   1041.35  1.27199771e-01 1.41661766e+02 1.11369514e+03 
53   1043.12  1.29526505e-01 1.44004172e+02 1.11177378e+03 
54   1044.89  1.29834416e-01 1.44097346e+02 1.10985477e+03 
55   1046.66  1.32155555e-01 1.46420173e+02 1.10793809e+03 
56   1048.43  1.32307348e-01 1.46335069e+02 1.10602375e+03 
57   1050.19  1.35156208e-01 1.49225528e+02 1.10409674e+03 
58   1051.95  1.34980769e-01 1.48755504e+02 1.10204961e+03 
59   1053.71  1.37387389e-01 1.51126809e+02 1.10000496e+03 
60   1055.47  1.37143392e-01 1.50578337e+02 1.09796276e+03 
61   1057.23  1.39258516e-01 1.52616613e+02 1.09592302e+03 
62   1058.98  1.38713133e-01 1.51736317e+02 1.09388573e+03 
63   1060.73  1.40178715e-01 1.53034789e+02 1.09171203e+03 
64   1062.48  1.38942522e-01 1.51356657e+02 1.08934727e+03 
65   1064.23  1.40635561e-01 1.52868791e+02 1.08698533e+03 
66   1065.97  1.39170602e-01 1.50948080e+02 1.08462619e+03 
67   1067.71  1.39514659e-01 1.50992508e+02 1.08226985e+03 
68   1069.46  1.37819408e-01 1.48833424e+02 1.07991629e+03 
69   1071.19  1.38557475e-01 1.49291849e+02 1.07747236e+03 
70   1072.93  1.36676008e-01 1.46925188e+02 1.07498888e+03 
71   1074.67  1.37575189e-01 1.47550534e+02 1.07250831e+03 
72   1076.40  1.36375561e-01 1.45926030e+02 1.07003065e+03 
73   1078.13  1.37044019e-01 1.46302149e+02 1.06755589e+03 
74   1079.86  1.35865041e-01 1.44707681e+02 1.06508400e+03 
75   1081.58  1.36439734e-01 1.44996954e+02 1.06271795e+03 
76   1083.31  1.36667269e-01 1.44917038e+02 1.06036390e+03 
77   1085.03  1.38747619e-01 1.46796726e+02 1.05801257e+03 
78   1086.75  1.38564429e-01 1.46277475e+02 1.05566396e+03 
79   1088.47  1.40442858e-01 1.47930998e+02 1.05331806e+03 
80   1090.19  1.40994251e-01 1.48173743e+02 1.05092045e+03 
81   1091.90  1.43860709e-01 1.50777670e+02 1.04808096e+03 
82   1093.61  1.44365720e-01 1.50897506e+02 1.04524471e+03 
83   1095.33  1.47505123e-01 1.53761067e+02 1.04241170e+03 
84   1097.03  1.48424299e-01 1.54299217e+02 1.03958192e+03 
85   1098.74  1.51292297e-01 1.56853097e+02 1.03675534e+03 
86   1100.45  1.52693391e-01 1.57818505e+02 1.03356474e+03 
87   1102.15  1.56946998e-01 1.61552024e+02 1.02934128e+03 
88   1103.85  1.58160751e-01 1.62134157e+02 1.02512258e+03 
89   1105.55  1.61785196e-01 1.65167902e+02 1.02090863e+03 
90   1107.25  1.63043894e-01 1.65766629e+02 1.01669940e+03 
91   1108.94  1.66048696e-01 1.68123455e+02 1.01249488e+03 
92   1110.64  1.66935691e-01 1.68229261e+02 1.00774891e+03 
93   1112.33  1.69375138e-01 1.69730656e+02 1.00209900e+03 
94   1114.02  1.68901176e-01 1.68302483e+02 9.96455369e+02 
95   1115.70  1.71031469e-01 1.69461057e+02 9.90817992e+02 
96   1117.39  1.70356391e-01 1.67832877e+02 9.85186850e+02 
97   1119.07  1.71507965e-01 1.68002672e+02 9.79561920e+02 
98   1120.76  1.72037961e-01 1.67696414e+02 9.74764018e+02 
99   1122.44  1.74524465e-01 1.69458839e+02 9.70974693e+02 
100  1124.12  1.74946176e-01 1.69206108e+02 9.67189519e+02 
101  1125.79  1.78025994e-01 1.71511753e+02 9.63408480e+02 
102  1127.47  1.79932546e-01 1.72668951e+02 9.59631563e+02 
103  1129.14  1.82452065e-01 1.74398403e+02 9.55858753e+02 
104  1130.81  1.80041857e-01 1.71429792e+02 9.52166318e+02 
105  1132.48  1.79989919e-01 1.70730987e+02 9.48558609e+02 
106  1134.15  1.79051025e-01 1.69195125e+02 9.44954795e+02 
107  1135.81  1.80948650e-01 1.70336892e+02 9.41354862e+02 
108  1137.48  1.84179938e-01 1.72716357e+02 9.37758796e+02 
109  1139.14  1.86551894e-01 1.74270546e+02 9.34166585e+02 
110  1140.80  1.84858094e-01 1.71982250e+02 9.30347417e+02 
111  1142.46  1.84402644e-01 1.70809432e+02 9.26285157e+02 
112  1144.12  1.81635911e-01 1.67509581e+02 9.22227219e+02 
113  1145.77  1.82007333e-01 1.67114326e+02 9.18173588e+02 
114  1147.43  1.81589797e-01 1.65995637e+02 9.14124250e+02 
115  1149.08  1.82138316e-01 1.65760291e+02 9.10079190e+02 
116  1150.73  1.81083921e-01 1.64159092e+02 9.06535991e+02 
117  1152.38  1.82303650e-01 1.64734472e+02 9.03626841e+02 
118  1154.02  1.81453172e-01 1.63438636e+02 9.00720741e+02 
119  1155.67  1.83642211e-01 1.64877224e+02 8.97817682e+02 
120  1157.31  1.82768235e-01 1.63562520e+02 8.94917652e+02 
121  1158.95  1.83490144e-01 1.63676996e+02 8.92020642e+02 
122  1160.59  1.82871287e-01 1.62606651e+02 8.89186346e+02 
123  1162.23  1.83338844e-01 1.62522695e+02 8.86460778e+02 
124  1163.87  1.81377566e-01 1.60290252e+02 8.83738027e+02 
125  1165.50  1.81787214e-01 1.60157823e+02 8.81018084e+02 
126  1167.13  1.80790433e-01 1.58788407e+02 8.78300939e+02 
127  1168.76  1.80747269e-01 1.58259883e+02 8.75586582e+02 
128  1170.39  1.78993282e-01 1.56186695e+02 8.72584113e+02 
129  1172.02  1.78797684e-01 1.55316594e+02 8.68672293e+02 
130  1173.65  1.77870576e-01 1.53816152e+02 8.64764459e+02 
131  1175.27  1.78068784e-01 1.53292400e+02 8.60860596e+02 
132  1176.90  1.76574631e-01 1.51317518e+02 8.56960692e+02 
133  1178.52  1.76142950e-01 1.50261338e+02 8.53064732e+02 
134  1180.14  1.74319579e-01 1.48020661e+02 8.49133885e+02 
135  1181.75  1.73579490e-01 1.46637286e+02 8.44784637e+02 
136  1183.37  1.71043264e-01 1.43751559e+02 8.40439757e+02 
137  1184.99  1.70540982e-01 1.42589184e+02 8.36099229e+02 
138  1186.60  1.68916595e-01 1.40498580e+02 8.31763039e+02 
139  1188.21  1.67499051e-01 1.38593936e+02 8.27431172e+02 
140  1189.82  1.65692021e-01 1.36381702e+02 8.23103614e+02 
141  1191.43  1.66629403e-01 1.36570218e+02 8.19604560e+02 
142  1193.04  1.65444078e-01 1.35037554e+02 8.16212679e+02 
143  1194.64  1.66448472e-01 1.35293337e+02 8.12824147e+02 
144  1196.24  1.66016853e-01 1.34380508e+02 8.09438953e+02 
145  1197.85  1.66289185e-01 1.34038575e+02 8.06057085e+02 
146  1199.45  1.65847791e-01 1.33122462e+02 8.02678534e+02 
147  1201.05  1.66652360e-01 1.33379290e+02 8.00344446e+02 
148  1202.64  1.66228441e-01 1.32743954e+02 7.98563428e+02 
149  1204.24  1.66728534e-01 1.32846652e+02 7.96784145e+02 
150  1205.83  1.65665093e-01 1.31704840e+02 7.95006589e+02 
151  1207.43  1.66111483e-01 1.31764737e+02 7.93230755e+02 
152  1209.02  1.66593541e-01 1.31851564e+02 7.91456638e+02 
153  1210.61  1.67495324e-01 1.32341913e+02 7.90123026e+02 
154  1212.19  1.66992536e-01 1.31840956e+02 7.89502090e+02 
155  1213.78  1.68001824e-01 1.32533573e+02 7.88881749e+02 
156  1215.37  1.68136449e-01 1.32535574e+02 7.88262003e+02 
157  1216.95  1.68942573e-01 1.33066409e+02 7.87642848e+02 
158  1218.53  1.69749190e-01 1.33596735e+02 7.87024283e+02 
159  1220.11  1.71009703e-01 1.34479058e+02 7.86382616e+02 
160  1221.69  1.71386509e-01 1.34612187e+02 7.85430477e+02 
161  1223.27  1.72561363e-01 1.35370807e+02 7.84479239e+02 
162  1224.84  1.73586413e-01 1.36009971e+02 7.83528899e+02 
163  1226.42  1.75059541e-01 1.36998000e+02 7.82579454e+02 
164  1227.99  1.75981556e-01 1.37552622e+02 7.81630901e+02 
165  1229.56  1.76843285e-01 1.38058588e+02 7.80683238e+02 
166  1231.13  1.76441786e-01 1.37547092e+02 7.79560759e+02 
167  1232.70  1.77514364e-01 1.38172162e+02 7.78371725e+02 
168  1234.27  1.78020853e-01 1.38354923e+02 7.77183799e+02 
169  1235.84  1.78990110e-01 1.38895784e+02 7.75996976e+02 
170  1237.40  1.79109183e-01 1.38775811e+02 7.74811252e+02 
171  1238.96  1.78712320e-01 1.38256609e+02 7.73626626e+02 
172  1240.52  1.78376350e-01 1.37771756e+02 7.72365595e+02 
173  1242.08  1.80633190e-01 1.39259570e+02 7.70952277e+02 
174  1243.64  1.80593026e-01 1.38973604e+02 7.69540258e+02 
175  1245.20  1.80558115e-01 1.38692020e+02 7.68129532e+02 
176  1246.75  1.81386105e-01 1.39072371e+02 7.66720095e+02 
177  1248.31  1.82475049e-01 1.39650335e+02 7.65311945e+02 
178  1249.86  1.82530466e-01 1.39435950e+02 7.63905075e+02 
179  1251.41  1.82911840e-01 1.39454930e+02 7.62416094e+02 
180  1252.96  1.82874080e-01 1.39152604e+02 7.60920325e+02 
181  1254.51  1.83313176e-01 1.39212775e+02 7.59425907e+02 
182  1256.06  1.83838698e-01 1.39337386e+02 7.57932837e+02 
183  1257.61  1.83914931e-01 1.39120815e+02 7.56441111e+02 
184  1259.15  1.85084754e-01 1.39729869e+02 7.54950725e+02 
185  1260.69  1.86162692e-01 1.40235123e+02 7.53293379e+02 
186  1262.23  1.86156309e-01 1.39883627e+02 7.51431031e+02 
187  1263.77  1.85811083e-01 1.39278478e+02 7.49570344e+02 
188  1265.31  1.86455088e-01 1.39414578e+02 7.47711313e+02 
189  1266.85  1.86890805e-01 1.39393242e+02 7.45853933e+02 
190  1268.39  1.86991557e-01 1.39121382e+02 7.43998199e+02 
191  1269.92  1.87180216e-01 1.38914694e+02 7.42144106e+02 
192  1271.46  1.86829761e-01 1.38345497e+02 7.40489609e+02 
193  1272.99  1.86891808e-01 1.38084480e+02 7.38847153e+02 
194  1274.52  1.87622579e-01 1.38316518e+02 7.37206141e+02 
195  1276.05  1.88599339e-01 1.38727368e+02 7.35566567e+02 
196  1277.58  1.88155522e-01 1.38092686e+02 7.33928428e+02 
197  1279.10  1.88614516e-01 1.38120848e+02 7.32291718e+02 
198  1280.63  1.88991325e-01 1.38060178e+02 7.30510663e+02 
199  1282.15  1.88739137e-01 1.37500840e+02 7.28523203e+02 
200  1283.68  1.89070759e-01 1.37366990e+02 7.26537468e+02 
201  1285.20  1.88903763e-01 1.36870873e+02 7.24553451e+02 
202  1286.72  1.88241856e-01 1.36018134e+02 7.22571148e+02 
203  1288.24  1.88206338e-01 1.35619709e+02 7.20590554e+02 
204  1289.75  1.86993217e-01 1.34375507e+02 7.18611663e+02 
205  1291.27  1.86891594e-01 1.33883369e+02 7.16369130e+02 
206  1292.78  1.88010836e-01 1.34254215e+02 7.14077007e+02 
207  1294.30  1.87956234e-01 1.33784775e+02 7.11786843e+02 
208  1295.81  1.87677568e-01 1.33156978e+02 7.09498634e+02 
209  1297.32  1.87623441e-01 1.32689619e+02 7.07212373e+02 
210  1298.83  1.87397575e-01 1.32101808e+02 7.04928054e+02 
211  1300.34  1.86456641e-01 1.30991909e+02 7.02532814e+02 
212  1301.85  1.86659508e-01 1.30615357e+02 6.99751962e+02 
213  1303.35  1.86268224e-01 1.29824008e+02 6.96973459e+02 
214  1304.86  1.85646530e-01 1.28875319e+02 6.94197298e+02 
215  1306.36  1.85018227e-01 1.27925945e+02 6.91423473e+02 
216  1307.86  1.85486314e-01 1.27735517e+02 6.88651978e+02 
217  1309.36  1.84471334e-01 1.26525716e+02 6.85882805e+02 
218  1310.86  1.84552261e-01 1.26039819e+02 6.82949200e+02 
219  1312.36  1.84164277e-01 1.25212457e+02 6.79895462e+02 
220  1313.86  1.83696902e-01 1.24334196e+02 6.76844270e+02 
221  1315.36  1.82950354e-01 1.23271146e+02 6.73795615e+02 
222  1316.85  1.82547338e-01 1.22443534e+02 6.70749491e+02 
223  1318.34  1.81705493e-01 1.21325828e+02 6.67705891e+02 
224  1319.84  1.81883222e-01 1.20891377e+02 6.64664808e+02 
225  1321.33  1.81722209e-01 1.20132854e+02 6.61079646e+02 
226  1322.82  1.81047168e-01 1.19025805e+02 6.57429809e+02 
227  1324.30  1.80421937e-01 1.17956791e+02 6.53782974e+02 
228  1325.79  1.79938899e-01 1.16985320e+02 6.50139133e+02 
229  1327.28  1.79093442e-01 1.15783602e+02 6.46498279e+02 
230  1328.76  1.79064340e-01 1.15113374e+02 6.42860403e+02 
231  1330.25  1.78238854e-01 1.13900429e+02 6.39032550e+02 
232  1331.73  1.77761143e-01 1.12743467e+02 6.34241351e+02 
233  1333.21  1.77299723e-01 1.11602029e+02 6.29454051e+02 
234  1334.69  1.77059107e-01 1.10603626e+02 6.24670640e+02 
235  1336.17  1.76197921e-01 1.09223525e+02 6.19891108e+02 
236  1337.65  1.75736117e-01 1.08098000e+02 6.15115445e+02 
237  1339.12  1.74071108e-01 1.06243194e+02 6.10343641e+02 
238  1340.60  1.74750855e-01 1.05563194e+02 6.04078271e+02 
239  1342.07  1.74783921e-01 1.04105865e+02 5.95626098e+02 
240  1343.55  1.74272235e-01 1.02329297e+02 5.87180721e+02 
241  1345.02  1.70811469e-01 9.88557924e+01 5.78742124e+02 
242  1346.49  1.69099543e-01 9.64392096e+01 5.70310291e+02 
243  1347.96  1.65727892e-01 9.31200504e+01 5.61885205e+02 
244  1349.43  1.62093110e-01 8.97131630e+01 5.53466849e+02 
245  1350.89  1.58137518e-01 8.61499490e+01 5.44778685e+02 
246  1352.36  1.52261568e-01 8.15999197e+01 5.35919344e+02 
247  1353.82  1.47991161e-01 7.80012638e+01 5.27067046e+02 
248  1355.29  1.45033444e-01 7.51594892e+01 5.18221777e+02 
249  1356.75  1.43015294e-01 7.28496340e+01 5.09383519e+02 
250  1358.21  1.38626729e-01 6.93899224e+01 5.00552257e+02 
251  1359.67  1.35203313e-01 6.64832511e+01 4.91727975e+02 
252  1361.13  1.32873148e-01 6.47313518e+01 4.87166541e+02 
253  1362.59  1.31903244e-01 6.38219957e+01 4.83854634e+02 
254  1364.04  1.36136117e-01 6.54195758e+01 4.80545334e+02 
255  1365.50  1.35990276e-01 6.48998135e+01 4.77238634e+02 
256  1366.95  1.36950479e-01 6.49055606e+01 4.73934528e+02 
257  1368.41  1.35436038e-01 6.37406703e+01 4.70633012e+02 
258  1369.86  1.35664148e-01 6.34004795e+01 4.67334078e+02 
259  1371.31  1.36885839e-01 6.34526810e+01 4.63544523e+02 
260  1372.76  1.35844964e-01 6.24484993e+01 4.59704191e+02 
261  1374.21  1.33765504e-01 6.09792594e+01 4.55866852e+02 
262  1375.65  1.28142069e-01 5.79243796e+01 4.52032500e+02 
263  1377.10  1.19231254e-01 5.34395824e+01 4.48201127e+02 
264  1378.55  1.09851951e-01 4.88152110e+01 4.44372729e+02 
265  1379.99  9.98479993e-02 4.39877663e+01 4.40547298e+02 
266  1381.43  9.58844269e-02 4.16867733e+01 4.34760625e+02 
267  1382.87  9.65749516e-02 4.14272073e+01 4.28964309e+02 
268  1384.32  1.00648917e-01 4.25918508e+01 4.23172469e+02 
269  1385.75  1.05540229e-01 4.40509188e+01 4.17385098e+02 
270  1387.19  1.11516678e-01 4.59005085e+01 4.11602186e+02 
271  1388.63  1.13154044e-01 4.59205956e+01 4.05823725e+02 
272  1390.07  1.14668024e-01 4.58695092e+01 4.00020055e+02 
273  1391.50  1.15375135e-01 4.54136767e+01 3.93617538e+02 
274  1392.94  1.11585564e-01 4.32081544e+01 3.87219932e+02 
275  1394.37  1.13508715e-01 4.32272094e+01 3.80827228e+02 
276  1395.80  1.17535501e-01 4.40099243e+01 3.74439417e+02 
277  1397.23  1.16238206e-01 4.27822259e+01 3.68056489e+02 
278  1398.66  1.20531561e-01 4.35936665e+01 3.61678437e+02 
279  1400.09  1.22818186e-01 4.36424707e+01 3.55342088e+02 
280  1401.52  1.21000139e-01 4.22960037e+01 3.49553349e+02 
281  1402.94  1.24709408e-01 4.28712307e+01 3.43769017e+02 
282  1404.37  1.26879800e-01 4.28839878e+01 3.37989087e+02 
283  1405.79  1.24436470e-01 4.13394814e+01 3.32213549e+02 
284  1407.22  1.26339316e-01 4.12425093e+01 3.26442398e+02 
285  1408.64  1.29062610e-01 4.13872331e+01 3.20675625e+02 
286  1410.06  1.32038501e-01 4.15935429e+01 3.15010717e+02 
287  1411.48  1.31247401e-01 4.08871739e+01 3.11527495e+02 
288  1412.90  1.33461133e-01 4.11122896e+01 3.08046909e+02 
289  1414.32  1.33393453e-01 4.06275046e+01 3.04568955e+02 
290  1415.73  1.33910884e-01 4.03197138e+01 3.01093628e+02 
291  1417.15  1.35058273e-01 4.01961682e+01 2.97620925e+02 
292  1418.56  1.37049798e-01 4.03133136e+01 2.94150843e+02 
293  1419.98  1.36893158e-01 3.97925652e+01 2.90683376e+02 
294  1421.39  1.38520054e-01 3.99958934e+01 2.88737206e+02 
295  1422.80  1.39196201e-01 3.99237316e+01 2.86816245e+02 
296  1424.21  1.40003685e-01 3.98865920e+01 2.84896729e+02 
297  1425.62  1.39468980e-01 3.94667445e+01 2.82978656e+02 
298  1427.03  1.40753258e-01 3.95603956e+01 2.81062024e+02 
299  1428.44  1.39905523e-01 3.90541835e+01 2.79146831e+02 
300  1429.84  1.40179352e-01 3.88623528e+01 2.77233076e+02 
301  1431.25  1.38721551e-01 3.83055006e+01 2.76132298e+02 
302  1432.65  1.38916250e-01 3.82205879e+01 2.75134031e+02 
303  1434.06  1.39551802e-01 3.82562444e+01 2.74136513e+02 
304  1435.46  1.40527294e-01 3.83835889e+01 2.73139742e+02 
305  1436.86  1.40734187e-01 3.82999245e+01 2.72143716e+02 
306  1438.26  1.41913167e-01 3.84795332e+01 2.71148436e+02 
307  1439.66  1.40999592e-01 3.80915896e+01 2.70153900e+02 
308  1441.05  1.42449492e-01 3.83603505e+01 2.69290891e+02 
309  1442.45  1.40771329e-01 3.77930238e+01 2.68471031e+02 
310  1443.85  1.41242253e-01 3.78037408e+01 2.67651784e+02 
311  1445.24  1.41160953e-01 3.76664216e+01 2.66833148e+02 
312  1446.64  1.42133520e-01 3.78096658e+01 2.66015124e+02 
313  1448.03  1.41623658e-01 3.75582698e+01 2.65197710e+02 
314  1449.42  1.43357517e-01 3.79009902e+01 2.64380905e+02 
315  1450.81  1.42539374e-01 3.76057426e+01 2.63827051e+02 
316  1452.20  1.43094382e-01 3.76998797e+01 2.63461635e+02 
317  1453.59  1.43543098e-01 3.77656854e+01 2.63096491e+02 
318  1454.97  1.45140447e-01 3.81329847e+01 2.62731620e+02 
319  1456.36  1.44099994e-01 3.78070862e+01 2.62367020e+02 
320  1457.75  1.45022699e-01 3.79963377e+01 2.62002693e+02 
321  1459.13  1.43778308e-01 3.76179604e+01 2.61638637e+02 
322  1460.51  1.44127191e-01 3.76753263e+01 2.61403320e+02 
323  1461.90  1.42646701e-01 3.72857579e+01 2.61385351e+02 
324  1463.28  1.43284721e-01 3.74499545e+01 2.61367396e+02 
325  1464.66  1.41670638e-01 3.70255440e+01 2.61349455e+02 
326  1466.04  1.42747602e-01 3.73044488e+01 2.61331526e+02 
327  1467.41  1.41020204e-01 3.68504987e+01 2.61313612e+02 
328  1468.79  1.41095720e-01 3.68677063e+01 2.61295710e+02 
329  1470.17  1.40294013e-01 3.66621548e+01 2.61323731e+02 
330  1471.54  1.41553840e-01 3.70421774e+01 2.61682603e+02 
331  1472.92  1.40945578e-01 3.69335496e+01 2.62041208e+02 
332  1474.29  1.42495354e-01 3.73907161e+01 2.62399546e+02 
333  1475.66  1.41040611e-01 3.70594947e+01 2.62757616e+02 
334  1477.03  1.40199457e-01 3.68886389e+01 2.63115419e+02 
335  1478.40  1.39395000e-01 3.67268128e+01 2.63472956e+02 
336  1479.77  1.40970138e-01 3.71921833e+01 2.63830226e+02 
337  1481.14  1.40065343e-01 3.70310695e+01 2.64384242e+02 
338  1482.51  1.41954169e-01 3.76146517e+01 2.64977436e+02 
339  1483.87  1.41491999e-01 3.75760568e+01 2.65570188e+02 
340  1485.24  1.42693261e-01 3.79795946e+01 2.66162496e+02 
341  1486.60  1.41591338e-01 3.77701069e+01 2.66754362e+02 
342  1487.96  1.42121606e-01 3.79956124e+01 2.67345785e+02 
343  1489.32  1.40469801e-01 3.76370241e+01 2.67936766e+02 
344  1490.69  1.41749439e-01 3.80664106e+01 2.68547170e+02 
345  1492.04  1.40399715e-01 3.77923315e+01 2.69176697e+02 
346  1493.40  1.41839074e-01 3.82689982e+01 2.69805753e+02 
347  1494.76  1.40807825e-01 3.80792708e+01 2.70434337e+02 
348  1496.12  1.42009008e-01 3.84933095e+01 2.71062449e+02 
349  1497.47  1.40776846e-01 3.82476741e+01 2.71690091e+02 
350  1498.83  1.42230145e-01 3.87317236e+01 2.72317261e+02 
351  1500.18  1.40784837e-01 3.84270091e+01 2.72948493e+02 
352  1501.53  1.41740093e-01 3.87812992e+01 2.73608535e+02 
353  1502.89  1.40195475e-01 3.84511438e+01 2.74268080e+02 
354  1504.24  1.40828805e-01 3.87176589e+01 2.74927129e+02 
355  1505.59  1.39266664e-01 3.83798985e+01 2.75585681e+02 
356  1506.93  1.40236791e-01 3.87395352e+01 2.76243737e+02 
357  1508.28  1.39352774e-01 3.85869637e+01 2.76901296e+02 
358  1509.63  1.40569964e-01 3.90163685e+01 2.77558359e+02 
359  1510.97  1.39598193e-01 3.88275681e+01 2.78138042e+02 
360  1512.32  1.41023047e-01 3.93014173e+01 2.78687903e+02 
361  1513.66  1.39316564e-01 3.89023880e+01 2.79237349e+02 
362  1515.00  1.40838701e-01 3.94047501e+01 2.79786378e+02 
363  1516.34  1.39460495e-01 3.90956564e+01 2.80334990e+02 
364  1517.69  1.40285804e-01 3.94039237e+01 2.80883187e+02 
365  1519.02  1.38964564e-01 3.91089316e+01 2.81430966e+02 
366  1520.36  1.39811031e-01 3.94151118e+01 2.81917039e+02 
367  1521.70  1.38395114e-01 3.90603582e+01 2.82237986e+02 
368  1523.04  1.40108097e-01 3.95887600e+01 2.82558687e+02 
369  1524.37  1.38707731e-01 3.92375241e+01 2.82879144e+02 
370  1525.71  1.39965794e-01 3.96382227e+01 2.83199357e+02 
371  1527.04  1.38227399e-01 3.91901387e+01 2.83519324e+02 
372  1528.37  1.39296002e-01 3.95376445e+01 2.83839046e+02 
373  1529.70  1.37266512e-01 3.90054495e+01 2.84158524e+02 
374  1531.03  1.38722042e-01 3.94458642e+01 2.84351813e+02 
375  1532.36  1.36943890e-01 3.89617211e+01 2.84508648e+02 
376  1533.69  1.37659242e-01 3.91868182e+01 2.84665363e+02 
377  1535.02  1.35900006e-01 3.87073057e+01 2.84821957e+02 
378  1536.34  1.37498239e-01 3.91840322e+01 2.84978429e+02 
379  1537.67  1.35880772e-01 3.87443343e+01 2.85134781e+02 
380  1538.99  1.37491460e-01 3.92250779e+01 2.85291013e+02 
381  1540.31  1.35800883e-01 3.87550424e+01 2.85381372e+02 
382  1541.64  1.36665346e-01 3.89853035e+01 2.85261075e+02 
383  1542.96  1.35041168e-01 3.85057563e+01 2.85140872e+02 
384  1544.28  1.36468263e-01 3.88962883e+01 2.85020762e+02 
385  1545.60  1.34529041e-01 3.83274242e+01 2.84900746e+02 
386  1546.91  1.36046361e-01 3.87433948e+01 2.84780824e+02 
387  1548.23  1.34109450e-01 3.81757296e+01 2.84660995e+02 
388  1549.55  1.35018285e-01 3.84182730e+01 2.84541261e+02 
389  1550.86  1.33218623e-01 3.78752252e+01 2.84308786e+02 
390  1552.18  1.34463090e-01 3.81898227e+01 2.84017144e+02 
391  1553.49  1.32640753e-01 3.76335947e+01 2.83725732e+02 
392  1554.80  1.34129339e-01 3.80168888e+01 2.83434548e+02 
393  1556.11  1.31877776e-01 3.73403476e+01 2.83143595e+02 
394  1557.42  1.33022418e-01 3.76257731e+01 2.82852872e+02 
395  1558.73  1.31360931e-01 3.71176572e+01 2.82562379e+02 
396  1560.04  1.32399994e-01 3.73725209e+01 2.82269808e+02 
397  1561.34  1.29869615e-01 3.66095766e+01 2.81894857e+02 
398  1562.65  1.31289715e-01 3.69607076e+01 2.81520205e+02 
399  1563.95  1.28773906e-01 3.62042495e+01 2.81145851e+02 
400  1565.26  1.30665855e-01 3.66872868e+01 2.80771797e+02 
401  1566.56  1.28420586e-01 3.60088809e+01 2.80398042e+02 
402  1567.86  1.30021067e-01 3.64090956e+01 2.80024587e+02 
403  1569.16  1.28167856e-01 3.58423245e+01 2.79651432e+02 
404  1570.46  1.29442836e-01 3.61532785e+01 2.79299184e+02 
405  1571.76  1.27126738e-01 3.54664588e+01 2.78985045e+02 
406  1573.05  1.28486830e-01 3.58055739e+01 2.78671160e+02 
407  1574.35  1.26646305e-01 3.52529527e+01 2.78357530e+02 
408  1575.64  1.27807770e-01 3.55362034e+01 2.78044154e+02 
409  1576.94  1.25606600e-01 3.48848507e+01 2.77731033e+02 
410  1578.23  1.27399343e-01 3.53428922e+01 2.77418167e+02 
411  1579.52  1.25800153e-01 3.48599216e+01 2.77105557e+02 
412  1580.81  1.26924293e-01 3.51360136e+01 2.76826545e+02 
413  1582.10  1.24389111e-01 3.44019635e+01 2.76567323e+02 
414  1583.39  1.25813746e-01 3.47633842e+01 2.76308315e+02 
415  1584.68  1.23521637e-01 3.40980884e+01 2.76049520e+02 
416  1585.97  1.24934797e-01 3.44558849e+01 2.75790939e+02 
417  1587.25  1.22886564e-01 3.38592510e+01 2.75532572e+02 
418  1588.54  1.24038516e-01 3.41446304e+01 2.75274419e+02 
419  1589.82  1.21635755e-01 3.34518373e+01 2.75016481e+02 
420  1591.10  1.22997156e-01 3.38065949e+01 2.74856721e+02 
421  1592.38  1.20675795e-01 3.31512379e+01 2.74713235e+02 
422  1593.66  1.22428573e-01 3.36151972e+01 2.74569868e+02 
423  1594.94  1.20044191e-01 3.29433219e+01 2.74426622e+02 
424  1596.22  1.21197570e-01 3.32424932e+01 2.74283497e+02 
425  1597.50  1.19056290e-01 3.26381499e+01 2.74140492e+02 
426  1598.77  1.20321080e-01 3.29676883e+01 2.73997609e+02 
427  1600.05  1.17847551e-01 3.22735568e+01 2.73858528e+02 
428  1601.32  1.19374712e-01 3.26869179e+01 2.73817773e+02 
429  1602.59  1.16649677e-01 3.19360047e+01 2.73777053e+02 
430  1603.86  1.17949785e-01 3.22871458e+01 2.73736368e+02 
431  1605.13  1.15047127e-01 3.14879060e+01 2.73695718e+02 
432  1606.40  1.17243033e-01 3.20841543e+01 2.73655103e+02 
433  1607.67  1.14725722e-01 3.13906236e+01 2.73614523e+02 
434  1608.94  1.16403867e-01 3.18450689e+01 2.73573977e+02 
435  1610.20  1.13932790e-01 3.11636402e+01 2.73526526e+02 
436  1611.47  1.14922702e-01 3.14248139e+01 2.73443047e+02 
437  1612.73  1.12294649e-01 3.06968248e+01 2.73359640e+02 
438  1614.00  1.13765811e-01 3.10895006e+01 2.73276306e+02 
439  1615.26  1.10991923e-01 3.03222213e+01 2.73193045e+02 
440  1616.52  1.12201057e-01 3.06432147e+01 2.73109857e+02 
441  1617.78  1.09116687e-01 2.97917737e+01 2.73026743e+02 
442  1619.03  1.09712850e-01 2.99454313e+01 2.72943702e+02 
443  1620.29  1.07597286e-01 2.93581635e+01 2.72852269e+02 
444  1621.55  1.09117122e-01 2.97598348e+01 2.72732952e+02 
445  1622.80  1.06272374e-01 2.89713096e+01 2.72613741e+02 
446  1624.06  1.07397180e-01 2.92651555e+01 2.72494637e+02 
447  1625.31  1.04313309e-01 2.84124042e+01 2.72375640e+02 
448  1626.56  1.05383359e-01 2.86913307e+01 2.72256749e+02 
449  1627.81  1.02584511e-01 2.79171402e+01 2.72137966e+02 
450  1629.06  1.03892391e-01 2.82607345e+01 2.72019290e+02 
451  1630.31  1.01104338e-01 2.74905916e+01 2.71903187e+02 
452  1631.56  1.02351346e-01 2.78185535e+01 2.71794702e+02 
453  1632.80  9.95842859e-02 2.70556878e+01 2.71686316e+02 
454  1634.05  1.01106704e-01 2.74583594e+01 2.71578029e+02 
455  1635.29  9.82470502e-02 2.66711112e+01 2.71469842e+02 
456  1636.53  9.95153278e-02 2.70046540e+01 2.71361754e+02 
457  1637.77  9.62248112e-02 2.61013425e+01 2.71253767e+02 
458  1639.01  9.69605758e-02 2.62904606e+01 2.71145879e+02 
459  1640.25  9.39857207e-02 2.54716986e+01 2.71016687e+02 
460  1641.49  9.44892806e-02 2.55880552e+01 2.70803789e+02 
461  1642.73  9.10840294e-02 2.46465268e+01 2.70591090e+02 
462  1643.96  9.18732341e-02 2.48405555e+01 2.70378590e+02 
463  1645.20  8.82854309e-02 2.38517474e+01 2.70166291e+02 
464  1646.43  8.86923355e-02 2.39428678e+01 2.69954193e+02 
465  1647.66  8.49339500e-02 2.29102786e+01 2.69742295e+02 
466  1648.89  8.43301614e-02 2.27295590e+01 2.69530599e+02 
467  1650.12  8.02486801e-02 2.16116839e+01 2.69308901e+02 
468  1651.35  7.93862778e-02 2.13544659e+01 2.68994421e+02 
469  1652.58  7.45003323e-02 2.00167674e+01 2.68680244e+02 
470  1653.80  7.32669554e-02 1.96623868e+01 2.68366369e+02 
471  1655.03  6.82772436e-02 1.83019062e+01 2.68052798e+02 
472  1656.25  6.60946560e-02 1.76961522e+01 2.67739531e+02 
473  1657.47  6.04566562e-02 1.61677162e+01 2.67426569e+02 
474  1658.70  5.78034096e-02 1.54400950e+01 2.67113913e+02 
475  1659.92  5.24961951e-02 1.40060670e+01 2.66801564e+02 
476  1661.13  5.02842461e-02 1.33927504e+01 2.66340880e+02 
477  1662.35  4.53672385e-02 1.20617708e+01 2.65869627e+02 
478  1663.57  4.27664645e-02 1.13501701e+01 2.65398842e+02 
479  1664.78  3.82172115e-02 1.01248295e+01 2.64928524e+02 
480  1666.00  3.61528496e-02 9.56093475e+00 2.64458677e+02 
481  1667.21  3.21428296e-02 8.48536308e+00 2.63989300e+02 
482  1668.42  3.03425659e-02 7.99588494e+00 2.63520395e+02 
483  1669.63  2.69302949e-02 7.08406696e+00 2.63051963e+02 
484  1670.84  2.54548760e-02 6.67994788e+00 2.62423116e+02 
485  1672.05  2.25721140e-02 5.90768460e+00 2.61724914e+02 
486  1673.26  2.15265786e-02 5.61902738e+00 2.61027425e+02 
487  1674.46  1.90336954e-02 4.95505430e+00 2.60330650e+02 
488  1675.67  1.82509148e-02 4.73856882e+00 2.59634592e+02 
489  1676.87  1.61621752e-02 4.18502157e+00 2.58939253e+02 
490  1678.07  1.55593566e-02 4.01812034e+00 2.58244633e+02 
491  1679.27  1.37516635e-02 3.54175105e+00 2.57550736e+02 
492  1680.47  1.32193677e-02 3.39322654e+00 2.56685994e+02 
493  1681.67  1.16613671e-02 2.98014952e+00 2.55557474e+02 
494  1682.87  1.13564974e-02 2.88943523e+00 2.54430141e+02 
495  1684.06  9.94939082e-03 2.52022047e+00 2.53303998e+02 
496  1685.26  9.65039700e-03 2.43362794e+00 2.52179049e+02 
497  1686.45  8.47514675e-03 2.12773048e+00 2.51055296e+02 
498  1687.64  8.26350899e-03 2.06532148e+00 2.49932745e+02 
499  1688.83  7.18389793e-03 1.78743567e+00 2.48811396e+02 
500  1690.02  7.04534105e-03 1.74504427e+00 2.47687693e+02 
501  1691.21  6.16171590e-03 1.51797656e+00 2.46356143e+02 
502  1692.39  6.15477233e-03 1.50807947e+00 2.45026037e+02 
503  1693.58  5.39699392e-03 1.31523328e+00 2.43697379e+02 
504  1694.76  5.36816293e-03 1.30108259e+00 2.42370176e+02 
505  1695.95  4.66065046e-03 1.12342383e+00 2.41044429e+02 
506  1697.13  4.61493083e-03 1.10629188e+00 2.39720144e+02 
507  1698.31  3.98785350e-03 9.50693608e-01 2.38397325e+02 
508  1699.49  4.13191698e-03 9.79578254e-01 2.37075977e+02 
509  1700.66  3.54172968e-03 8.35036093e-01 2.35770702e+02 
510  1701.84  3.67792799e-03 8.62393864e-01 2.34478181e+02 
511  1703.01  3.21831587e-03 7.50469789e-01 2.33187114e+02 
512  1703.01  2.79546148e-03 6.51879281e-01 2.33192010e+02 
