300.00, 0.5366 
300.50, 0.54013 
301.00, 0.54429 
301.50, 0.54904 
302.00, 0.55431 
302.50, 0.56 
303.00, 0.56604 
303.50, 0.57232 
304.00, 0.57875 
304.50, 0.58524 
305.00, 0.59173 
305.50, 0.59817 
306.00, 0.60452 
306.50, 0.61076 
307.00, 0.61688 
307.50, 0.6229 
308.00, 0.62882 
308.50, 0.63465 
309.00, 0.64039 
309.50, 0.64607 
310.00, 0.65166 
310.50, 0.65718 
311.00, 0.66261 
311.50, 0.66793 
312.00, 0.67315 
312.50, 0.67825 
313.00, 0.68323 
313.50, 0.6881 
314.00, 0.69287 
314.50, 0.69756 
315.00, 0.70221 
315.50, 0.70685 
316.00, 0.71153 
316.50, 0.71629 
317.00, 0.72121 
317.50, 0.72633 
318.00, 0.73174 
318.50, 0.7375 
319.00, 0.7437 
319.50, 0.75041 
320.00, 0.7577 
320.50, 0.76566 
321.00, 0.77433 
321.50, 0.78375 
322.00, 0.79394 
322.50, 0.80489 
323.00, 0.81655 
323.50, 0.82883 
324.00, 0.84161 
324.50, 0.85474 
325.00, 0.86802 
325.50, 0.88126 
326.00, 0.89423 
326.50, 0.9067 
327.00, 0.91845 
327.50, 0.9293 
328.00, 0.93906 
328.50, 0.94759 
329.00, 0.95482 
329.50, 0.96068 
330.00, 0.96517 
330.50, 0.96835 
331.00, 0.97029 
331.50, 0.97112 
332.00, 0.97099 
332.50, 0.97008 
333.00, 0.96857 
333.50, 0.96666 
334.00, 0.96453 
334.50, 0.96235 
335.00, 0.96027 
335.50, 0.95841 
336.00, 0.95686 
336.50, 0.95568 
337.00, 0.95489 
337.50, 0.95446 
338.00, 0.95437 
338.50, 0.95455 
339.00, 0.95493 
339.50, 0.95542 
340.00, 0.95595 
340.50, 0.95645 
341.00, 0.95687 
341.50, 0.9572 
342.00, 0.95742 
342.50, 0.95756 
343.00, 0.95766 
343.50, 0.9578 
344.00, 0.95804 
344.50, 0.95846 
345.00, 0.95914 
345.50, 0.96015 
346.00, 0.96154 
346.50, 0.96333 
347.00, 0.96554 
347.50, 0.96814 
348.00, 0.97107 
348.50, 0.97427 
349.00, 0.97762 
349.50, 0.981 
350.00, 0.98429 
350.50, 0.98735 
351.00, 0.99004 
351.50, 0.99225 
352.00, 0.99388 
352.50, 0.99486 
353.00, 0.99517 
353.50, 0.99483 
354.00, 0.9939 
354.50, 0.99249 
355.00, 0.99076 
355.50, 0.98891 
356.00, 0.98715 
356.50, 0.98571 
357.00, 0.98485 
357.50, 0.98478 
358.00, 0.98572 
358.50, 0.98783 
359.00, 0.99124 
359.50, 0.99602 
360.00, 1.0022 
360.50, 1.0097 
361.00, 1.0186 
361.50, 1.0285 
362.00, 1.0394 
362.50, 1.0509 
363.00, 1.063 
363.50, 1.0752 
364.00, 1.0873 
364.50, 1.099 
365.00, 1.1101 
365.50, 1.1202 
366.00, 1.1293 
366.50, 1.137 
367.00, 1.1434 
367.50, 1.1482 
368.00, 1.1516 
368.50, 1.1535 
369.00, 1.1541 
369.50, 1.1534 
370.00, 1.1519 
370.50, 1.1496 
371.00, 1.1468 
371.50, 1.1437 
372.00, 1.1407 
372.50, 1.1379 
373.00, 1.1355 
373.50, 1.1335 
374.00, 1.1319 
374.50, 1.1308 
375.00, 1.1299 
375.50, 1.1292 
376.00, 1.1284 
376.50, 1.1272 
377.00, 1.1255 
377.50, 1.123 
378.00, 1.1196 
378.50, 1.1152 
379.00, 1.1098 
379.50, 1.1034 
380.00, 1.0964 
380.50, 1.0888 
381.00, 1.081 
381.50, 1.0733 
382.00, 1.0661 
382.50, 1.0597 
383.00, 1.0543 
383.50, 1.0502 
384.00, 1.0475 
384.50, 1.0463 
385.00, 1.0467 
385.50, 1.0484 
386.00, 1.0513 
386.50, 1.0552 
387.00, 1.0598 
387.50, 1.065 
388.00, 1.0703 
388.50, 1.0757 
389.00, 1.081 
389.50, 1.0861 
390.00, 1.0912 
390.50, 1.0962 
391.00, 1.1015 
391.50, 1.1074 
392.00, 1.1142 
392.50, 1.1223 
393.00, 1.1322 
393.50, 1.1442 
394.00, 1.1587 
394.50, 1.176 
395.00, 1.1962 
395.50, 1.2194 
396.00, 1.2454 
396.50, 1.2741 
397.00, 1.305 
397.50, 1.3377 
398.00, 1.3717 
398.50, 1.4063 
399.00, 1.441 
399.50, 1.4751 
400.00, 1.5079 
401.00, 1.5682 
402.00, 1.6187 
403.00, 1.6583 
404.00, 1.6876 
405.00, 1.7083 
406.00, 1.7228 
407.00, 1.7337 
408.00, 1.743 
409.00, 1.7521 
410.00, 1.7616 
411.00, 1.7715 
412.00, 1.7812 
413.00, 1.79 
414.00, 1.7973 
415.00, 1.8025 
416.00, 1.8054 
417.00, 1.806 
418.00, 1.8045 
419.00, 1.801 
420.00, 1.7956 
421.00, 1.7881 
422.00, 1.7783 
423.00, 1.766 
424.00, 1.751 
425.00, 1.734 
426.00, 1.7158 
427.00, 1.6983 
428.00, 1.6835 
429.00, 1.6737 
430.00, 1.6705 
431.00, 1.6748 
432.00, 1.6867 
433.00, 1.705 
434.00, 1.728 
435.00, 1.7539 
436.00, 1.7811 
437.00, 1.8085 
438.00, 1.8354 
439.00, 1.8616 
440.00, 1.8869 
441.00, 1.9112 
442.00, 1.9345 
443.00, 1.9566 
444.00, 1.9775 
445.00, 1.9972 
446.00, 2.0157 
447.00, 2.0328 
448.00, 2.0484 
449.00, 2.0622 
450.00, 2.074 
451.00, 2.0836 
452.00, 2.0912 
453.00, 2.0969 
454.00, 2.1012 
455.00, 2.1045 
456.00, 2.107 
457.00, 2.1088 
458.00, 2.1099 
459.00, 2.11 
460.00, 2.1091 
461.00, 2.1069 
462.00, 2.1034 
463.00, 2.0987 
464.00, 2.0931 
465.00, 2.0872 
466.00, 2.0814 
467.00, 2.0763 
468.00, 2.0725 
469.00, 2.0703 
470.00, 2.0698 
471.00, 2.0709 
472.00, 2.0733 
473.00, 2.0765 
474.00, 2.0801 
475.00, 2.0834 
476.00, 2.0858 
477.00, 2.0867 
478.00, 2.0853 
479.00, 2.0809 
480.00, 2.0729 
481.00, 2.0613 
482.00, 2.0464 
483.00, 2.0292 
484.00, 2.0115 
485.00, 1.9951 
486.00, 1.9818 
487.00, 1.9728 
488.00, 1.9684 
489.00, 1.9681 
490.00, 1.9709 
491.00, 1.9755 
492.00, 1.9803 
493.00, 1.9843 
494.00, 1.9866 
495.00, 1.9868 
496.00, 1.9848 
497.00, 1.9809 
498.00, 1.9756 
499.00, 1.9696 
500.00, 1.9638 
501.00, 1.9586 
502.00, 1.9544 
503.00, 1.9514 
504.00, 1.9489 
505.00, 1.9466 
506.00, 1.9437 
507.00, 1.9397 
508.00, 1.9339 
509.00, 1.9261 
510.00, 1.9162 
511.00, 1.9041 
512.00, 1.8903 
513.00, 1.8756 
514.00, 1.861 
515.00, 1.8478 
516.00, 1.8375 
517.00, 1.8309 
518.00, 1.8286 
519.00, 1.8305 
520.00, 1.8358 
521.00, 1.8434 
522.00, 1.8519 
523.00, 1.8605 
524.00, 1.8684 
525.00, 1.8753 
526.00, 1.8814 
527.00, 1.8868 
528.00, 1.8916 
529.00, 1.8957 
530.00, 1.8992 
531.00, 1.9017 
532.00, 1.9031 
533.00, 1.9032 
534.00, 1.902 
535.00, 1.8997 
536.00, 1.8965 
537.00, 1.8928 
538.00, 1.889 
539.00, 1.8857 
540.00, 1.8832 
541.00, 1.8818 
542.00, 1.8816 
543.00, 1.8824 
544.00, 1.8838 
545.00, 1.8856 
546.00, 1.8871 
547.00, 1.8882 
548.00, 1.8886 
549.00, 1.8882 
550.00, 1.887 
551.00, 1.8849 
552.00, 1.8817 
553.00, 1.8776 
554.00, 1.8725 
555.00, 1.8666 
556.00, 1.8602 
557.00, 1.8538 
558.00, 1.8478 
559.00, 1.8425 
560.00, 1.8383 
561.00, 1.8349 
562.00, 1.8324 
563.00, 1.8304 
564.00, 1.8287 
565.00, 1.8271 
566.00, 1.8258 
567.00, 1.8248 
568.00, 1.8242 
569.00, 1.8241 
570.00, 1.8245 
571.00, 1.8252 
572.00, 1.826 
573.00, 1.8266 
574.00, 1.8267 
575.00, 1.8264 
576.00, 1.8255 
577.00, 1.8243 
578.00, 1.8228 
579.00, 1.8212 
580.00, 1.8191 
581.00, 1.8166 
582.00, 1.8132 
583.00, 1.8087 
584.00, 1.8031 
585.00, 1.7965 
586.00, 1.7894 
587.00, 1.7823 
588.00, 1.7759 
589.00, 1.7707 
590.00, 1.7669 
591.00, 1.7644 
592.00, 1.7628 
593.00, 1.7618 
594.00, 1.7606 
595.00, 1.759 
596.00, 1.7566 
597.00, 1.7535 
598.00, 1.75 
599.00, 1.7462 
600.00, 1.7425 
601.00, 1.7392 
602.00, 1.7364 
603.00, 1.7339 
604.00, 1.7317 
605.00, 1.7293 
606.00, 1.7266 
607.00, 1.7231 
608.00, 1.7189 
609.00, 1.7137 
610.00, 1.7079 
611.00, 1.7016 
612.00, 1.695 
613.00, 1.6886 
614.00, 1.6827 
615.00, 1.6776 
616.00, 1.6732 
617.00, 1.6697 
618.00, 1.6667 
619.00, 1.6641 
620.00, 1.6615 
621.00, 1.6589 
622.00, 1.6561 
623.00, 1.6533 
624.00, 1.6505 
625.00, 1.6479 
626.00, 1.6454 
627.00, 1.643 
628.00, 1.6406 
629.00, 1.638 
630.00, 1.6352 
631.00, 1.6323 
632.00, 1.6292 
633.00, 1.6261 
634.00, 1.6229 
635.00, 1.6196 
636.00, 1.6163 
637.00, 1.6128 
638.00, 1.6092 
639.00, 1.6053 
640.00, 1.6014 
641.00, 1.5974 
642.00, 1.5935 
643.00, 1.5896 
644.00, 1.5857 
645.00, 1.5817 
646.00, 1.5775 
647.00, 1.5727 
648.00, 1.567 
649.00, 1.5603 
650.00, 1.5523 
651.00, 1.5431 
652.00, 1.5328 
653.00, 1.5221 
654.00, 1.5118 
655.00, 1.5028 
656.00, 1.4961 
657.00, 1.4921 
658.00, 1.4909 
659.00, 1.492 
660.00, 1.4947 
661.00, 1.4981 
662.00, 1.5014 
663.00, 1.504 
664.00, 1.5057 
665.00, 1.5065 
666.00, 1.5067 
667.00, 1.5064 
668.00, 1.5058 
669.00, 1.505 
670.00, 1.504 
671.00, 1.5027 
672.00, 1.501 
673.00, 1.4989 
674.00, 1.4963 
675.00, 1.4932 
676.00, 1.4897 
677.00, 1.4858 
678.00, 1.4818 
679.00, 1.4777 
680.00, 1.4739 
681.00, 1.4704 
682.00, 1.4671 
683.00, 1.4642 
684.00, 1.4615 
685.00, 1.4589 
686.00, 1.4562 
687.00, 1.4533 
688.00, 1.4501 
689.00, 1.4467 
690.00, 1.4432 
691.00, 1.4397 
692.00, 1.4364 
693.00, 1.4333 
694.00, 1.4306 
695.00, 1.4281 
696.00, 1.4259 
697.00, 1.4239 
698.00, 1.4219 
699.00, 1.42 
700.00, 1.4182 
701.00, 1.4165 
702.00, 1.4149 
703.00, 1.4133 
704.00, 1.4117 
705.00, 1.4098 
706.00, 1.4076 
707.00, 1.405 
708.00, 1.402 
709.00, 1.3985 
710.00, 1.3946 
711.00, 1.3904 
712.00, 1.386 
713.00, 1.3815 
714.00, 1.377 
715.00, 1.3727 
716.00, 1.3685 
717.00, 1.3646 
718.00, 1.3609 
719.00, 1.3576 
720.00, 1.3544 
721.00, 1.3514 
722.00, 1.3484 
723.00, 1.3455 
724.00, 1.3424 
725.00, 1.3394 
726.00, 1.3362 
727.00, 1.3331 
728.00, 1.33 
729.00, 1.3271 
730.00, 1.3244 
731.00, 1.3217 
732.00, 1.319 
733.00, 1.3162 
734.00, 1.3131 
735.00, 1.3097 
736.00, 1.306 
737.00, 1.3021 
738.00, 1.2983 
739.00, 1.2947 
740.00, 1.2916 
741.00, 1.289 
742.00, 1.287 
743.00, 1.2855 
744.00, 1.2843 
745.00, 1.2832 
746.00, 1.282 
747.00, 1.2806 
748.00, 1.279 
749.00, 1.2771 
750.00, 1.275 
751.00, 1.2729 
752.00, 1.2707 
753.00, 1.2684 
754.00, 1.2661 
755.00, 1.2635 
756.00, 1.2606 
757.00, 1.2574 
758.00, 1.2539 
759.00, 1.25 
760.00, 1.2458 
761.00, 1.2413 
762.00, 1.2368 
763.00, 1.2322 
764.00, 1.2277 
765.00, 1.2234 
766.00, 1.2194 
767.00, 1.2158 
768.00, 1.2125 
769.00, 1.2094 
770.00, 1.2066 
771.00, 1.204 
772.00, 1.2013 
773.00, 1.1986 
774.00, 1.1959 
775.00, 1.193 
776.00, 1.19 
777.00, 1.187 
778.00, 1.184 
779.00, 1.181 
780.00, 1.1781 
781.00, 1.1754 
782.00, 1.1729 
783.00, 1.1705 
784.00, 1.1682 
785.00, 1.1659 
786.00, 1.1635 
787.00, 1.1609 
788.00, 1.158 
789.00, 1.1548 
790.00, 1.1514 
791.00, 1.1479 
792.00, 1.1446 
793.00, 1.1415 
794.00, 1.139 
795.00, 1.1369 
796.00, 1.1352 
797.00, 1.1337 
798.00, 1.1323 
799.00, 1.1308 
800.00, 1.1291 
801.00, 1.1271 
802.00, 1.125 
803.00, 1.1227 
804.00, 1.1204 
805.00, 1.1182 
806.00, 1.1162 
807.00, 1.1144 
808.00, 1.1129 
809.00, 1.1115 
810.00, 1.1102 
811.00, 1.1087 
812.00, 1.107 
813.00, 1.1047 
814.00, 1.1019 
815.00, 1.0985 
816.00, 1.0947 
817.00, 1.0906 
818.00, 1.0865 
819.00, 1.0826 
820.00, 1.0792 
821.00, 1.0764 
822.00, 1.0742 
823.00, 1.0724 
824.00, 1.0709 
825.00, 1.0694 
826.00, 1.0677 
827.00, 1.0657 
828.00, 1.0632 
829.00, 1.0604 
830.00, 1.0572 
831.00, 1.054 
832.00, 1.0507 
833.00, 1.0477 
834.00, 1.0448 
835.00, 1.0423 
836.00, 1.04 
837.00, 1.0378 
838.00, 1.0356 
839.00, 1.0333 
840.00, 1.0307 
841.00, 1.0278 
842.00, 1.0244 
843.00, 1.0204 
844.00, 1.0156 
845.00, 1.0101 
846.00, 1.0036 
847.00, 0.99646 
848.00, 0.98869 
849.00, 0.98069 
850.00, 0.97293 
851.00, 0.96601 
852.00, 0.96053 
853.00, 0.95697 
854.00, 0.95563 
855.00, 0.95647 
856.00, 0.9591 
857.00, 0.96285 
858.00, 0.96688 
859.00, 0.97036 
860.00, 0.97261 
861.00, 0.97328 
862.00, 0.97235 
863.00, 0.97013 
864.00, 0.9672 
865.00, 0.96421 
866.00, 0.96171 
867.00, 0.96008 
868.00, 0.95938 
869.00, 0.95943 
870.00, 0.95987 
871.00, 0.96029 
872.00, 0.96035 
873.00, 0.95988 
874.00, 0.95881 
875.00, 0.95722 
876.00, 0.95523 
877.00, 0.95299 
878.00, 0.95059 
879.00, 0.94813 
880.00, 0.94568 
881.00, 0.94329 
882.00, 0.94099 
883.00, 0.93882 
884.00, 0.93678 
885.00, 0.93487 
886.00, 0.93306 
887.00, 0.93131 
888.00, 0.92955 
889.00, 0.92772 
890.00, 0.92576 
891.00, 0.92363 
892.00, 0.92129 
893.00, 0.91875 
894.00, 0.916 
895.00, 0.91307 
896.00, 0.90999 
897.00, 0.90682 
898.00, 0.90367 
899.00, 0.90065 
900.00, 0.89789 
901.00, 0.89547 
902.00, 0.89339 
903.00, 0.8916 
904.00, 0.88997 
905.00, 0.88837 
906.00, 0.88672 
907.00, 0.885 
908.00, 0.88328 
909.00, 0.88163 
910.00, 0.88011 
911.00, 0.87872 
912.00, 0.87741 
913.00, 0.87602 
914.00, 0.87441 
915.00, 0.87241 
916.00, 0.86991 
917.00, 0.8669 
918.00, 0.86345 
919.00, 0.85972 
920.00, 0.85594 
921.00, 0.85241 
922.00, 0.84937 
923.00, 0.84703 
924.00, 0.84548 
925.00, 0.84471 
926.00, 0.84455 
927.00, 0.84479 
928.00, 0.84517 
929.00, 0.84546 
930.00, 0.84545 
931.00, 0.84501 
932.00, 0.84408 
933.00, 0.84265 
934.00, 0.84072 
935.00, 0.83835 
936.00, 0.83563 
937.00, 0.83265 
938.00, 0.82954 
939.00, 0.82649 
940.00, 0.82366 
941.00, 0.82119 
942.00, 0.8192 
943.00, 0.8177 
944.00, 0.81661 
945.00, 0.81578 
946.00, 0.81502 
947.00, 0.81409 
948.00, 0.81283 
949.00, 0.81113 
950.00, 0.80898 
951.00, 0.80649 
952.00, 0.80381 
953.00, 0.80115 
954.00, 0.79871 
955.00, 0.79661 
956.00, 0.7949 
957.00, 0.79351 
958.00, 0.79232 
959.00, 0.7912 
960.00, 0.79002 
961.00, 0.78871 
962.00, 0.78725 
963.00, 0.78569 
964.00, 0.78409 
965.00, 0.7825 
966.00, 0.78097 
967.00, 0.7795 
968.00, 0.77806 
969.00, 0.77662 
970.00, 0.77512 
971.00, 0.77356 
972.00, 0.77192 
973.00, 0.77023 
974.00, 0.76854 
975.00, 0.76688 
976.00, 0.76529 
977.00, 0.7638 
978.00, 0.76239 
979.00, 0.76104 
980.00, 0.75971 
981.00, 0.75835 
982.00, 0.75693 
983.00, 0.75541 
984.00, 0.75379 
985.00, 0.7521 
986.00, 0.75037 
987.00, 0.74866 
988.00, 0.74703 
989.00, 0.74551 
990.00, 0.74412 
991.00, 0.74286 
992.00, 0.74168 
993.00, 0.74054 
994.00, 0.73937 
995.00, 0.7381 
996.00, 0.73667 
997.00, 0.73501 
998.00, 0.7331 
999.00, 0.73091 
1000.00, 0.72848 
1001.00, 0.72591 
1002.00, 0.72331 
1003.00, 0.72086 
1004.00, 0.71871 
1005.00, 0.71698 
1006.00, 0.71572 
1007.00, 0.71486 
1008.00, 0.71427 
1009.00, 0.71378 
1010.00, 0.7132 
1011.00, 0.71241 
1012.00, 0.71132 
1013.00, 0.70994 
1014.00, 0.70831 
1015.00, 0.70653 
1016.00, 0.7047 
1017.00, 0.70293 
1018.00, 0.70129 
1019.00, 0.69984 
1020.00, 0.6986 
1021.00, 0.69754 
1022.00, 0.69661 
1023.00, 0.69573 
1024.00, 0.69481 
1025.00, 0.69378 
1026.00, 0.69256 
1027.00, 0.69113 
1028.00, 0.68948 
1029.00, 0.68765 
1030.00, 0.68569 
1031.00, 0.68365 
1032.00, 0.68162 
1033.00, 0.67965 
1034.00, 0.67779 
1035.00, 0.67607 
1036.00, 0.67449 
1037.00, 0.67303 
1038.00, 0.67166 
1039.00, 0.67035 
1040.00, 0.66906 
1041.00, 0.66777 
1042.00, 0.66646 
1043.00, 0.66516 
1044.00, 0.66388 
1045.00, 0.66265 
1046.00, 0.66149 
1047.00, 0.6604 
1048.00, 0.65937 
1049.00, 0.65836 
1050.00, 0.65733 
1051.00, 0.65623 
1052.00, 0.65503 
1053.00, 0.6537 
1054.00, 0.65224 
1055.00, 0.65065 
1056.00, 0.64896 
1057.00, 0.64723 
1058.00, 0.6455 
1059.00, 0.64382 
1060.00, 0.64219 
1061.00, 0.6406 
1062.00, 0.63901 
1063.00, 0.63738 
1064.00, 0.63565 
1065.00, 0.63384 
1066.00, 0.63198 
1067.00, 0.63013 
1068.00, 0.62839 
1069.00, 0.62682 
1070.00, 0.62547 
1071.00, 0.62434 
1072.00, 0.62337 
1073.00, 0.62251 
1074.00, 0.62166 
1075.00, 0.62073 
1076.00, 0.61966 
1077.00, 0.61842 
1078.00, 0.61701 
1079.00, 0.61547 
1080.00, 0.61386 
1081.00, 0.61224 
1082.00, 0.61066 
1083.00, 0.60915 
1084.00, 0.6077 
1085.00, 0.60627 
1086.00, 0.60479 
1087.00, 0.60318 
1088.00, 0.60138 
1089.00, 0.59934 
1090.00, 0.59708 
1091.00, 0.59468 
1092.00, 0.59224 
1093.00, 0.58993 
1094.00, 0.58791 
1095.00, 0.5863 
1096.00, 0.58516 
1097.00, 0.58447 
1098.00, 0.58416 
1099.00, 0.58411 
1100.00, 0.5842 
1101.00, 0.5843 
1102.00, 0.58434 
1103.00, 0.58427 
1104.00, 0.58404 
1105.00, 0.58364 
1106.00, 0.58307 
1107.00, 0.58234 
1108.00, 0.58146 
1109.00, 0.58046 
1110.00, 0.57937 
1111.00, 0.57821 
1112.00, 0.57702 
1113.00, 0.57579 
1114.00, 0.57455 
1115.00, 0.57329 
1116.00, 0.572 
1117.00, 0.57067 
1118.00, 0.56932 
1119.00, 0.56792 
1120.00, 0.56647 
1121.00, 0.56498 
1122.00, 0.56346 
1123.00, 0.5619 
1124.00, 0.56035 
1125.00, 0.55882 
1126.00, 0.55736 
1127.00, 0.556 
1128.00, 0.55474 
1129.00, 0.55358 
1130.00, 0.5525 
1131.00, 0.55146 
1132.00, 0.55042 
1133.00, 0.54934 
1134.00, 0.5482 
1135.00, 0.54699 
1136.00, 0.54573 
1137.00, 0.54446 
1138.00, 0.54323 
1139.00, 0.5421 
1140.00, 0.54114 
1141.00, 0.54036 
1142.00, 0.53977 
1143.00, 0.53933 
1144.00, 0.53899 
1145.00, 0.53868 
1146.00, 0.53834 
1147.00, 0.53791 
1148.00, 0.53737 
1149.00, 0.5367 
1150.00, 0.5359 
1151.00, 0.53497 
1152.00, 0.53392 
1153.00, 0.53273 
1154.00, 0.53141 
1155.00, 0.52995 
1156.00, 0.52837 
1157.00, 0.52669 
1158.00, 0.52499 
1159.00, 0.52333 
1160.00, 0.52179 
1161.00, 0.5204 
1162.00, 0.51921 
1163.00, 0.5182 
1164.00, 0.51737 
1165.00, 0.51666 
1166.00, 0.51605 
1167.00, 0.51549 
1168.00, 0.51494 
1169.00, 0.51435 
1170.00, 0.5137 
1171.00, 0.51295 
1172.00, 0.51209 
1173.00, 0.51113 
1174.00, 0.51009 
1175.00, 0.50899 
1176.00, 0.50789 
1177.00, 0.50678 
1178.00, 0.50569 
1179.00, 0.50462 
1180.00, 0.50356 
1181.00, 0.50251 
1182.00, 0.50148 
1183.00, 0.50049 
1184.00, 0.49955 
1185.00, 0.49867 
1186.00, 0.49787 
1187.00, 0.49715 
1188.00, 0.49648 
1189.00, 0.49584 
1190.00, 0.49517 
1191.00, 0.4944 
1192.00, 0.49347 
1193.00, 0.49234 
1194.00, 0.491 
1195.00, 0.4895 
1196.00, 0.48794 
1197.00, 0.48641 
1198.00, 0.485 
1199.00, 0.48376 
1200.00, 0.48271 
1201.00, 0.4818 
1202.00, 0.48098 
1203.00, 0.48019 
1204.00, 0.47937 
1205.00, 0.47853 
1206.00, 0.47769 
1207.00, 0.47691 
1208.00, 0.47624 
1209.00, 0.47574 
1210.00, 0.47543 
1211.00, 0.4753 
1212.00, 0.47528 
1213.00, 0.4753 
1214.00, 0.47528 
1215.00, 0.47514 
1216.00, 0.47484 
1217.00, 0.47437 
1218.00, 0.47373 
1219.00, 0.47294 
1220.00, 0.47204 
1221.00, 0.47104 
1222.00, 0.46999 
1223.00, 0.46891 
1224.00, 0.46781 
1225.00, 0.46672 
1226.00, 0.46566 
1227.00, 0.46463 
1228.00, 0.46366 
1229.00, 0.46273 
1230.00, 0.46184 
1231.00, 0.46097 
1232.00, 0.46012 
1233.00, 0.45927 
1234.00, 0.45841 
1235.00, 0.45753 
1236.00, 0.45662 
1237.00, 0.45568 
1238.00, 0.45472 
1239.00, 0.45377 
1240.00, 0.45284 
1241.00, 0.45195 
1242.00, 0.45113 
1243.00, 0.45038 
1244.00, 0.44969 
1245.00, 0.44906 
1246.00, 0.44844 
1247.00, 0.44783 
1248.00, 0.44718 
1249.00, 0.44649 
1250.00, 0.44576 
1251.00, 0.44501 
1252.00, 0.44425 
1253.00, 0.44351 
1254.00, 0.44281 
1255.00, 0.44214 
1256.00, 0.44151 
1257.00, 0.44091 
1258.00, 0.44032 
1259.00, 0.43973 
1260.00, 0.43912 
1261.00, 0.43848 
1262.00, 0.43781 
1263.00, 0.43712 
1264.00, 0.43643 
1265.00, 0.43574 
1266.00, 0.43509 
1267.00, 0.43447 
1268.00, 0.43389 
1269.00, 0.43332 
1270.00, 0.43273 
1271.00, 0.43207 
1272.00, 0.43127 
1273.00, 0.43025 
1274.00, 0.42895 
1275.00, 0.42733 
1276.00, 0.42536 
1277.00, 0.42311 
1278.00, 0.42069 
1279.00, 0.41828 
1280.00, 0.4161 
1281.00, 0.41436 
1282.00, 0.41321 
1283.00, 0.41271 
1284.00, 0.4128 
1285.00, 0.41333 
1286.00, 0.41412 
1287.00, 0.41496 
1288.00, 0.41571 
1289.00, 0.41627 
1290.00, 0.41661 
1291.00, 0.41673 
1292.00, 0.41666 
1293.00, 0.41645 
1294.00, 0.41611 
1295.00, 0.41567 
1296.00, 0.41514 
1297.00, 0.41451 
1298.00, 0.41382 
1299.00, 0.41306 
1300.00, 0.41226 
1301.00, 0.41143 
1302.00, 0.4106 
1303.00, 0.40977 
1304.00, 0.40892 
1305.00, 0.40805 
1306.00, 0.40711 
1307.00, 0.4061 
1308.00, 0.405 
1309.00, 0.40381 
1310.00, 0.40259 
1311.00, 0.40138 
1312.00, 0.40025 
1313.00, 0.39926 
1314.00, 0.39845 
1315.00, 0.39783 
1316.00, 0.3974 
1317.00, 0.39709 
1318.00, 0.39686 
1319.00, 0.39662 
1320.00, 0.39633 
1321.00, 0.39594 
1322.00, 0.39542 
1323.00, 0.39477 
1324.00, 0.394 
1325.00, 0.39314 
1326.00, 0.39224 
1327.00, 0.39135 
1328.00, 0.39051 
1329.00, 0.38976 
1330.00, 0.38912 
1331.00, 0.38858 
1332.00, 0.38811 
1333.00, 0.38768 
1334.00, 0.38724 
1335.00, 0.38677 
1336.00, 0.38625 
1337.00, 0.38569 
1338.00, 0.38511 
1339.00, 0.38453 
1340.00, 0.38398 
1341.00, 0.38345 
1342.00, 0.38295 
1343.00, 0.38245 
1344.00, 0.38193 
1345.00, 0.38138 
1346.00, 0.38078 
1347.00, 0.38014 
1348.00, 0.37944 
1349.00, 0.37871 
1350.00, 0.37793 
1351.00, 0.37713 
1352.00, 0.37629 
1353.00, 0.37545 
1354.00, 0.3746 
1355.00, 0.37378 
1356.00, 0.373 
1357.00, 0.37226 
1358.00, 0.37158 
1359.00, 0.37095 
1360.00, 0.37035 
1361.00, 0.36976 
1362.00, 0.36916 
1363.00, 0.36855 
1364.00, 0.36791 
1365.00, 0.36725 
1366.00, 0.36657 
1367.00, 0.3659 
1368.00, 0.36525 
1369.00, 0.36463 
1370.00, 0.36404 
1371.00, 0.36349 
1372.00, 0.36297 
1373.00, 0.36248 
1374.00, 0.362 
1375.00, 0.36154 
1376.00, 0.36109 
1377.00, 0.36065 
1378.00, 0.36021 
1379.00, 0.35977 
1380.00, 0.35933 
1381.00, 0.35887 
1382.00, 0.3584 
1383.00, 0.35792 
1384.00, 0.35744 
1385.00, 0.35696 
1386.00, 0.35648 
1387.00, 0.35599 
1388.00, 0.35548 
1389.00, 0.35497 
1390.00, 0.35443 
1391.00, 0.35387 
1392.00, 0.35328 
1393.00, 0.35267 
1394.00, 0.35202 
1395.00, 0.35133 
1396.00, 0.35062 
1397.00, 0.34988 
1398.00, 0.34912 
1399.00, 0.34838 
1400.00, 0.34767 
1401.00, 0.347 
1402.00, 0.34639 
1403.00, 0.34583 
1404.00, 0.3453 
1405.00, 0.34477 
1406.00, 0.34423 
1407.00, 0.34365 
1408.00, 0.34304 
1409.00, 0.34239 
1410.00, 0.34174 
1411.00, 0.34111 
1412.00, 0.34051 
1413.00, 0.33996 
1414.00, 0.33943 
1415.00, 0.33891 
1416.00, 0.33835 
1417.00, 0.33773 
1418.00, 0.33701 
1419.00, 0.33621 
1420.00, 0.33534 
1421.00, 0.33442 
1422.00, 0.3335 
1423.00, 0.33263 
1424.00, 0.33183 
1425.00, 0.33115 
1426.00, 0.3306 
1427.00, 0.3302 
1428.00, 0.32993 
1429.00, 0.32978 
1430.00, 0.32971 
1431.00, 0.32968 
1432.00, 0.32961 
1433.00, 0.32946 
1434.00, 0.32916 
1435.00, 0.3287 
1436.00, 0.32805 
1437.00, 0.32726 
1438.00, 0.32636 
1439.00, 0.32542 
1440.00, 0.32452 
1441.00, 0.32373 
1442.00, 0.32307 
1443.00, 0.32255 
1444.00, 0.32215 
1445.00, 0.32181 
1446.00, 0.32148 
1447.00, 0.3211 
1448.00, 0.32065 
1449.00, 0.32013 
1450.00, 0.31954 
1451.00, 0.31894 
1452.00, 0.31835 
1453.00, 0.31782 
1454.00, 0.31736 
1455.00, 0.31698 
1456.00, 0.31664 
1457.00, 0.31634 
1458.00, 0.31602 
1459.00, 0.31566 
1460.00, 0.31525 
1461.00, 0.31479 
1462.00, 0.31428 
1463.00, 0.31374 
1464.00, 0.31317 
1465.00, 0.31258 
1466.00, 0.31196 
1467.00, 0.31128 
1468.00, 0.31054 
1469.00, 0.30974 
1470.00, 0.30891 
1471.00, 0.30806 
1472.00, 0.30725 
1473.00, 0.30652 
1474.00, 0.3059 
1475.00, 0.30539 
1476.00, 0.305 
1477.00, 0.30468 
1478.00, 0.30441 
1479.00, 0.30411 
1480.00, 0.30375 
1481.00, 0.30328 
1482.00, 0.30269 
1483.00, 0.30199 
1484.00, 0.30123 
1485.00, 0.30046 
1486.00, 0.29977 
1487.00, 0.29922 
1488.00, 0.29885 
1489.00, 0.29868 
1490.00, 0.29864 
1491.00, 0.29868 
1492.00, 0.29869 
1493.00, 0.2986 
1494.00, 0.29833 
1495.00, 0.29784 
1496.00, 0.2971 
1497.00, 0.29611 
1498.00, 0.29488 
1499.00, 0.29347 
1500.00, 0.29194 
1501.00, 0.2904 
1502.00, 0.289 
1503.00, 0.28784 
1504.00, 0.28703 
1505.00, 0.28661 
1506.00, 0.28655 
1507.00, 0.28677 
1508.00, 0.28714 
1509.00, 0.28754 
1510.00, 0.28785 
1511.00, 0.28803 
1512.00, 0.28803 
1513.00, 0.28788 
1514.00, 0.28759 
1515.00, 0.2872 
1516.00, 0.28675 
1517.00, 0.28625 
1518.00, 0.28573 
1519.00, 0.28519 
1520.00, 0.28466 
1521.00, 0.28413 
1522.00, 0.28362 
1523.00, 0.28313 
1524.00, 0.28264 
1525.00, 0.28214 
1526.00, 0.28162 
1527.00, 0.28107 
1528.00, 0.28049 
1529.00, 0.2799 
1530.00, 0.27932 
1531.00, 0.27874 
1532.00, 0.27818 
1533.00, 0.27763 
1534.00, 0.27708 
1535.00, 0.27652 
1536.00, 0.27596 
1537.00, 0.27541 
1538.00, 0.27489 
1539.00, 0.27442 
1540.00, 0.27399 
1541.00, 0.27361 
1542.00, 0.27326 
1543.00, 0.2729 
1544.00, 0.27251 
1545.00, 0.27206 
1546.00, 0.27154 
1547.00, 0.27096 
1548.00, 0.27034 
1549.00, 0.26971 
1550.00, 0.26909 
1551.00, 0.26849 
1552.00, 0.26793 
1553.00, 0.26743 
1554.00, 0.267 
1555.00, 0.26663 
1556.00, 0.26632 
1557.00, 0.26606 
1558.00, 0.26583 
1559.00, 0.26559 
1560.00, 0.26533 
1561.00, 0.26501 
1562.00, 0.26462 
1563.00, 0.26417 
1564.00, 0.26366 
1565.00, 0.26311 
1566.00, 0.26252 
1567.00, 0.2619 
1568.00, 0.26123 
1569.00, 0.26049 
1570.00, 0.25967 
1571.00, 0.25877 
1572.00, 0.25779 
1573.00, 0.25678 
1574.00, 0.25583 
1575.00, 0.25499 
1576.00, 0.25432 
1577.00, 0.25385 
1578.00, 0.25353 
1579.00, 0.25332 
1580.00, 0.2531 
1581.00, 0.2528 
1582.00, 0.25234 
1583.00, 0.25168 
1584.00, 0.25085 
1585.00, 0.24989 
1586.00, 0.2489 
1587.00, 0.24801 
1588.00, 0.24731 
1589.00, 0.2469 
1590.00, 0.2468 
1591.00, 0.24698 
1592.00, 0.24737 
1593.00, 0.24786 
1594.00, 0.24832 
1595.00, 0.24868 
1596.00, 0.24886 
1597.00, 0.24886 
1598.00, 0.24867 
1599.00, 0.24832 
1600.00, 0.24786 
1601.00, 0.24729 
1602.00, 0.24666 
1603.00, 0.24597 
1604.00, 0.24523 
1605.00, 0.24445 
1606.00, 0.24363 
1607.00, 0.24279 
1608.00, 0.24196 
1609.00, 0.24116 
1610.00, 0.2404 
1611.00, 0.23971 
1612.00, 0.23909 
1613.00, 0.23853 
1614.00, 0.23804 
1615.00, 0.23762 
1616.00, 0.23728 
1617.00, 0.23701 
1618.00, 0.23685 
1619.00, 0.23678 
1620.00, 0.23682 
1621.00, 0.23694 
1622.00, 0.23712 
1623.00, 0.23732 
1624.00, 0.23748 
1625.00, 0.23757 
1626.00, 0.23753 
1627.00, 0.23734 
1628.00, 0.23697 
1629.00, 0.23641 
1630.00, 0.23566 
1631.00, 0.23473 
1632.00, 0.23364 
1633.00, 0.23239 
1634.00, 0.23104 
1635.00, 0.22964 
1636.00, 0.22823 
1637.00, 0.22691 
1638.00, 0.22572 
1639.00, 0.22474 
1640.00, 0.224 
1641.00, 0.2235 
1642.00, 0.22323 
1643.00, 0.22314 
1644.00, 0.22318 
1645.00, 0.2233 
1646.00, 0.22345 
1647.00, 0.22359 
1648.00, 0.22371 
1649.00, 0.2238 
1650.00, 0.22387 
1651.00, 0.22391 
1652.00, 0.22395 
1653.00, 0.22397 
1654.00, 0.22398 
1655.00, 0.22396 
1656.00, 0.2239 
1657.00, 0.22378 
1658.00, 0.22359 
1659.00, 0.22332 
1660.00, 0.22295 
1661.00, 0.22249 
1662.00, 0.22193 
1663.00, 0.22129 
1664.00, 0.22058 
1665.00, 0.21982 
1666.00, 0.21903 
1667.00, 0.21823 
1668.00, 0.21741 
1669.00, 0.21659 
1670.00, 0.21575 
1671.00, 0.21489 
1672.00, 0.21399 
1673.00, 0.21305 
1674.00, 0.21207 
1675.00, 0.21105 
1676.00, 0.21002 
1677.00, 0.20902 
1678.00, 0.2081 
1679.00, 0.20732 
1680.00, 0.20674 
1681.00, 0.2064 
1682.00, 0.2063 
1683.00, 0.20642 
1684.00, 0.2067 
1685.00, 0.20706 
1686.00, 0.20746 
1687.00, 0.20784 
1688.00, 0.20816 
1689.00, 0.20841 
1690.00, 0.20859 
1691.00, 0.2087 
1692.00, 0.20875 
1693.00, 0.20878 
1694.00, 0.20882 
1695.00, 0.20894 
1696.00, 0.2092 
1697.00, 0.20964 
1698.00, 0.21024 
1699.00, 0.21087 
1700.00, 0.21129 
1701.00, 0.21118 
1702.00, 0.21025 
1703.00, 0.20834 
1704.00, 0.20555 
1705.00, 0.20223 
1710.00, 0.19353 
1715.00, 0.1972 
1720.00, 0.196 
1725.00, 0.19326 
1730.00, 0.18936 
1735.00, 0.18475 
1740.00, 0.18436 
1745.00, 0.18505 
1750.00, 0.18455 
1755.00, 0.18356 
1760.00, 0.18175 
1765.00, 0.17983 
1770.00, 0.17802 
1775.00, 0.17586 
1780.00, 0.1739 
1785.00, 0.17271 
1790.00, 0.1717 
1795.00, 0.17011 
1800.00, 0.16834 
1805.00, 0.16669 
1810.00, 0.16395 
1815.00, 0.1595 
1820.00, 0.15744 
1825.00, 0.15865 
1830.00, 0.15883 
1835.00, 0.15743 
1840.00, 0.15544 
1845.00, 0.15372 
1850.00, 0.15291 
1855.00, 0.15177 
1860.00, 0.14995 
1865.00, 0.14764 
1870.00, 0.14364 
1875.00, 0.13944 
1880.00, 0.14086 
1885.00, 0.14215 
1890.00, 0.14068 
1895.00, 0.13886 
1900.00, 0.13841 
1905.00, 0.13786 
1910.00, 0.13673 
1915.00, 0.13554 
1920.00, 0.13428 
1925.00, 0.13283 
1930.00, 0.131 
1935.00, 0.12939 
1940.00, 0.12633 
1945.00, 0.12321 
1950.00, 0.12417 
1955.00, 0.12564 
1960.00, 0.12492 
1965.00, 0.12339 
1970.00, 0.12212 
1975.00, 0.1206 
1980.00, 0.11927 
1985.00, 0.11846 
1990.00, 0.11774 
1995.00, 0.1166 
2000.00, 0.11571 
2005.00, 0.11491 
2010.00, 0.11421 
2015.00, 0.11314 
2020.00, 0.11174 
2025.00, 0.11055 
2030.00, 0.10928 
2035.00, 0.10827 
2040.00, 0.10774 
2045.00, 0.10734 
2050.00, 0.10641 
2055.00, 0.10519 
2060.00, 0.10391 
2065.00, 0.10298 
2070.00, 0.10241 
2075.00, 0.10182 
2080.00, 0.10076 
2085.00, 0.099699 
2090.00, 0.098647 
2095.00, 0.097701 
2100.00, 0.097266 
2105.00, 0.096694 
2110.00, 0.095785 
2115.00, 0.094809 
2120.00, 0.093802 
2125.00, 0.093045 
2130.00, 0.092524 
2135.00, 0.091854 
2140.00, 0.091279 
2145.00, 0.090652 
2150.00, 0.08997 
2155.00, 0.088969 
2160.00, 0.08694 
2165.00, 0.084609 
2170.00, 0.084717 
2175.00, 0.08525 
2180.00, 0.084971 
2185.00, 0.084424 
2190.00, 0.083767 
2195.00, 0.083206 
2200.00, 0.082304 
2205.00, 0.081116 
2210.00, 0.080489 
2215.00, 0.080121 
2220.00, 0.07956 
2225.00, 0.078827 
2230.00, 0.078207 
2235.00, 0.077513 
2240.00, 0.076721 
2245.00, 0.076078 
2250.00, 0.075385 
2255.00, 0.07467 
2260.00, 0.07409 
2265.00, 0.073563 
2270.00, 0.073106 
2275.00, 0.072468 
2280.00, 0.071631 
2285.00, 0.071023 
2290.00, 0.070361 
2295.00, 0.069504 
2300.00, 0.069128 
2305.00, 0.068868 
2310.00, 0.068342 
2315.00, 0.067567 
2320.00, 0.066615 
2325.00, 0.065759 
2330.00, 0.065439 
2335.00, 0.065154 
2340.00, 0.064847 
2345.00, 0.064377 
2350.00, 0.063469 
2355.00, 0.062613 
2360.00, 0.062368 
2365.00, 0.062138 
2370.00, 0.061578 
2375.00, 0.060948 
2380.00, 0.060164 
2385.00, 0.059186 
2390.00, 0.058916 
2395.00, 0.058785 
2400.00, 0.058472 
2405.00, 0.058076 
2410.00, 0.057381 
2415.00, 0.056463 
2420.00, 0.056139 
2425.00, 0.055996 
2430.00, 0.055694 
2435.00, 0.055267 
2440.00, 0.054859 
2445.00, 0.054235 
2450.00, 0.053519 
2455.00, 0.053123 
2460.00, 0.053036 
2465.00, 0.05281 
2470.00, 0.052329 
2475.00, 0.051838 
2480.00, 0.051186 
2485.00, 0.05079 
2490.00, 0.050687 
2495.00, 0.050521 
2500.00, 0.050277 
