Source:  4STAR 6" Labsphere via SWS to ARCS 455 
Date:    2011-03-08 
Units:   Radiance in mW/(m^2.sr.nm) 
Source:  4STAR 6" Labsphere via SWS to ARCS 455 
Source:  6" sphere, 2" opening 
Dist:  5.5" 
nm ,   radiance 
310.00, 0.72024 
311.00, 0.75372 
312.00, 0.78226 
313.00, 0.78708 
314.00, 0.78072 
315.00, 0.77027 
316.00, 0.75845 
317.00, 0.73813 
318.00, 0.7142 
319.00, 0.70038 
320.00, 0.71147 
321.00, 0.74405 
322.00, 0.77778 
323.00, 0.79574 
324.00, 0.80656 
325.00, 0.81637 
326.00, 0.82917 
327.00, 0.84519 
328.00, 0.86433 
329.00, 0.88763 
330.00, 0.92744 
331.00, 0.98141 
332.00, 1.0196 
333.00, 1.0134 
334.00, 0.96789 
335.00, 0.92066 
336.00, 0.91443 
337.00, 1.016 
338.00, 1.165 
339.00, 1.2676 
340.00, 1.312 
341.00, 1.347 
342.00, 1.3654 
343.00, 1.3417 
344.00, 1.25 
345.00, 1.1604 
346.00, 1.1413 
347.00, 1.1677 
348.00, 1.2115 
349.00, 1.2582 
350.00, 1.316 
351.00, 1.3834 
352.00, 1.4389 
353.00, 1.4689 
354.00, 1.4882 
355.00, 1.5089 
356.00, 1.5432 
357.00, 1.6013 
358.00, 1.6733 
359.00, 1.7468 
360.00, 1.828 
361.00, 1.914 
362.00, 1.9895 
363.00, 2.0433 
364.00, 2.0853 
365.00, 2.1309 
366.00, 2.1976 
367.00, 2.2983 
368.00, 2.4062 
369.00, 2.49 
370.00, 2.5516 
371.00, 2.6046 
372.00, 2.6532 
373.00, 2.6964 
374.00, 2.7337 
375.00, 2.7765 
376.00, 2.8395 
377.00, 2.934 
378.00, 3.0406 
379.00, 3.1374 
380.00, 3.2257 
381.00, 3.3113 
382.00, 3.3941 
383.00, 3.4693 
384.00, 3.5391 
385.00, 3.6183 
386.00, 3.7253 
387.00, 3.8714 
388.00, 4.029 
389.00, 4.1687 
390.00, 4.295 
391.00, 4.4146 
392.00, 4.5257 
393.00, 4.6221 
394.00, 4.7088 
395.00, 4.8042 
396.00, 4.9294 
397.00, 5.0904 
398.00, 5.2577 
399.00, 5.4017 
400.00, 5.527 
401.00, 5.6436 
402.00, 5.7554 
403.00, 5.8567 
404.00, 5.9511 
405.00, 6.0574 
406.00, 6.2004 
407.00, 6.3895 
408.00, 6.5822 
409.00, 6.7348 
410.00, 6.8513 
411.00, 6.9582 
412.00, 7.0778 
413.00, 7.2246 
414.00, 7.3868 
415.00, 7.548 
416.00, 7.6942 
417.00, 7.8305 
418.00, 7.9703 
419.00, 8.1269 
420.00, 8.3076 
421.00, 8.4974 
422.00, 8.678 
423.00, 8.843 
424.00, 9.0016 
425.00, 9.1599 
426.00, 9.32 
427.00, 9.4776 
428.00, 9.6424 
429.00, 9.8263 
430.00, 10.044 
431.00, 10.269 
432.00, 10.466 
433.00, 10.619 
434.00, 10.753 
435.00, 10.901 
436.00, 11.09 
437.00, 11.317 
438.00, 11.554 
439.00, 11.775 
440.00, 11.987 
441.00, 12.195 
442.00, 12.399 
443.00, 12.595 
444.00, 12.788 
445.00, 12.985 
446.00, 13.191 
447.00, 13.403 
448.00, 13.621 
449.00, 13.849 
450.00, 14.093 
451.00, 14.341 
452.00, 14.579 
453.00, 14.798 
454.00, 15.01 
455.00, 15.23 
456.00, 15.473 
457.00, 15.736 
458.00,   16 
459.00, 16.248 
460.00, 16.481 
461.00, 16.709 
462.00, 16.94 
463.00, 17.175 
464.00, 17.413 
465.00, 17.651 
466.00, 17.89 
467.00, 18.128 
468.00, 18.371 
469.00, 18.626 
470.00, 18.896 
471.00, 19.174 
472.00, 19.448 
473.00, 19.716 
474.00, 19.984 
475.00, 20.252 
476.00, 20.523 
477.00, 20.796 
478.00, 21.07 
479.00, 21.346 
480.00, 21.625 
481.00, 21.904 
482.00, 22.179 
483.00, 22.446 
484.00, 22.709 
485.00, 22.977 
486.00, 23.254 
487.00, 23.537 
488.00, 23.825 
489.00, 24.117 
490.00, 24.416 
491.00, 24.718 
492.00, 25.018 
493.00, 25.315 
494.00, 25.61 
495.00, 25.906 
496.00, 26.203 
497.00, 26.498 
498.00, 26.798 
499.00, 27.108 
500.00, 27.433 
501.00, 27.762 
502.00, 28.079 
503.00, 28.38 
504.00, 28.672 
505.00, 28.961 
506.00, 29.248 
507.00, 29.53 
508.00, 29.817 
509.00, 30.121 
510.00, 30.447 
511.00, 30.782 
512.00, 31.107 
513.00, 31.414 
514.00, 31.712 
515.00, 32.017 
516.00, 32.34 
517.00, 32.677 
518.00, 33.019 
519.00, 33.358 
520.00, 33.699 
521.00, 34.039 
522.00, 34.371 
523.00, 34.684 
524.00, 34.989 
525.00, 35.303 
526.00, 35.646 
527.00, 36.013 
528.00, 36.385 
529.00, 36.741 
530.00, 37.086 
531.00, 37.424 
532.00, 37.752 
533.00, 38.065 
534.00, 38.368 
535.00, 38.674 
536.00, 38.994 
537.00, 39.325 
538.00, 39.658 
539.00, 39.986 
540.00, 40.306 
541.00, 40.626 
542.00, 40.956 
543.00, 41.3 
544.00, 41.655 
545.00, 42.01 
546.00, 42.358 
547.00, 42.699 
548.00, 43.044 
549.00, 43.404 
550.00, 43.79 
551.00, 44.183 
552.00, 44.558 
553.00, 44.899 
554.00, 45.222 
555.00, 45.55 
556.00, 45.904 
557.00, 46.279 
558.00, 46.658 
559.00, 47.024 
560.00, 47.374 
561.00, 47.719 
562.00, 48.067 
563.00, 48.421 
564.00, 48.778 
565.00, 49.136 
566.00, 49.491 
567.00, 49.847 
568.00, 50.201 
569.00, 50.555 
570.00, 50.908 
571.00, 51.26 
572.00, 51.61 
573.00, 51.957 
574.00, 52.303 
575.00, 52.646 
576.00, 52.988 
577.00, 53.327 
578.00, 53.665 
579.00, 53.999 
580.00, 54.329 
581.00, 54.658 
582.00, 54.987 
583.00, 55.319 
584.00, 55.653 
585.00, 55.988 
586.00, 56.326 
587.00, 56.665 
588.00, 57.007 
589.00, 57.355 
590.00, 57.712 
591.00, 58.073 
592.00, 58.434 
593.00, 58.795 
594.00, 59.156 
595.00, 59.516 
596.00, 59.869 
597.00, 60.217 
598.00, 60.563 
599.00, 60.911 
600.00, 61.264 
601.00, 61.619 
602.00, 61.968 
603.00, 62.307 
604.00, 62.638 
605.00, 62.971 
606.00, 63.312 
607.00, 63.663 
608.00, 64.016 
609.00, 64.362 
610.00, 64.7 
611.00, 65.034 
612.00, 65.364 
613.00, 65.688 
614.00, 66.006 
615.00, 66.326 
616.00, 66.653 
617.00, 66.984 
618.00, 67.321 
619.00, 67.67 
620.00, 68.04 
621.00, 68.421 
622.00, 68.789 
623.00, 69.125 
624.00, 69.44 
625.00, 69.757 
626.00, 70.1 
627.00, 70.463 
628.00, 70.843 
629.00, 71.237 
630.00, 71.658 
631.00, 72.097 
632.00, 72.524 
633.00, 72.919 
634.00, 73.296 
635.00, 73.667 
636.00, 74.042 
637.00, 74.419 
638.00, 74.797 
639.00, 75.179 
640.00, 75.58 
641.00, 75.987 
642.00, 76.368 
643.00, 76.695 
644.00, 76.982 
645.00, 77.27 
646.00, 77.6 
647.00, 77.985 
648.00, 78.388 
649.00, 78.765 
650.00, 79.1 
651.00, 79.418 
652.00, 79.734 
653.00, 80.062 
654.00, 80.394 
655.00, 80.727 
656.00, 81.057 
657.00, 81.373 
658.00, 81.695 
659.00, 82.047 
660.00, 82.454 
661.00, 82.9 
662.00, 83.352 
663.00, 83.781 
664.00, 84.201 
665.00, 84.625 
666.00, 85.064 
667.00, 85.52 
668.00, 85.986 
669.00, 86.452 
670.00, 86.918 
671.00, 87.387 
672.00, 87.853 
673.00, 88.317 
674.00, 88.78 
675.00, 89.237 
676.00, 89.68 
677.00, 90.111 
678.00, 90.532 
679.00, 90.948 
680.00, 91.364 
681.00, 91.776 
682.00, 92.17 
683.00, 92.532 
684.00, 92.865 
685.00, 93.191 
686.00, 93.531 
687.00, 93.883 
688.00, 94.241 
689.00, 94.606 
690.00, 94.982 
691.00, 95.368 
692.00, 95.751 
693.00, 96.119 
694.00, 96.473 
695.00, 96.831 
696.00, 97.213 
697.00, 97.628 
698.00, 98.059 
699.00, 98.487 
700.00, 98.904 
701.00, 99.318 
702.00, 99.733 
703.00, 100.15 
704.00, 100.57 
705.00, 100.99 
706.00, 101.4 
707.00, 101.78 
708.00, 102.16 
709.00, 102.54 
710.00, 102.95 
711.00, 103.37 
712.00, 103.77 
713.00, 104.13 
714.00, 104.46 
715.00, 104.78 
716.00, 105.11 
717.00, 105.44 
718.00, 105.77 
719.00, 106.09 
720.00, 106.41 
721.00, 106.72 
722.00, 107.02 
723.00, 107.29 
724.00, 107.53 
725.00, 107.77 
726.00, 108.04 
727.00, 108.34 
728.00, 108.66 
729.00, 108.98 
730.00, 109.3 
731.00, 109.62 
732.00, 109.93 
733.00, 110.2 
734.00, 110.44 
735.00, 110.67 
736.00, 110.92 
737.00, 111.17 
738.00, 111.44 
739.00, 111.69 
740.00, 111.91 
741.00, 112.13 
742.00, 112.35 
743.00, 112.57 
744.00, 112.8 
745.00, 113.03 
746.00, 113.25 
747.00, 113.45 
748.00, 113.64 
749.00, 113.84 
750.00, 114.05 
751.00, 114.27 
752.00, 114.48 
753.00, 114.65 
754.00, 114.79 
755.00, 114.93 
756.00, 115.08 
757.00, 115.25 
758.00, 115.44 
759.00, 115.63 
760.00, 115.83 
761.00, 116.05 
762.00, 116.26 
763.00, 116.44 
764.00, 116.6 
765.00, 116.76 
766.00, 116.93 
767.00, 117.11 
768.00, 117.31 
769.00, 117.5 
770.00, 117.68 
771.00, 117.87 
772.00, 118.05 
773.00, 118.2 
774.00, 118.34 
775.00, 118.47 
776.00, 118.62 
777.00, 118.81 
778.00, 119.01 
779.00, 119.16 
780.00, 119.25 
781.00, 119.32 
782.00, 119.39 
783.00, 119.48 
784.00, 119.57 
785.00, 119.66 
786.00, 119.73 
787.00, 119.79 
788.00, 119.85 
789.00, 119.89 
790.00, 119.94 
791.00, 119.99 
792.00, 120.02 
793.00, 120.02 
794.00, 120.01 
795.00,  120 
796.00,  120 
797.00, 120.01 
798.00, 120.03 
799.00, 120.07 
800.00, 120.12 
801.00, 120.21 
802.00, 120.3 
803.00, 120.37 
804.00, 120.42 
805.00, 120.47 
806.00, 120.54 
807.00, 120.66 
808.00, 120.78 
809.00, 120.86 
810.00, 120.9 
811.00, 120.92 
812.00, 120.95 
813.00,  121 
814.00, 121.06 
815.00, 121.13 
816.00, 121.22 
817.00, 121.36 
818.00, 121.52 
819.00, 121.6 
820.00, 121.62 
821.00, 121.63 
822.00, 121.64 
823.00, 121.67 
824.00, 121.72 
825.00, 121.78 
826.00, 121.84 
827.00, 121.91 
828.00, 121.98 
829.00, 122.05 
830.00, 122.11 
831.00, 122.17 
832.00, 122.23 
833.00, 122.3 
834.00, 122.39 
835.00, 122.45 
836.00, 122.47 
837.00, 122.47 
838.00, 122.48 
839.00, 122.48 
840.00, 122.51 
841.00, 122.55 
842.00, 122.6 
843.00, 122.65 
844.00, 122.71 
845.00, 122.76 
846.00, 122.79 
847.00, 122.8 
848.00, 122.82 
849.00, 122.84 
850.00, 122.85 
851.00, 122.87 
852.00, 122.9 
853.00, 122.93 
854.00, 122.98 
855.00, 123.03 
856.00, 123.05 
857.00, 123.07 
858.00, 123.09 
859.00, 123.09 
860.00, 123.08 
861.00, 123.07 
862.00, 123.06 
863.00, 123.07 
864.00, 123.09 
865.00, 123.12 
866.00, 123.13 
867.00, 123.14 
868.00, 123.15 
869.00, 123.16 
870.00, 123.17 
871.00, 123.19 
872.00, 123.21 
873.00, 123.23 
874.00, 123.26 
875.00, 123.28 
876.00, 123.31 
877.00, 123.33 
878.00, 123.36 
879.00, 123.41 
880.00, 123.47 
881.00, 123.55 
882.00, 123.63 
883.00, 123.71 
884.00, 123.79 
885.00, 123.83 
886.00, 123.82 
887.00, 123.8 
888.00, 123.77 
889.00, 123.79 
890.00, 123.98 
891.00, 124.23 
892.00, 124.41 
893.00, 124.51 
894.00, 124.59 
895.00, 124.67 
896.00, 124.76 
897.00, 124.86 
898.00, 124.95 
899.00, 125.04 
900.00, 125.11 
901.00, 125.18 
902.00, 125.27 
903.00, 125.4 
904.00, 125.54 
905.00, 125.63 
906.00, 125.66 
907.00, 125.68 
908.00, 125.71 
909.00, 125.75 
910.00, 125.83 
911.00, 125.89 
912.00, 125.9 
913.00, 125.83 
914.00, 125.74 
915.00, 125.7 
916.00, 125.72 
917.00, 125.77 
918.00, 125.84 
919.00, 125.93 
920.00, 126.07 
921.00, 126.17 
922.00, 126.19 
923.00, 126.19 
924.00, 126.19 
925.00, 126.19 
926.00, 126.12 
927.00, 126.02 
928.00, 125.96 
929.00, 126.08 
930.00, 126.36 
931.00, 126.59 
932.00, 126.62 
933.00, 126.6 
934.00, 126.57 
935.00, 126.54 
936.00, 126.42 
937.00, 126.28 
938.00, 126.22 
939.00, 126.31 
940.00, 126.49 
941.00, 126.61 
942.00, 126.62 
943.00, 126.61 
944.00, 126.6 
945.00, 126.61 
946.00, 126.7 
947.00, 126.83 
948.00, 126.93 
949.00,  127 
950.00, 127.06 
951.00, 127.12 
952.00, 127.18 
953.00, 127.24 
954.00, 127.31 
955.00, 127.39 
956.00, 127.48 
957.00, 127.58 
958.00, 127.71 
959.00, 127.88 
960.00, 128.07 
961.00, 128.21 
962.00, 128.3 
963.00, 128.36 
964.00, 128.42 
965.00, 128.47 
966.00, 128.5 
967.00, 128.54 
968.00, 128.61 
969.00, 128.73 
970.00, 128.87 
971.00, 128.98 
972.00, 129.06 
973.00, 129.13 
974.00, 129.21 
975.00, 129.37 
976.00, 129.58 
977.00, 129.73 
978.00, 129.73 
979.00, 129.65 
980.00, 129.56 
981.00, 129.56 
982.00, 129.82 
983.00, 130.18 
984.00, 130.4 
985.00, 130.51 
986.00, 130.58 
987.00, 130.62 
988.00, 130.52 
989.00, 130.23 
990.00, 129.97 
991.00, 129.96 
992.00, 130.12 
993.00, 130.3 
994.00, 130.35 
995.00, 130.27 
996.00, 130.16 
997.00, 130.1 
998.00, 130.4 
999.00, 131.01 
1000.00, 131.46 
1001.00, 131.33 
1002.00, 130.8 
1003.00, 130.3 
1004.00, 130.24 
1005.00, 130.52 
1006.00, 130.91 
1007.00, 131.25 
1008.00, 131.56 
1009.00, 131.85 
1010.00, 132.04 
1011.00, 132.14 
1012.00, 132.21 
1013.00, 132.24 
1014.00, 132.21 
1015.00, 132.05 
1016.00, 131.89 
1017.00, 131.87 
1018.00, 132.01 
1019.00, 132.18 
1020.00, 132.24 
1021.00, 132.08 
1022.00, 131.83 
1023.00, 131.67 
1024.00, 131.89 
1025.00, 132.45 
1026.00, 132.89 
1027.00, 132.87 
1028.00, 132.6 
1029.00, 132.32 
1030.00, 132.27 
1031.00, 132.55 
1032.00, 132.92 
1033.00, 133.09 
1034.00, 133.12 
1035.00, 133.14 
1036.00, 133.14 
1037.00, 133.08 
1038.00, 132.93 
1039.00, 132.8 
1040.00, 132.79 
1041.00, 132.81 
1042.00, 132.84 
1043.00, 132.88 
1044.00, 132.91 
1045.00, 132.95 
1046.00, 132.98 
1047.00, 133.01 
1048.00, 133.04 
1049.00, 133.07 
1050.00, 133.11 
1051.00, 133.14 
1052.00, 133.19 
1053.00, 133.25 
1054.00, 133.31 
1055.00, 133.36 
1056.00, 133.39 
1057.00, 133.41 
1058.00, 133.41 
1059.00, 133.4 
1060.00, 133.4 
1061.00, 133.4 
1062.00, 133.4 
1063.00, 133.4 
1064.00, 133.4 
1065.00, 133.4 
1066.00, 133.41 
1067.00, 133.42 
1068.00, 133.43 
1069.00, 133.44 
1070.00, 133.45 
1071.00, 133.47 
1072.00, 133.5 
1073.00, 133.52 
1074.00, 133.54 
1075.00, 133.55 
1076.00, 133.54 
1077.00, 133.53 
1078.00, 133.51 
1079.00, 133.48 
1080.00, 133.45 
1081.00, 133.43 
1082.00, 133.41 
1083.00, 133.38 
1084.00, 133.35 
1085.00, 133.32 
1086.00, 133.3 
1087.00, 133.29 
1088.00, 133.29 
1089.00, 133.29 
1090.00, 133.29 
1091.00, 133.29 
1092.00, 133.29 
1093.00, 133.29 
1094.00, 133.29 
1095.00, 133.3 
1096.00, 133.31 
1097.00, 133.32 
1098.00, 133.32 
1099.00, 133.33 
1100.00, 133.32 
1101.00, 133.3 
1102.00, 133.26 
1103.00, 133.21 
1104.00, 133.16 
1105.00, 133.1 
1106.00, 133.05 
1107.00, 132.98 
1108.00, 132.9 
1109.00, 132.82 
1110.00, 132.74 
1111.00, 132.66 
1112.00, 132.57 
1113.00, 132.48 
1114.00, 132.39 
1115.00, 132.29 
1116.00, 132.2 
1117.00, 132.11 
1118.00, 132.03 
1119.00, 131.95 
1120.00, 131.87 
1121.00, 131.79 
1122.00, 131.73 
1123.00, 131.67 
1124.00, 131.63 
1125.00, 131.59 
1126.00, 131.56 
1127.00, 131.53 
1128.00, 131.51 
1129.00, 131.5 
1130.00, 131.49 
1131.00, 131.48 
1132.00, 131.48 
1133.00, 131.47 
1134.00, 131.47 
1135.00, 131.46 
1136.00, 131.45 
1137.00, 131.44 
1138.00, 131.42 
1139.00, 131.41 
1140.00, 131.4 
1141.00, 131.4 
1142.00, 131.4 
1143.00, 131.4 
1144.00, 131.4 
1145.00, 131.4 
1146.00, 131.4 
1147.00, 131.4 
1148.00, 131.41 
1149.00, 131.42 
1150.00, 131.45 
1151.00, 131.47 
1152.00, 131.5 
1153.00, 131.52 
1154.00, 131.55 
1155.00, 131.59 
1156.00, 131.62 
1157.00, 131.64 
1158.00, 131.66 
1159.00, 131.66 
1160.00, 131.64 
1161.00, 131.6 
1162.00, 131.55 
1163.00, 131.49 
1164.00, 131.43 
1165.00, 131.35 
1166.00, 131.24 
1167.00, 131.09 
1168.00, 130.92 
1169.00, 130.76 
1170.00, 130.6 
1171.00, 130.45 
1172.00, 130.28 
1173.00, 130.11 
1174.00, 129.95 
1175.00, 129.83 
1176.00, 129.75 
1177.00, 129.7 
1178.00, 129.65 
1179.00, 129.61 
1180.00, 129.58 
1181.00, 129.56 
1182.00, 129.56 
1183.00, 129.61 
1184.00, 129.7 
1185.00, 129.82 
1186.00, 129.95 
1187.00, 130.09 
1188.00, 130.21 
1189.00, 130.35 
1190.00, 130.52 
1191.00, 130.67 
1192.00, 130.8 
1193.00, 130.89 
1194.00, 130.92 
1195.00, 130.94 
1196.00, 130.96 
1197.00, 130.97 
1198.00, 130.98 
1199.00, 130.98 
1200.00, 130.95 
1201.00, 130.86 
1202.00, 130.71 
1203.00, 130.54 
1204.00, 130.35 
1205.00, 130.18 
1206.00, 129.99 
1207.00, 129.77 
1208.00, 129.54 
1209.00, 129.31 
1210.00, 129.1 
1211.00, 128.92 
1212.00, 128.75 
1213.00, 128.6 
1214.00, 128.45 
1215.00, 128.31 
1216.00, 128.19 
1217.00, 128.08 
1218.00, 127.98 
1219.00, 127.88 
1220.00, 127.79 
1221.00, 127.71 
1222.00, 127.64 
1223.00, 127.59 
1224.00, 127.55 
1225.00, 127.51 
1226.00, 127.48 
1227.00, 127.44 
1228.00, 127.4 
1229.00, 127.35 
1230.00, 127.31 
1231.00, 127.26 
1232.00, 127.2 
1233.00, 127.14 
1234.00, 127.07 
1235.00, 126.99 
1236.00, 126.9 
1237.00, 126.8 
1238.00, 126.7 
1239.00, 126.59 
1240.00, 126.48 
1241.00, 126.35 
1242.00, 126.22 
1243.00, 126.09 
1244.00, 125.97 
1245.00, 125.85 
1246.00, 125.74 
1247.00, 125.63 
1248.00, 125.52 
1249.00, 125.42 
1250.00, 125.32 
1251.00, 125.24 
1252.00, 125.16 
1253.00, 125.08 
1254.00, 125.01 
1255.00, 124.95 
1256.00, 124.88 
1257.00, 124.82 
1258.00, 124.77 
1259.00, 124.72 
1260.00, 124.67 
1261.00, 124.62 
1262.00, 124.57 
1263.00, 124.52 
1264.00, 124.48 
1265.00, 124.44 
1266.00, 124.39 
1267.00, 124.33 
1268.00, 124.25 
1269.00, 124.13 
1270.00, 123.99 
1271.00, 123.82 
1272.00, 123.65 
1273.00, 123.5 
1274.00, 123.35 
1275.00, 123.21 
1276.00, 123.06 
1277.00, 122.93 
1278.00, 122.81 
1279.00, 122.73 
1280.00, 122.65 
1281.00, 122.59 
1282.00, 122.53 
1283.00, 122.48 
1284.00, 122.44 
1285.00, 122.4 
1286.00, 122.37 
1287.00, 122.34 
1288.00, 122.31 
1289.00, 122.28 
1290.00, 122.24 
1291.00, 122.15 
1292.00, 122.02 
1293.00, 121.85 
1294.00, 121.68 
1295.00, 121.51 
1296.00, 121.37 
1297.00, 121.24 
1298.00, 121.11 
1299.00, 120.99 
1300.00, 120.86 
1301.00, 120.74 
1302.00, 120.62 
1303.00, 120.51 
1304.00, 120.39 
1305.00, 120.28 
1306.00, 120.17 
1307.00, 120.05 
1308.00, 119.93 
1309.00, 119.82 
1310.00, 119.7 
1311.00, 119.58 
1312.00, 119.46 
1313.00, 119.34 
1314.00, 119.21 
1315.00, 119.08 
1316.00, 118.95 
1317.00, 118.83 
1318.00, 118.7 
1319.00, 118.57 
1320.00, 118.45 
1321.00, 118.33 
1322.00, 118.21 
1323.00, 118.08 
1324.00, 117.95 
1325.00, 117.81 
1326.00, 117.67 
1327.00, 117.53 
1328.00, 117.38 
1329.00, 117.24 
1330.00, 117.09 
1331.00, 116.95 
1332.00, 116.8 
1333.00, 116.64 
1334.00, 116.46 
1335.00, 116.26 
1336.00, 116.03 
1337.00, 115.78 
1338.00, 115.5 
1339.00, 115.2 
1340.00, 114.89 
1341.00, 114.55 
1342.00, 114.18 
1343.00, 113.78 
1344.00, 113.36 
1345.00, 112.93 
1346.00, 112.48 
1347.00, 111.99 
1348.00, 111.48 
1349.00, 110.96 
1350.00, 110.45 
1351.00, 109.98 
1352.00, 109.53 
1353.00, 109.08 
1354.00, 108.65 
1355.00, 108.25 
1356.00, 107.89 
1357.00, 107.58 
1358.00, 107.28 
1359.00, 106.99 
1360.00, 106.74 
1361.00, 106.55 
1362.00, 106.45 
1363.00, 106.38 
1364.00, 106.33 
1365.00, 106.28 
1366.00, 106.25 
1367.00, 106.22 
1368.00, 106.19 
1369.00, 106.17 
1370.00, 106.15 
1371.00, 106.14 
1372.00, 106.11 
1373.00, 106.08 
1374.00, 106.01 
1375.00, 105.92 
1376.00, 105.8 
1377.00, 105.67 
1378.00, 105.54 
1379.00, 105.4 
1380.00, 105.23 
1381.00, 105.05 
1382.00, 104.86 
1383.00, 104.67 
1384.00, 104.49 
1385.00, 104.31 
1386.00, 104.13 
1387.00, 103.95 
1388.00, 103.77 
1389.00, 103.6 
1390.00, 103.43 
1391.00, 103.26 
1392.00, 103.1 
1393.00, 102.94 
1394.00, 102.78 
1395.00, 102.62 
1396.00, 102.46 
1397.00, 102.31 
1398.00, 102.16 
1399.00,  102 
1400.00, 101.84 
1401.00, 101.68 
1402.00, 101.51 
1403.00, 101.35 
1404.00, 101.19 
1405.00, 101.03 
1406.00, 100.89 
1407.00, 100.75 
1408.00, 100.61 
1409.00, 100.48 
1410.00, 100.34 
1411.00, 100.19 
1412.00, 100.04 
1413.00, 99.882 
1414.00, 99.724 
1415.00, 99.566 
1416.00, 99.41 
1417.00, 99.254 
1418.00, 99.098 
1419.00, 98.943 
1420.00, 98.789 
1421.00, 98.638 
1422.00, 98.486 
1423.00, 98.326 
1424.00, 98.169 
1425.00, 98.024 
1426.00, 97.902 
1427.00, 97.807 
1428.00, 97.715 
1429.00, 97.63 
1430.00, 97.561 
1431.00, 97.515 
1432.00, 97.502 
1433.00, 97.513 
1434.00, 97.536 
1435.00, 97.567 
1436.00, 97.599 
1437.00, 97.627 
1438.00, 97.652 
1439.00, 97.68 
1440.00, 97.708 
1441.00, 97.73 
1442.00, 97.743 
1443.00, 97.743 
1444.00, 97.731 
1445.00, 97.709 
1446.00, 97.679 
1447.00, 97.645 
1448.00, 97.607 
1449.00, 97.549 
1450.00, 97.469 
1451.00, 97.379 
1452.00, 97.288 
1453.00, 97.206 
1454.00, 97.136 
1455.00, 97.07 
1456.00, 97.007 
1457.00, 96.941 
1458.00, 96.869 
1459.00, 96.787 
1460.00, 96.69 
1461.00, 96.586 
1462.00, 96.485 
1463.00, 96.396 
1464.00, 96.329 
1465.00, 96.274 
1466.00, 96.226 
1467.00, 96.183 
1468.00, 96.14 
1469.00, 96.097 
1470.00, 96.052 
1471.00, 96.008 
1472.00, 95.964 
1473.00, 95.924 
1474.00, 95.887 
1475.00, 95.856 
1476.00, 95.83 
1477.00, 95.806 
1478.00, 95.78 
1479.00, 95.749 
1480.00, 95.708 
1481.00, 95.653 
1482.00, 95.587 
1483.00, 95.516 
1484.00, 95.443 
1485.00, 95.372 
1486.00, 95.302 
1487.00, 95.23 
1488.00, 95.154 
1489.00, 95.074 
1490.00, 94.986 
1491.00, 94.887 
1492.00, 94.776 
1493.00, 94.661 
1494.00, 94.545 
1495.00, 94.435 
1496.00, 94.332 
1497.00, 94.231 
1498.00, 94.131 
1499.00, 94.033 
1500.00, 93.938 
1501.00, 93.845 
1502.00, 93.756 
1503.00, 93.668 
1504.00, 93.581 
1505.00, 93.491 
1506.00, 93.396 
1507.00, 93.296 
1508.00, 93.194 
1509.00, 93.091 
1510.00, 92.989 
1511.00, 92.892 
1512.00, 92.799 
1513.00, 92.707 
1514.00, 92.617 
1515.00, 92.526 
1516.00, 92.434 
1517.00, 92.343 
1518.00, 92.252 
1519.00, 92.16 
1520.00, 92.065 
1521.00, 91.964 
1522.00, 91.857 
1523.00, 91.743 
1524.00, 91.625 
1525.00, 91.504 
1526.00, 91.383 
1527.00, 91.26 
1528.00, 91.132 
1529.00, 91.003 
1530.00, 90.877 
1531.00, 90.759 
1532.00, 90.652 
1533.00, 90.552 
1534.00, 90.457 
1535.00, 90.366 
1536.00, 90.275 
1537.00, 90.186 
1538.00, 90.099 
1539.00, 90.015 
1540.00, 89.931 
1541.00, 89.844 
1542.00, 89.751 
1543.00, 89.651 
1544.00, 89.547 
1545.00, 89.441 
1546.00, 89.337 
1547.00, 89.239 
1548.00, 89.147 
1549.00, 89.06 
1550.00, 88.973 
1551.00, 88.885 
1552.00, 88.791 
1553.00, 88.693 
1554.00, 88.592 
1555.00, 88.487 
1556.00, 88.378 
1557.00, 88.265 
1558.00, 88.145 
1559.00, 88.019 
1560.00, 87.888 
1561.00, 87.753 
1562.00, 87.615 
1563.00, 87.474 
1564.00, 87.323 
1565.00, 87.17 
1566.00, 87.019 
1567.00, 86.876 
1568.00, 86.745 
1569.00, 86.621 
1570.00, 86.502 
1571.00, 86.386 
1572.00, 86.271 
1573.00, 86.156 
1574.00, 86.042 
1575.00, 85.929 
1576.00, 85.818 
1577.00, 85.706 
1578.00, 85.595 
1579.00, 85.483 
1580.00, 85.372 
1581.00, 85.262 
1582.00, 85.151 
1583.00, 85.04 
1584.00, 84.933 
1585.00, 84.826 
1586.00, 84.718 
1587.00, 84.604 
1588.00, 84.482 
1589.00, 84.349 
1590.00, 84.208 
1591.00, 84.063 
1592.00, 83.918 
1593.00, 83.777 
1594.00, 83.636 
1595.00, 83.494 
1596.00, 83.354 
1597.00, 83.216 
1598.00, 83.083 
1599.00, 82.956 
1600.00, 82.832 
1601.00, 82.71 
1602.00, 82.587 
1603.00, 82.462 
1604.00, 82.337 
1605.00, 82.212 
1606.00, 82.086 
1607.00, 81.954 
1608.00, 81.815 
1609.00, 81.664 
1610.00, 81.501 
1611.00, 81.335 
1612.00, 81.173 
1613.00, 81.023 
1614.00, 80.888 
1615.00, 80.761 
1616.00, 80.637 
1617.00, 80.51 
1618.00, 80.374 
1619.00, 80.228 
1620.00, 80.076 
1621.00, 79.917 
1622.00, 79.753 
1623.00, 79.583 
1624.00, 79.402 
1625.00, 79.209 
1626.00, 79.011 
1627.00, 78.816 
1628.00, 78.63 
1629.00, 78.453 
1630.00, 78.28 
1631.00, 78.11 
1632.00, 77.946 
1633.00, 77.789 
1634.00, 77.641 
1635.00, 77.503 
1636.00, 77.367 
1637.00, 77.228 
1638.00, 77.078 
1639.00, 76.913 
1640.00, 76.737 
1641.00, 76.554 
1642.00, 76.37 
1643.00, 76.191 
1644.00, 76.017 
1645.00, 75.843 
1646.00, 75.671 
1647.00, 75.501 
1648.00, 75.332 
1649.00, 75.168 
1650.00, 75.008 
1651.00, 74.849 
1652.00, 74.687 
1653.00, 74.518 
1654.00, 74.344 
1655.00, 74.166 
1656.00, 73.983 
1657.00, 73.793 
1658.00, 73.594 
1659.00, 73.383 
1660.00, 73.16 
1661.00, 72.929 
1662.00, 72.694 
1663.00, 72.458 
1664.00, 72.221 
1665.00, 71.98 
1666.00, 71.736 
1667.00, 71.489 
1668.00, 71.24 
1669.00, 70.988 
1670.00, 70.733 
1671.00, 70.476 
1672.00, 70.218 
1673.00, 69.961 
1674.00, 69.702 
1675.00, 69.442 
1676.00, 69.183 
1677.00, 68.926 
1678.00, 68.674 
1679.00, 68.416 
1680.00, 68.156 
1681.00, 67.906 
1682.00, 67.675 
1683.00, 67.474 
1684.00, 67.283 
1685.00, 67.102 
1686.00, 66.941 
1687.00, 66.811 
1688.00, 66.721 
1689.00, 66.649 
1690.00, 66.587 
1691.00, 66.536 
1692.00, 66.499 
1693.00, 66.476 
1694.00, 66.463 
1695.00, 66.454 
1696.00, 66.444 
1697.00, 66.431 
1698.00, 66.408 
1699.00, 66.361 
1700.00, 66.295 
1701.00, 66.218 
1702.00, 66.137 
1703.00, 66.06 
1704.00, 65.977 
1705.00, 65.888 
1706.00, 65.792 
1707.00, 65.686 
1708.00, 65.571 
1709.00, 65.442 
1710.00, 65.3 
1711.00, 65.147 
1712.00, 64.983 
1713.00, 64.805 
1714.00, 64.606 
1715.00, 64.392 
1716.00, 64.168 
1717.00, 63.941 
1718.00, 63.704 
1719.00, 63.447 
1720.00, 63.186 
1721.00, 62.937 
1722.00, 62.715 
1723.00, 62.518 
1724.00, 62.33 
1725.00, 62.156 
1726.00, 62.001 
1727.00, 61.871 
1728.00, 61.747 
1729.00, 61.625 
1730.00, 61.522 
1731.00, 61.453 
1732.00, 61.434 
1733.00, 61.437 
1734.00, 61.443 
1735.00, 61.452 
1736.00, 61.464 
1737.00, 61.479 
1738.00, 61.52 
1739.00, 61.585 
1740.00, 61.664 
1741.00, 61.75 
1742.00, 61.838 
1743.00, 61.947 
1744.00, 62.07 
1745.00, 62.194 
1746.00, 62.304 
1747.00, 62.394 
1748.00, 62.478 
1749.00, 62.556 
1750.00, 62.624 
1751.00, 62.677 
1752.00, 62.718 
1753.00, 62.757 
1754.00, 62.79 
1755.00, 62.813 
1756.00, 62.823 
1757.00, 62.813 
1758.00, 62.78 
1759.00, 62.732 
1760.00, 62.675 
1761.00, 62.614 
1762.00, 62.541 
1763.00, 62.447 
1764.00, 62.338 
1765.00, 62.221 
1766.00, 62.1 
1767.00, 61.967 
1768.00, 61.819 
1769.00, 61.664 
1770.00, 61.506 
1771.00, 61.349 
1772.00, 61.187 
1773.00, 61.02 
1774.00, 60.854 
1775.00, 60.694 
1776.00, 60.544 
1777.00, 60.397 
1778.00, 60.255 
1779.00, 60.119 
1780.00, 59.992 
1781.00, 59.873 
1782.00, 59.764 
1783.00, 59.659 
1784.00, 59.557 
1785.00, 59.454 
1786.00, 59.353 
1787.00, 59.256 
1788.00, 59.158 
1789.00, 59.055 
1790.00, 58.944 
1791.00, 58.825 
1792.00, 58.698 
1793.00, 58.563 
1794.00, 58.418 
1795.00, 58.26 
1796.00, 58.083 
1797.00, 57.889 
1798.00, 57.684 
1799.00, 57.474 
1800.00, 57.262 
1801.00, 57.044 
1802.00, 56.82 
1803.00, 56.589 
1804.00, 56.353 
1805.00, 56.112 
1806.00, 55.861 
1807.00, 55.606 
1808.00, 55.348 
1809.00, 55.091 
1810.00, 54.836 
1811.00, 54.581 
1812.00, 54.325 
1813.00, 54.068 
1814.00, 53.812 
1815.00, 53.551 
1816.00, 53.287 
1817.00, 53.027 
1818.00, 52.778 
1819.00, 52.546 
1820.00, 52.327 
1821.00, 52.117 
1822.00, 51.914 
1823.00, 51.714 
1824.00, 51.514 
1825.00, 51.317 
1826.00, 51.123 
1827.00, 50.933 
1828.00, 50.748 
1829.00, 50.567 
1830.00, 50.389 
1831.00, 50.215 
1832.00, 50.047 
1833.00, 49.886 
1834.00, 49.731 
1835.00, 49.58 
1836.00, 49.434 
1837.00, 49.296 
1838.00, 49.165 
1839.00, 49.044 
1840.00, 48.931 
1841.00, 48.819 
1842.00, 48.704 
1843.00, 48.582 
1844.00, 48.459 
1845.00, 48.334 
1846.00, 48.204 
1847.00, 48.069 
1848.00, 47.924 
1849.00, 47.767 
1850.00, 47.606 
1851.00, 47.447 
1852.00, 47.297 
1853.00, 47.154 
1854.00, 47.015 
1855.00, 46.88 
1856.00, 46.749 
1857.00, 46.621 
1858.00, 46.5 
1859.00, 46.384 
1860.00, 46.266 
1861.00, 46.143 
1862.00, 46.011 
1863.00, 45.871 
1864.00, 45.725 
1865.00, 45.574 
1866.00, 45.42 
1867.00, 45.256 
1868.00, 45.078 
1869.00, 44.9 
1870.00, 44.735 
1871.00, 44.594 
1872.00, 44.474 
1873.00, 44.365 
1874.00, 44.265 
1875.00, 44.17 
1876.00, 44.079 
1877.00, 44.001 
1878.00, 43.928 
1879.00, 43.851 
1880.00, 43.76 
1881.00, 43.646 
1882.00, 43.506 
1883.00, 43.346 
1884.00, 43.173 
1885.00, 42.994 
1886.00, 42.798 
1887.00, 42.581 
1888.00, 42.355 
1889.00, 42.131 
1890.00, 41.919 
1891.00, 41.714 
1892.00, 41.512 
1893.00, 41.314 
1894.00, 41.12 
1895.00, 40.93 
1896.00, 40.742 
1897.00, 40.557 
1898.00, 40.381 
1899.00, 40.216 
1900.00, 40.063 
1901.00, 39.918 
1902.00, 39.781 
1903.00, 39.652 
1904.00, 39.532 
1905.00, 39.421 
1906.00, 39.318 
1907.00, 39.22 
1908.00, 39.124 
1909.00, 39.031 
1910.00, 38.943 
1911.00, 38.858 
1912.00, 38.771 
1913.00, 38.678 
1914.00, 38.573 
1915.00, 38.457 
1916.00, 38.337 
1917.00, 38.22 
1918.00, 38.113 
1919.00, 38.013 
1920.00, 37.916 
1921.00, 37.823 
1922.00, 37.736 
1923.00, 37.654 
1924.00, 37.577 
1925.00, 37.503 
1926.00, 37.434 
1927.00, 37.37 
1928.00, 37.311 
1929.00, 37.256 
1930.00, 37.205 
1931.00, 37.156 
1932.00, 37.108 
1933.00, 37.062 
1934.00, 37.02 
1935.00, 36.977 
1936.00, 36.933 
1937.00, 36.886 
1938.00, 36.838 
1939.00, 36.788 
1940.00, 36.734 
1941.00, 36.676 
1942.00, 36.61 
1943.00, 36.537 
1944.00, 36.459 
1945.00, 36.376 
1946.00, 36.291 
1947.00, 36.199 
1948.00, 36.101 
1949.00, 36.001 
1950.00, 35.904 
1951.00, 35.811 
1952.00, 35.721 
1953.00, 35.633 
1954.00, 35.545 
1955.00, 35.456 
1956.00, 35.366 
1957.00, 35.276 
1958.00, 35.185 
1959.00, 35.092 
1960.00, 34.995 
1961.00, 34.895 
1962.00, 34.792 
1963.00, 34.685 
1964.00, 34.573 
1965.00, 34.456 
1966.00, 34.331 
1967.00, 34.201 
1968.00, 34.068 
1969.00, 33.932 
1970.00, 33.795 
1971.00, 33.655 
1972.00, 33.511 
1973.00, 33.363 
1974.00, 33.21 
1975.00, 33.052 
1976.00, 32.887 
1977.00, 32.719 
1978.00, 32.548 
1979.00, 32.374 
1980.00, 32.196 
1981.00, 32.015 
1982.00, 31.831 
1983.00, 31.647 
1984.00, 31.459 
1985.00, 31.269 
1986.00, 31.078 
1987.00, 30.889 
1988.00, 30.705 
1989.00, 30.525 
1990.00, 30.348 
1991.00, 30.171 
1992.00, 29.992 
1993.00, 29.811 
1994.00, 29.629 
1995.00, 29.445 
1996.00, 29.263 
1997.00, 29.082 
1998.00, 28.903 
1999.00, 28.726 
2000.00, 28.549 
2001.00, 28.371 
2002.00, 28.191 
2003.00, 28.009 
2004.00, 27.827 
2005.00, 27.643 
2006.00, 27.456 
2007.00, 27.268 
2008.00, 27.078 
2009.00, 26.885 
2010.00, 26.689 
2011.00, 26.49 
2012.00, 26.287 
2013.00, 26.082 
2014.00, 25.873 
2015.00, 25.66 
2016.00, 25.443 
2017.00, 25.218 
2018.00, 24.991 
2019.00, 24.765 
2020.00, 24.544 
2021.00, 24.326 
2022.00, 24.109 
2023.00, 23.896 
2024.00, 23.691 
2025.00, 23.495 
2026.00, 23.305 
2027.00, 23.121 
2028.00, 22.944 
2029.00, 22.772 
2030.00, 22.608 
2031.00, 22.452 
2032.00, 22.299 
2033.00, 22.146 
2034.00, 21.987 
2035.00, 21.824 
2036.00, 21.659 
2037.00, 21.494 
2038.00, 21.333 
2039.00, 21.176 
2040.00, 21.021 
2041.00, 20.868 
2042.00, 20.719 
2043.00, 20.575 
2044.00, 20.436 
2045.00, 20.301 
2046.00, 20.168 
2047.00, 20.034 
2048.00, 19.897 
2049.00, 19.757 
2050.00, 19.617 
2051.00, 19.478 
2052.00, 19.342 
2053.00, 19.209 
2054.00, 19.075 
2055.00, 18.946 
2056.00, 18.825 
2057.00, 18.716 
2058.00, 18.617 
2059.00, 18.524 
2060.00, 18.435 
2061.00, 18.349 
2062.00, 18.265 
2063.00, 18.187 
2064.00, 18.109 
2065.00, 18.031 
2066.00, 17.947 
2067.00, 17.859 
2068.00, 17.768 
2069.00, 17.676 
2070.00, 17.582 
2071.00, 17.487 
2072.00, 17.391 
2073.00, 17.293 
2074.00, 17.195 
2075.00, 17.099 
2076.00, 17.005 
2077.00, 16.91 
2078.00, 16.817 
2079.00, 16.724 
2080.00, 16.634 
2081.00, 16.546 
2082.00, 16.459 
2083.00, 16.371 
2084.00, 16.282 
2085.00, 16.19 
2086.00, 16.098 
2087.00, 16.004 
2088.00, 15.908 
2089.00, 15.807 
2090.00, 15.7 
2091.00, 15.589 
2092.00, 15.479 
2093.00, 15.373 
2094.00, 15.273 
2095.00, 15.175 
2096.00, 15.079 
2097.00, 14.988 
2098.00, 14.903 
2099.00, 14.825 
2100.00, 14.752 
2101.00, 14.679 
2102.00, 14.601 
2103.00, 14.517 
2104.00, 14.426 
2105.00, 14.333 
2106.00, 14.239 
2107.00, 14.149 
2108.00, 14.056 
2109.00, 13.962 
2110.00, 13.874 
2111.00, 13.798 
2112.00, 13.738 
2113.00, 13.689 
2114.00, 13.646 
2115.00, 13.603 
2116.00, 13.558 
2117.00, 13.512 
2118.00, 13.468 
2119.00, 13.421 
2120.00, 13.366 
2121.00, 13.298 
2122.00, 13.205 
2123.00, 13.099 
2124.00, 12.993 
2125.00, 12.9 
2126.00, 12.822 
2127.00, 12.749 
2128.00, 12.681 
2129.00, 12.616 
2130.00, 12.555 
2131.00, 12.496 
2132.00, 12.439 
2133.00, 12.387 
2134.00, 12.337 
2135.00, 12.29 
2136.00, 12.243 
2137.00, 12.2 
2138.00, 12.165 
2139.00, 12.139 
2140.00, 12.116 
2141.00, 12.095 
2142.00, 12.08 
2143.00, 12.074 
2144.00, 12.085 
2145.00, 12.124 
2146.00, 12.179 
2147.00, 12.24 
2148.00, 12.3 
2149.00, 12.368 
2150.00, 12.446 
2151.00, 12.526 
2152.00, 12.602 
2153.00, 12.67 
2154.00, 12.733 
2155.00, 12.795 
2156.00, 12.861 
2157.00, 12.935 
2158.00, 13.021 
2159.00, 13.116 
2160.00, 13.213 
2161.00, 13.307 
2162.00, 13.396 
2163.00, 13.485 
2164.00, 13.572 
2165.00, 13.655 
2166.00, 13.729 
2167.00, 13.799 
2168.00, 13.866 
2169.00, 13.927 
2170.00, 13.981 
2171.00, 14.026 
2172.00, 14.062 
2173.00, 14.095 
2174.00, 14.131 
2175.00, 14.177 
2176.00, 14.238 
2177.00, 14.313 
2178.00, 14.397 
2179.00, 14.487 
2180.00, 14.582 
2181.00, 14.689 
2182.00, 14.805 
2183.00, 14.927 
2184.00, 15.052 
2185.00, 15.189 
2186.00, 15.337 
2187.00, 15.483 
2188.00, 15.614 
2189.00, 15.723 
2190.00, 15.82 
2191.00, 15.908 
2192.00, 15.989 
2193.00, 16.065 
2194.00, 16.133 
2195.00, 16.195 
2196.00, 16.255 
2197.00, 16.318 
2198.00, 16.385 
2199.00, 16.452 
2200.00, 16.522 
2201.00, 16.599 
2202.00, 16.687 
2203.00, 16.804 
2204.00, 16.946 
2205.00, 17.095 
2206.00, 17.229 
2207.00, 17.334 
2208.00, 17.43 
2209.00, 17.519 
2210.00, 17.592 
2211.00, 17.645 
2212.00, 17.682 
2213.00, 17.712 
2214.00, 17.736 
2215.00, 17.758 
2216.00, 17.779 
2217.00, 17.798 
2218.00, 17.815 
2219.00, 17.83 
2220.00, 17.843 
